	90763_231C_S65_L001_R1_001	90763_232C_S66_L001_R1_001	90763_236C_S67_L001_R1_001	90763_237C_S68_L001_R1_001	90763_238C_S69_L001_R1_001	90768_005C_S70_L001_R1_001	90768_009C_S71_L001_R1_001	90768_014C_S72_L001_R1_001	90768_015C_S73_L001_R1_001	90768_018C_S74_L001_R1_001	90768_027C_S75_L001_R1_001	90768_029C_S76_L001_R1_001	90768_034C_S77_L001_R1_001	90768_040C_S78_L001_R1_001	90768_042C_S79_L001_R1_001	90768_044C_S80_L001_R1_001	90768_054C_S81_L001_R1_001	90768_055C_S82_L001_R1_001	90768_056C_S83_L001_R1_001	90768_057C_S84_L001_R1_001	90768_061C_S85_L001_R1_001	90768_064C_S86_L001_R1_001	90768_067C_S87_L001_R1_001	90768_075C_S88_L001_R1_001	90768_076C_S89_L001_R1_001	90768_077C_S90_L001_R1_001	90768_078C_S91_L001_R1_001	90768_083C_S92_L001_R1_001	90768_084C_S93_L001_R1_001	90768_088C_S94_L001_R1_001	90768_090C_S95_L001_R1_001	90768_104C_S96_L001_R1_001
Tpa_0010	9,0	3,1	7,0	6,0	12,0	1,0	0,0	1,0	8,0	1,0	4,2	2,0	0,0	3,0	2,2	1,0	0,0	12,0	0,0	4,5	0,0	0,0	1,0	0,0	0,1	0,0	10,10	0,0	1,1	0,1	0,0	0,0
Tpa_0012	6,0	0,0	31,0	0,0	1,0	4,0	0,0	0,0	0,0	0,0	0,0	0,0	0,0	0,0	0,0	0,0	0,0	2,0	0,0	0,0	0,0	0,0	0,0	0,0	0,0	0,0	7,0	0,0	0,0	0,0	0,0	0,0
Tpa_0024	0,0	0,0	0,0	0,0	0,0	0,0	0,0	0,0	0,0	0,0	0,0	0,0	0,0	0,0	0,0	0,0	0,0	0,0	0,0	0,0	0,0	0,0	0,0	0,0	0,0	0,0	0,0	0,0	0,0	0,0	0,0	0,0
Tpa_0035	10,0	4,0	9,12	1,0	3,0	2,0	0,0	0,0	1,0	0,0	1,0	1,0	0,0	0,0	2,0	1,0	0,0	5,0	0,0	0,2	0,0	1,0	0,0	0,0	0,0	0,0	7,0	0,0	1,0	0,0	0,0	0,0
Tpa_0037	3,1	0,0	0,0	1,0	1,0	0,0	0,0	0,0	1,2	0,0	1,0	0,0	0,0	0,0	0,0	0,3	1,0	0,0	0,1	0,0	0,0	0,1	0,1	0,0	0,0	0,0	6,0	0,0	1,1	0,0	0,0	0,0
Tpa_0095	1,0	5,0	9,0	0,0	0,0	6,0	0,0	0,0	0,0	0,0	0,0	1,0	0,0	0,0	0,0	2,0	0,0	0,0	0,0	0,0	0,0	0,0	0,0	0,0	0,0	1,0	2,0	0,0	0,0	0,0	0,0	0,0
Tpa_0151	57,0	11,0	69,0	1,0	3,0	24,0	0,0	0,0	0,0	2,0	5,0	27,0	1,0	3,0	2,0	6,0	0,1	8,0	0,0	2,0	0,0	2,0	1,0	0,0	3,0	3,0	4,0	0,0	1,0	0,0	0,0	0,0
Tpa_0183	2,3	0,0	0,32	0,0	0,1	0,0	0,0	0,0	0,0	0,1	0,1	0,2	0,0	0,1	0,0	0,2	0,0	0,1	0,0	0,0	0,0	0,0	0,0	0,0	0,0	0,0	0,3	0,1	0,0	0,0	0,0	0,0
Tpa_0186	4,0	3,0	16,0	0,0	1,0	1,0	0,0	0,0	0,0	0,0	1,0	0,0	0,0	0,0	1,0	0,0	0,0	0,0	0,0	1,0	0,0	0,0	0,0	0,0	0,0	0,0	6,0	0,0	0,0	0,0	0,1	0,0
Tpa_0215	0,0	0,0	0,0	0,0	0,0	0,0	0,0	0,0	0,0	0,0	0,0	0,0	0,0	0,0	0,0	0,0	0,0	0,0	0,0	0,0	0,0	0,0	0,0	0,0	0,0	0,0	0,0	0,0	0,0	0,0	0,0	0,0
Tpa_0226	9,0	8,0	0,5	15,0	17,0	1,0	0,0	1,0	7,0	0,0	7,0	9,0	0,0	3,0	6,0	1,0	0,0	19,0	2,1	11,0	0,0	5,0	3,0	0,0	1,0	1,0	27,0	1,0	7,0	5,0	1,0	0,0
Tpa_0228	2,0	4,0	0,0	10,0	10,0	0,0	0,0	1,0	4,0	0,0	1,1	0,0	1,0	3,0	3,0	1,0	0,0	12,0	1,0	7,0	0,0	5,0	0,0	1,0	0,0	0,0	11,0	0,0	6,0	2,0	0,0	0,0
Tpa_0263	20,0	14,0	42,48	0,0	0,7	1,5	0,0	0,1	2,0	0,0	0,14	3,1	0,0	2,0	0,10	0,4	0,0	1,21	0,1	0,5	0,0	0,4	0,2	0,1	1,0	0,2	0,46	0,0	0,4	1,0	0,0	0,0
Tpa_0269	9,0	1,0	3,0	0,0	0,0	1,2	0,0	0,0	0,0	0,0	1,0	0,0	0,0	0,0	1,0	0,0	0,0	0,0	0,0	0,0	0,0	0,0	0,0	0,2	0,0	0,0	0,0	1,0	0,0	0,0	0,0	0,0
Tpa_0272	3,0	0,0	0,0	0,0	0,0	0,0	0,0	0,0	0,0	0,0	0,0	0,0	0,0	0,0	0,0	0,0	0,0	0,1	0,0	0,0	0,0	0,0	0,0	0,0	0,0	0,0	0,0	0,0	0,0	0,0	0,0	0,0
Tpa_0301	21,0	7,0	40,0	0,0	2,0	28,0	1,0	0,0	0,0	0,0	0,0	3,0	1,0	0,0	0,0	3,0	0,0	0,0	0,0	0,0	0,0	1,0	1,0	0,0	0,0	0,0	2,0	0,0	0,0	0,0	0,0	0,0
Tpa_0342	8,7	1,0	14,11	0,0	3,0	12,0	0,0	0,0	0,0	0,0	0,0	1,1	0,0	1,0	0,0	3,0	0,0	4,0	0,0	2,0	0,0	0,0	0,0	0,0	0,0	0,1	3,0	0,0	1,0	0,0	0,0	0,0
Tpa_0346	48,0	9,0	31,0	2,0	7,0	17,0	0,0	0,0	3,0	1,0	19,0	40,0	0,0	6,0	5,0	14,0	1,0	21,0	0,0	13,0	0,0	3,2	0,1	0,0	0,0	1,0	9,3	0,0	4,0	0,0	0,0	0,0
Tpa_0358	13,0	7,0	42,0	1,0	6,0	6,0	0,0	0,0	1,0	0,0	1,0	0,0	1,0	2,0	3,0	1,0	0,0	3,0	0,0	2,0	0,0	0,0	0,0	0,0	0,0	0,0	13,0	0,0	0,0	0,0	0,0	0,0
Tpa_0366	0,0	0,0	0,2	0,0	0,0	0,1	0,0	0,0	0,0	0,0	0,0	0,0	0,0	0,0	0,0	0,0	0,0	0,0	0,0	0,0	0,0	0,0	0,0	0,0	0,0	0,0	0,0	0,0	0,0	0,0	0,0	0,0
Tpa_0367	18,0	10,0	86,0	1,0	7,0	9,0	0,0	0,0	2,0	0,0	0,0	2,0	1,0	0,0	1,0	0,0	0,0	6,0	0,0	1,0	0,0	2,0	0,0	2,0	0,0	0,0	8,0	0,0	2,0	0,0	0,0	0,0
Tpa_0371	0,0	0,0	1,0	0,0	0,0	1,0	0,0	0,0	0,0	0,0	1,0	0,0	0,0	0,0	0,0	0,0	0,0	0,0	0,0	0,0	0,0	0,0	0,0	0,0	0,0	0,0	0,0	0,0	0,0	0,0	0,0	0,0
Tpa_0395	0,0	0,0	1,0	0,0	0,0	1,0	0,0	0,0	0,0	0,0	0,0	0,0	0,0	0,0	0,0	0,0	0,0	0,0	0,0	0,0	0,0	0,0	0,0	0,0	0,0	0,0	0,0	0,0	0,0	0,0	0,0	0,0
Tpa_0409	0,1	0,0	0,0	0,0	0,0	0,0	0,0	0,0	0,0	0,0	0,0	0,0	0,0	0,0	0,0	0,0	0,0	0,0	0,0	0,0	0,0	0,0	0,0	0,0	0,0	0,0	0,0	0,0	0,0	0,0	0,0	0,0
Tpa_0427	0,56	24,0	30,33	0,2	20,0	0,9	2,1	0,0	6,3	1,0	24,0	33,0	0,3	32,0	11,4	8,1	0,0	0,9	0,0	1,4	1,0	0,7	4,0	0,0	2,0	3,0	0,34	2,1	7,2	3,0	0,0	0,0
Tpa_0429	7,0	0,0	3,0	1,0	2,0	3,0	0,0	0,0	0,0	0,0	0,0	0,0	0,0	0,0	0,0	0,0	0,0	1,0	0,0	0,0	0,0	0,0	0,0	0,0	0,0	0,0	1,0	1,0	0,0	0,0	0,0	0,0
Tpa_0438	0,1	0,3	0,3	0,0	0,1	0,0	0,0	0,1	0,1	0,0	0,1	0,0	0,0	0,1	0,0	0,0	0,0	0,2	0,0	0,0	0,1	1,0	0,1	0,0	0,0	0,0	0,3	0,0	0,0	0,0	0,0	0,0
Tpa_0439	0,0	0,0	0,2	0,0	0,0	0,0	0,0	0,0	0,0	0,0	0,0	1,0	0,0	0,0	0,0	0,0	0,0	0,0	0,0	0,0	0,0	0,0	0,0	0,0	0,0	0,0	0,0	0,0	0,0	0,0	0,0	0,0
Tpa_0474	0,0	1,0	0,0	0,0	3,0	0,0	0,0	0,0	1,0	0,0	0,0	0,0	0,0	0,0	0,0	0,0	0,0	1,0	0,0	0,0	0,0	1,0	0,0	1,0	0,0	0,0	1,0	0,0	2,0	0,0	0,0	0,0
Tpa_0492	0,0	0,0	1,0	0,0	0,0	0,0	0,0	0,0	0,0	0,0	0,0	0,0	0,0	0,0	0,0	0,0	0,0	0,0	0,0	0,0	0,0	0,0	0,0	0,0	0,0	0,0	0,0	0,0	0,0	0,0	0,0	0,0
Tpa_0500	0,1	0,0	6,0	0,0	0,0	0,0	0,0	0,0	0,0	0,0	0,0	0,0	0,0	1,0	0,0	0,0	0,0	0,0	0,0	1,0	0,0	0,0	0,0	0,0	0,0	0,0	0,0	0,0	0,0	0,0	0,0	0,0
Tpa_0540	50,0	5,6	53,0	3,3	13,15	4,6	1,1	0,0	14,0	1,0	20,0	2,4	0,0	8,0	12,0	9,0	0,0	28,0	0,1	2,15	3,0	15,0	1,2	0,0	0,2	4,4	20,22	2,0	4,6	6,0	1,0	0,0
Tpa_0547	0,0	0,0	1,0	0,0	0,0	0,0	0,0	0,0	0,0	0,0	2,0	0,0	0,0	0,0	0,0	0,0	0,0	0,0	0,0	0,0	0,0	0,0	0,0	0,0	0,0	0,0	0,0	0,0	0,0	0,0	0,0	0,0
Tpa_0556	32,0	9,0	140,0	4,0	18,0	15,0	0,0	1,0	7,0	0,0	11,0	11,0	0,0	2,0	6,0	6,1	1,0	24,0	0,0	7,0	0,0	13,0	2,0	2,0	5,0	4,0	35,0	0,0	4,0	2,0	1,0	0,0
Tpa_0569	0,0	0,0	0,1	0,0	0,0	0,1	0,0	0,0	0,0	0,0	0,0	0,1	0,0	0,0	0,0	0,0	0,0	0,0	0,0	0,0	0,0	0,0	0,0	0,0	0,0	0,0	0,0	0,0	0,0	0,0	0,0	0,0
Tpa_0592	11,0	1,0	8,6	0,0	0,0	3,0	0,0	0,0	0,0	1,0	0,0	1,0	0,0	0,0	0,0	0,0	0,0	2,0	0,0	1,0	0,0	0,0	0,0	0,1	0,0	1,0	0,0	0,0	0,0	0,0	0,0	0,0
Tpa_0650	30,0	1,0	2,0	1,0	2,0	2,0	0,0	0,0	0,0	0,0	0,0	2,0	0,0	1,0	2,0	0,0	0,0	4,0	0,0	0,0	0,0	2,0	0,0	0,0	0,0	0,0	10,0	0,0	1,0	0,0	0,0	0,0
Tpa_0671	2,0	0,0	5,0	0,0	0,0	0,0	0,0	0,0	0,0	0,0	0,0	0,0	0,0	0,0	0,0	0,0	0,0	0,0	0,0	0,0	0,0	0,0	0,0	0,0	0,0	0,0	1,0	0,0	0,0	0,0	0,0	0,0
Tpa_0678	2,0	2,0	1,0	0,0	4,0	1,0	0,0	1,0	0,0	0,0	1,0	0,0	0,0	0,0	0,0	1,0	0,0	0,0	0,0	1,0	9,0	1,0	2,0	0,0	0,0	0,0	3,0	0,0	0,0	0,0	0,0	0,0
Tpa_0730	12,14	8,0	59,0	3,0	5,2	13,0	2,0	0,0	4,0	0,0	5,0	6,0	2,0	5,0	0,4	4,0	0,0	4,5	1,1	3,0	1,0	6,0	2,0	0,0	1,0	2,0	22,0	0,0	2,1	1,0	0,0	0,0
Tpa_0743	66,0	20,0	56,0	2,0	15,0	18,0	1,0	0,0	1,0	1,0	14,0	24,0	1,0	7,0	4,0	8,0	0,0	16,0	1,0	7,0	2,0	14,0	3,0	1,0	0,0	3,0	26,0	2,0	2,0	0,0	0,0	0,0
Tpa_0763	0,0	0,0	0,0	0,0	0,0	0,0	0,0	0,0	0,0	0,0	0,0	0,0	0,0	0,0	0,0	0,0	0,0	0,0	0,0	0,0	0,0	0,0	0,0	0,0	0,0	0,0	0,0	0,0	0,0	0,0	0,0	0,0
Tpa_0768	34,0	20,0	50,0	25,0	54,0	8,0	5,0	0,0	6,0	0,0	43,0	10,0	0,0	4,0	7,0	7,0	1,0	12,0	2,0	34,0	1,0	17,0	1,0	1,0	6,0	3,0	69,0	4,0	18,0	6,0	3,0	0,0
Tpa_0826	8,2	1,0	21,0	0,0	3,0	3,0	0,0	0,0	0,0	0,1	1,0	1,0	0,0	3,0	0,0	0,0	0,0	3,0	1,0	3,0	0,0	0,0	1,0	0,0	0,0	0,0	3,0	0,0	0,0	1,0	0,0	0,0
Tpa_0866	23,0	7,14	52,0	0,0	0,0	47,0	0,0	0,0	0,0	1,0	1,0	7,12	0,0	1,0	1,0	2,0	0,0	1,0	0,0	3,0	0,0	1,0	0,0	2,0	0,0	1,0	5,0	0,0	0,0	0,0	0,0	0,0
Tpa_0868	1,0	1,0	0,0	0,1	1,0	0,0	0,0	0,0	0,0	0,0	0,0	1,0	0,0	1,0	0,1	0,0	0,0	0,0	0,0	0,0	0,0	0,0	0,0	0,0	0,0	1,1	0,0	0,0	0,0	0,0	0,0	0,0
Tpa_0882	1,0	1,0	0,0	0,0	1,2	1,0	0,0	0,0	1,0	0,0	0,0	1,0	0,0	0,0	1,0	1,0	0,0	1,1	0,0	0,0	0,0	1,0	0,0	0,0	0,0	1,0	2,0	0,0	0,1	0,0	0,0	0,0
Tpa_0888	1,0	0,0	0,0	0,0	0,0	0,0	0,0	0,0	0,0	0,0	0,0	0,0	0,0	0,0	0,0	0,0	0,0	0,0	0,0	0,0	0,0	0,0	0,0	0,0	0,0	0,0	0,0	0,0	0,0	0,0	0,0	0,0
Tpa_0895	4,0	1,0	17,0	0,0	2,0	1,0	0,0	0,0	0,0	0,0	1,0	2,0	0,0	2,0	0,0	0,0	0,0	2,0	0,0	1,0	0,0	2,0	0,0	0,0	0,0	0,0	4,0	0,0	0,0	0,0	0,0	0,0
Tpa_0905	0,1	0,0	0,0	0,0	0,0	0,0	0,0	0,0	0,0	0,0	0,0	0,0	0,0	0,0	0,0	0,0	0,0	0,0	0,0	0,0	0,0	0,0	0,0	0,0	0,0	0,0	0,0	0,0	1,0	0,0	0,0	0,0
Tpa_0912	3,0	3,0	1,0	3,0	3,0	0,0	0,0	0,0	0,0	0,0	0,0	0,0	0,0	0,0	2,0	0,0	0,0	3,0	0,0	3,0	0,0	4,0	0,0	0,0	2,0	1,0	12,0	0,0	2,0	0,0	1,0	0,0
Tpa_0929	0,0	0,0	1,0	0,0	0,0	0,0	0,0	0,0	0,0	0,0	0,0	1,0	0,0	0,0	0,0	0,0	0,0	0,0	0,0	0,0	0,0	0,0	0,0	0,0	0,0	0,0	1,0	0,0	0,0	0,0	0,0	0,0
Tpa_0936	23,0	8,0	42,0	1,0	0,0	0,0	0,0	0,0	0,0	1,0	3,0	7,0	0,0	3,0	4,0	2,0	0,0	3,0	0,0	1,0	0,0	0,1	1,0	0,0	0,0	2,0	0,0	0,0	1,0	0,0	0,0	0,0
Tpa_0953	71,0	20,0	60,0	1,1	9,0	24,0	1,0	0,0	2,4	1,0	18,0	25,0	0,0	3,0	2,0	12,0	0,1	13,0	0,0	10,0	1,1	13,0	4,0	0,1	1,0	1,0	21,0	2,0	2,1	4,0	0,0	0,0
Tpa_0970	0,0	0,0	0,0	0,0	1,0	0,0	0,0	0,0	0,0	0,0	0,0	0,0	0,0	0,0	0,0	0,0	0,0	0,0	0,0	0,0	0,0	0,0	0,0	1,0	0,0	0,0	0,0	0,0	0,0	0,0	0,0	0,0
Tpa_0973	0,0	0,0	0,0	0,0	0,0	0,0	0,0	0,0	0,0	0,0	0,0	0,0	0,0	0,0	0,0	0,0	0,0	0,0	0,0	0,0	0,0	0,0	0,0	0,0	0,0	0,0	0,0	0,0	0,0	0,0	0,0	0,0
Tpa_0979	0,0	0,0	1,0	0,0	0,0	0,0	0,0	0,0	0,0	0,0	0,0	0,0	0,0	0,0	0,0	0,0	0,0	1,0	0,0	0,0	0,0	0,0	0,0	0,0	0,0	0,0	0,0	0,0	0,0	0,0	0,0	0,0
Tpa_1007	4,2	0,0	0,7	0,0	0,0	0,0	0,0	0,0	0,0	0,0	0,0	0,0	0,0	0,0	0,0	0,1	0,0	1,0	0,0	0,0	0,0	0,0	0,0	0,0	0,0	2,0	0,0	0,0	0,0	0,0	0,0	0,0
Tpa_1022	0,0	0,0	0,0	0,0	0,0	0,0	0,0	0,0	0,0	0,0	0,0	0,0	0,0	0,0	0,0	0,0	0,0	0,0	0,0	0,0	0,0	0,0	0,0	0,0	0,0	0,0	0,0	0,0	0,0	0,0	0,0	0,0
Tpa_1042	0,0	0,0	0,0	0,0	0,0	0,0	0,0	0,0	0,0	0,0	0,0	0,0	0,0	0,0	0,0	0,0	0,0	0,0	0,0	0,0	0,0	0,0	0,0	0,0	0,0	0,0	0,0	0,0	0,0	0,0	0,0	0,0
Tpa_1071	6,0	0,0	12,6	1,0	0,2	2,0	0,0	0,0	0,0	0,0	0,0	1,0	0,0	0,0	1,0	1,0	0,0	0,0	0,0	0,0	0,0	0,0	2,0	0,0	0,0	0,0	1,0	0,0	0,0	0,0	0,0	0,0
Tpa_1077	1,0	0,0	0,0	0,0	0,0	1,0	0,0	0,0	0,0	0,0	0,0	1,0	0,0	0,0	0,0	0,0	0,0	0,0	0,0	0,0	0,0	0,0	0,0	0,0	0,0	0,0	1,0	0,0	0,0	0,0	0,0	0,0
Tpa_1082	27,0	25,0	13,0	1,0	0,0	46,0	0,0	2,0	1,0	1,0	1,0	2,0	0,0	1,0	1,0	1,0	0,0	0,0	0,0	0,0	0,0	1,0	0,0	0,0	0,0	3,0	0,1	0,0	0,0	0,0	0,0	0,0
Tpa_1098	0,0	0,0	0,0	0,0	0,0	0,0	0,0	0,0	0,0	0,0	0,0	0,0	0,0	0,0	0,0	0,0	0,0	0,0	0,0	0,0	0,0	0,0	0,0	0,0	0,0	0,0	0,0	0,0	0,0	0,0	0,0	0,0
Tpa_1112	0,0	0,0	0,0	0,0	0,0	0,0	0,0	0,0	0,0	0,0	0,0	0,0	0,0	0,0	0,0	0,0	0,0	0,0	0,0	0,0	0,0	0,0	0,0	0,0	0,0	0,0	0,0	0,0	0,0	0,0	0,0	0,0
Tpa_1136	0,0	0,0	0,0	0,0	0,0	0,0	0,0	0,0	0,0	0,0	0,0	0,0	0,0	0,0	0,0	0,0	0,0	0,0	0,0	0,0	0,0	0,0	0,0	0,0	0,0	0,0	0,0	0,0	0,0	0,0	0,0	0,0
Tpa_1144	0,0	0,0	0,0	0,0	0,0	0,0	0,0	0,0	0,0	0,0	0,0	0,0	0,0	0,0	0,0	0,0	0,0	0,0	0,0	0,0	0,0	0,0	0,0	0,0	0,0	0,0	0,0	0,0	0,0	0,0	0,0	0,0
Tpa_1154	0,0	0,0	0,0	0,0	0,0	0,0	0,0	0,0	0,0	0,0	0,0	0,0	0,0	0,0	0,0	0,0	0,0	0,0	0,0	0,0	0,0	0,0	0,0	0,0	0,0	0,0	0,0	0,0	0,0	0,0	0,0	0,0
Tpa_1156	0,0	0,0	0,0	0,0	0,0	0,0	0,0	0,0	0,0	0,0	0,0	0,0	0,0	0,0	0,0	0,0	0,0	0,0	0,0	0,0	0,0	0,0	0,0	0,0	0,0	0,0	0,0	0,0	0,0	0,0	0,0	0,0
Tpa_1187	4,0	1,2	7,0	1,0	0,0	0,0	0,0	0,0	0,0	0,0	0,0	1,0	0,0	4,0	0,0	1,0	0,0	3,0	0,0	1,0	0,0	2,0	0,0	0,0	1,0	0,0	8,0	1,0	1,0	0,0	0,0	0,0
Tpa_1268	0,0	0,0	0,0	0,0	0,0	0,0	0,0	0,0	0,0	0,0	0,0	0,0	0,0	0,0	0,0	0,0	0,0	0,0	0,0	0,0	0,0	0,0	0,0	0,0	0,0	0,0	1,0	0,0	0,0	0,0	0,0	0,0
Tpa_1290	3,0	1,0	7,0	0,0	3,0	1,0	0,0	0,0	0,0	0,0	1,0	1,0	0,0	0,0	0,0	0,0	0,0	2,1	0,0	1,0	1,0	0,0	0,0	0,0	0,0	0,0	1,0	0,0	1,0	0,0	0,0	0,0
Tpa_1304	0,0	0,0	0,0	0,0	0,0	0,0	0,0	0,0	0,0	0,0	0,0	0,0	0,0	0,0	0,0	0,0	0,0	0,0	0,0	0,0	0,0	0,0	0,0	0,0	0,0	0,0	0,0	0,0	0,0	0,0	0,0	0,0
Tpa_1305	0,0	0,0	0,0	0,0	0,0	0,0	0,0	0,0	0,0	0,0	0,0	0,0	0,0	0,0	0,0	0,0	0,0	0,0	0,0	0,0	0,0	0,0	0,0	0,0	0,0	0,0	0,0	0,0	0,0	0,0	0,0	0,0
Tpa_1310	1,0	0,0	8,0	0,0	0,0	1,0	0,0	0,0	0,0	0,0	0,0	0,0	0,0	0,0	0,0	0,0	0,0	0,0	0,0	0,0	0,0	0,0	0,0	0,0	0,0	0,0	0,0	1,0	0,0	0,0	0,0	0,0
Tpa_1312	156,0	57,0	160,0	3,0	43,0	47,0	2,0	1,0	9,0	2,0	19,0	34,1	4,0	10,0	18,0	35,0	2,0	43,0	1,0	6,0	2,0	14,0	4,0	2,0	2,0	0,3	72,0	2,0	4,0	2,0	0,0	1,0
Tpa_1320	0,0	0,0	0,0	0,0	0,0	0,0	0,0	0,0	0,0	35,0	0,0	373,0	0,0	1,0	0,0	0,0	0,0	0,0	0,0	0,0	0,0	156,0	0,0	0,0	0,0	92,0	305,0	0,0	0,0	0,0	0,0	0,0
Tpa_1341	1,0	0,0	0,0	0,0	0,0	0,0	0,0	0,0	0,0	0,0	0,0	0,0	0,0	0,0	0,0	0,0	0,0	0,0	0,0	0,0	0,0	0,0	0,0	0,0	0,0	1,0	0,0	0,0	0,0	0,0	0,0	0,0
Tpa_1357	2,0	0,0	4,0	0,0	0,0	0,0	0,0	0,0	0,0	0,0	0,0	0,0	0,0	0,0	0,0	0,0	0,0	0,0	0,0	1,0	0,0	0,0	0,0	0,0	0,0	0,0	0,0	0,0	0,1	0,0	0,0	0,0
Tpa_1359	72,0	17,24	21,0	87,0	116,0	24,0	3,0	1,0	92,0	7,1	60,55	74,0	6,0	83,0	55,0	26,0	0,3	76,0	8,12	187,0	1,2	77,0	25,0	1,0	22,0	29,0	173,0	35,0	108,0	10,29	4,0	0,0
Tpa_1394	16,10	7,0	24,22	2,3	15,6	6,0	4,0	0,0	4,0	0,1	7,0	1,1	0,1	9,0	5,0	3,0	1,0	11,0	0,0	6,0	0,0	8,0	3,0	1,0	0,0	2,0	14,14	1,0	7,2	5,0	1,1	0,0
Tpa_1443	0,11	1,0	4,0	1,0	0,0	0,1	0,0	0,0	0,1	0,0	0,2	2,0	0,0	0,0	0,0	0,0	0,0	0,1	0,0	0,1	0,0	0,1	0,1	0,1	0,0	0,0	0,4	0,1	1,0	0,0	0,0	0,0
Tpa_1486	0,0	0,0	1,0	0,0	0,0	0,0	0,0	0,0	0,0	0,0	1,0	0,0	0,0	0,0	0,0	0,0	0,0	2,0	0,0	0,0	0,0	0,0	0,0	0,0	0,0	0,0	0,0	0,0	0,0	0,0	0,0	0,0
Tpa_1515	2,0	0,0	3,0	1,0	1,0	1,0	0,0	0,0	2,0	0,0	1,0	0,0	0,0	1,0	1,0	0,0	0,0	1,3	0,0	1,0	0,0	0,0	0,0	0,0	0,0	0,0	7,0	1,0	2,2	0,0	0,0	0,0
Tpa_1528	0,1	1,0	1,0	1,0	0,0	0,0	1,0	0,0	1,0	0,0	0,0	1,0	0,0	1,0	1,0	0,0	0,0	3,1	0,0	2,0	0,0	1,0	0,0	0,0	1,0	0,0	3,0	0,0	1,0	0,0	1,0	0,0
Tpa_1542	1,0	0,0	0,0	0,0	0,0	0,1	0,0	0,0	0,0	0,0	0,0	0,0	0,0	0,0	0,0	0,0	0,0	0,0	0,0	0,0	0,0	0,0	0,0	0,0	0,0	0,0	0,0	0,0	0,0	0,0	0,0	0,0
Tpa_1548	9,17	9,0	79,0	1,1	6,3	3,1	0,0	0,0	1,2	1,0	9,0	11,0	3,0	8,0	6,0	10,0	0,0	3,5	0,0	15,6	0,0	4,2	2,0	0,1	0,0	0,0	14,0	5,0	0,3	4,0	0,0	0,0
Tpa_1550	4,0	0,0	11,0	0,0	0,0	2,0	0,0	0,0	0,0	0,0	0,0	0,0	0,0	0,0	0,0	0,0	0,0	0,0	0,0	0,0	0,0	0,0	0,0	0,0	0,0	0,0	1,0	0,0	0,0	0,0	1,0	0,0
Tpa_1585	0,16	0,8	39,19	0,0	0,2	0,29	0,1	0,0	0,1	0,0	0,1	0,4	0,0	0,0	0,1	3,0	0,0	0,3	0,0	0,1	0,1	0,1	0,1	0,1	0,0	0,0	0,7	1,0	0,1	0,1	0,0	0,0
Tpa_1593	12,0	0,0	21,0	0,0	0,2	1,1	1,0	0,0	1,0	0,0	0,0	1,0	0,0	0,0	1,0	0,0	0,0	4,2	0,0	3,1	0,0	1,0	0,2	0,0	1,0	0,0	2,1	0,1	1,0	0,0	0,0	0,0
Tpa_1606	180,0	43,0	182,0	48,0	99,0	63,0	8,0	1,0	96,0	4,1	135,0	111,0	3,2	44,61	85,0	49,0	5,0	95,0	12,0	142,0	1,0	75,0	36,0	1,0	26,0	14,0	237,0	20,0	44,0	9,15	1,0	0,0
Tpa_1638	1,4	1,0	6,0	0,0	0,0	3,0	0,0	0,0	0,0	0,0	0,0	1,0	0,0	1,0	1,0	0,0	0,0	3,1	0,0	2,0	0,0	1,0	0,0	1,0	0,0	1,0	0,0	0,0	0,0	1,0	0,0	0,0
Tpa_1646	36,0	32,0	163,0	9,0	20,0	7,0	0,0	1,0	2,0	1,0	0,0	5,0	1,0	6,0	0,0	13,0	0,0	22,0	0,0	12,0	1,0	8,0	5,0	0,0	3,0	0,0	10,0	1,0	0,0	3,0	0,0	0,0
Tpa_1662	0,0	0,0	1,1	0,0	0,0	1,0	0,0	0,0	0,0	0,0	0,0	0,1	0,0	0,0	0,0	0,0	0,0	0,0	0,0	0,0	0,0	0,0	0,0	0,0	0,0	0,0	0,0	0,0	0,0	0,0	0,0	0,0
Tpa_1678	3,0	0,0	3,0	0,0	0,0	2,0	0,0	0,0	0,0	0,0	0,0	1,0	0,0	0,0	0,0	0,0	0,0	0,0	0,0	0,0	0,0	0,0	0,0	0,0	0,0	0,0	1,0	0,0	0,0	0,0	0,0	0,0
Tpa_1689	0,0	0,0	0,0	0,0	0,0	0,0	0,0	0,0	0,0	0,0	0,0	0,0	0,0	0,0	0,0	0,0	0,0	0,0	0,0	0,0	0,0	0,0	0,0	0,0	0,0	0,0	0,0	0,0	0,0	0,0	0,0	0,0
Tpa_1703	0,0	0,0	0,0	0,0	0,0	0,0	0,0	0,0	0,0	0,0	0,0	0,0	0,0	0,0	0,0	0,0	0,0	0,0	0,0	0,0	0,0	0,0	0,0	0,0	0,0	0,0	0,0	0,0	0,0	0,0	0,0	0,0
Tpa_1731	109,0	25,0	117,0	4,0	39,0	26,0	1,0	0,0	14,0	3,0	11,0	25,0	1,0	16,0	19,0	20,0	0,0	7,7	4,0	20,0	1,0	14,0	8,0	1,0	1,0	4,0	62,0	4,0	8,0	8,0	3,0	0,0
Tpa_1774	0,0	0,0	0,0	0,0	0,0	0,0	0,0	0,0	0,0	0,0	0,0	0,0	0,0	0,0	0,0	0,0	0,0	0,0	0,0	0,0	0,0	0,0	0,0	0,0	0,0	0,0	0,0	0,0	0,0	0,0	0,0	0,0
Tpa_1775	2,0	0,0	1,0	0,0	2,0	8,102	0,0	0,0	16,114	1,0	1,0	2,0	0,0	225,0	185,0	87,0	17,0	0,0	31,0	347,0	0,0	1,0	124,0	5,0	1,0	100,0	472,0	1,0	0,0	98,0	10,0	0,0
Tpa_1818	0,2	1,0	0,1	0,0	1,0	0,0	0,0	0,0	0,1	0,0	0,0	0,0	0,0	0,1	0,1	0,0	0,0	0,4	0,0	0,0	0,0	0,0	0,0	0,0	0,0	0,1	0,0	0,0	0,0	0,1	0,0	0,0
Tpa_1831	11,0	1,3	34,0	1,0	3,0	28,0	1,0	3,0	0,0	0,0	0,0	1,0	0,0	0,0	0,0	2,0	0,0	4,0	0,0	0,0	0,0	2,0	0,0	4,0	0,0	2,0	0,0	0,0	0,0	0,1	0,0	0,0
Tpa_1832	2,7	5,0	5,0	10,0	12,0	4,0	0,0	0,0	1,0	0,0	4,8	2,0	0,0	1,3	8,0	1,0	0,0	24,0	0,0	3,0	0,0	5,0	0,0	1,0	0,0	0,0	27,0	6,0	9,0	1,0	0,0	0,0
Tpa_1843	26,0	6,0	13,13	0,0	1,0	5,0	0,0	0,0	0,0	0,0	7,0	9,0	0,0	0,0	0,0	3,0	0,0	0,1	0,0	4,0	0,0	3,0	0,0	1,0	0,0	1,0	2,0	0,0	2,0	0,0	0,0	0,0
Tpa_1891	28,0	3,0	81,0	0,0	1,0	10,0	1,0	0,0	1,0	1,0	3,0	5,0	1,0	0,0	4,0	3,0	0,0	2,0	1,0	1,3	0,0	2,0	0,0	0,0	2,0	0,0	10,0	0,0	1,0	1,0	2,0	0,0
Tpa_1896	0,3	0,1	0,26	0,0	0,4	0,1	0,0	0,0	0,2	0,0	0,8	0,0	0,0	0,1	0,0	0,0	0,0	0,10	0,0	0,2	0,0	0,1	0,1	0,0	0,0	0,0	0,18	0,2	0,0	0,0	0,0	0,0
Tpa_1917	0,0	0,0	1,0	0,0	0,1	0,0	0,0	0,0	0,0	0,0	0,0	0,0	0,0	0,0	0,0	0,0	0,0	0,1	0,0	0,0	0,0	0,0	0,0	0,0	0,0	0,0	0,0	0,0	0,0	0,0	0,0	0,0
Tpa_1930	8,3	0,1	0,36	0,0	0,0	0,1	0,0	0,0	0,1	0,0	3,0	0,1	0,0	0,0	0,0	2,0	0,1	5,4	0,0	0,0	0,0	1,0	0,0	0,0	0,1	0,0	0,5	0,0	0,0	0,0	0,0	0,0
Tpa_1966	0,0	0,0	0,0	0,0	0,0	0,0	0,0	0,0	0,0	0,0	0,0	0,0	0,0	0,0	0,0	0,0	0,0	0,0	0,0	0,0	0,0	0,0	0,0	0,0	0,0	0,0	0,0	0,0	0,0	0,0	0,0	0,0
Tpa_2006	0,0	0,0	1,0	0,0	1,0	1,0	0,0	0,0	0,0	0,0	1,0	0,0	0,0	0,0	0,0	1,0	0,0	0,0	0,0	0,0	0,0	0,0	0,0	0,0	0,0	0,0	0,0	0,0	0,0	0,0	0,0	0,0
Tpa_2010	4,0	1,0	7,0	1,0	0,0	2,0	2,0	0,0	0,0	0,0	2,0	0,0	0,0	1,0	0,0	1,0	0,0	0,0	0,0	0,0	0,0	0,0	0,0	0,0	0,0	0,0	5,0	0,0	0,0	0,0	0,0	0,0
Tpa_2021	0,0	0,0	0,0	0,0	0,0	0,0	0,0	0,0	0,0	0,0	0,0	0,0	0,0	0,0	0,0	0,0	0,0	0,0	0,0	0,0	0,0	0,0	0,0	0,0	0,0	0,0	0,0	0,0	0,0	0,0	0,0	0,0
Tpa_2034	0,0	0,0	2,0	0,0	0,0	0,0	0,0	0,0	0,0	0,0	0,0	0,0	0,0	0,0	1,0	0,0	0,0	2,0	0,0	0,0	0,0	0,0	0,0	0,0	0,0	0,0	0,0	0,0	0,0	0,0	0,0	0,0
Tpa_2040	2,4	1,0	15,0	0,0	1,0	1,0	0,0	0,0	0,0	0,0	0,0	0,0	0,0	0,0	0,0	2,0	0,0	0,0	0,0	0,0	0,0	0,0	0,0	0,0	0,0	1,0	3,0	0,0	0,0	0,0	0,0	0,0
Tpa_2041	1,0	1,0	3,0	0,0	0,0	0,0	0,0	0,0	0,0	0,0	0,0	0,0	0,0	0,0	0,0	0,0	0,0	0,0	0,0	0,0	0,0	0,0	0,0	0,0	0,0	0,0	0,0	0,0	1,0	0,0	0,0	0,0
Tpa_2073	7,0	0,2	5,0	1,0	2,0	1,0	0,0	0,0	0,0	0,0	0,0	0,0	0,0	1,0	0,1	1,0	0,0	2,0	0,0	3,0	0,0	0,0	0,0	0,0	0,0	0,0	3,0	0,0	0,0	1,0	0,0	0,0
Tpa_2076	7,0	4,5	25,0	0,0	11,0	9,0	0,0	0,0	1,1	1,0	1,2	1,0	0,0	0,0	2,0	1,0	1,0	12,0	0,0	3,0	0,0	6,0	1,0	0,0	0,0	2,0	13,0	3,0	1,0	1,0	0,0	0,0
Tpa_2096	4,1	0,0	24,0	1,0	0,0	3,0	0,0	0,1	1,0	0,0	1,0	2,0	0,0	0,0	0,0	1,0	1,0	3,0	0,0	1,0	0,0	0,0	0,0	0,0	1,0	1,0	0,0	0,0	0,0	0,1	0,0	0,0
Tpa_2128	0,0	0,0	2,0	0,0	0,0	0,0	0,0	0,0	0,0	0,0	0,0	0,0	0,0	0,0	0,0	0,0	0,0	0,0	0,0	0,0	0,0	0,0	0,0	0,0	0,0	0,0	0,0	0,0	0,0	0,0	0,0	0,0
Tpa_2157	80,0	20,0	110,0	3,0	15,0	18,0	0,0	0,0	3,0	0,0	3,0	8,0	1,0	3,0	0,0	3,8	1,0	24,0	1,0	11,0	0,0	9,0	4,0	0,0	0,0	0,0	43,0	2,0	4,0	0,0	0,0	0,0
Tpa_2180	0,3	0,0	0,5	0,0	0,1	0,0	0,0	0,0	0,1	0,0	0,0	0,1	0,0	0,0	0,1	0,0	0,0	0,0	0,0	0,0	0,0	0,1	0,0	0,0	0,0	0,0	0,3	0,0	0,0	0,0	0,0	0,0
Tpa_2194	0,0	0,0	6,0	0,0	1,0	1,0	0,0	0,0	0,0	0,0	0,0	0,0	0,0	0,0	0,0	1,0	0,0	2,0	0,0	0,1	0,0	0,0	0,0	0,0	0,0	0,0	0,0	0,0	0,0	0,0	0,0	0,0
Tpa_2207	31,0	5,0	67,0	1,0	11,0	28,0	0,0	0,0	2,0	0,0	3,0	12,0	0,0	1,0	4,0	7,0	0,0	5,0	0,0	5,0	2,0	7,0	1,1	1,0	0,0	0,0	19,0	0,0	1,0	3,0	0,0	0,0
Tpa_2254	1,0	1,0	0,4	0,0	0,0	1,0	0,0	0,0	0,0	0,0	1,0	0,0	0,0	0,0	0,0	0,0	0,0	1,0	0,0	0,0	0,0	0,0	0,0	0,0	0,0	1,0	1,0	0,0	0,0	0,0	0,0	0,0
Tpa_2278	10,0	4,0	27,0	1,0	2,0	3,1	0,0	1,0	1,0	0,0	0,0	1,0	0,0	0,0	0,0	0,0	0,0	2,0	0,0	0,0	0,0	0,0	1,0	0,0	0,0	0,0	0,0	0,0	0,0	1,0	0,0	0,0
Tpa_2334	0,0	0,0	0,0	0,0	0,0	0,0	0,0	0,0	0,0	0,0	0,0	0,0	0,0	0,0	0,0	0,0	0,0	0,0	0,0	0,0	0,0	0,0	0,0	0,0	0,0	0,0	0,0	0,0	0,0	0,0	0,0	0,0
Tpa_2344	47,73	16,0	194,0	3,0	0,11	39,0	0,0	2,0	9,1	4,0	9,0	14,0	1,0	11,0	2,0	3,0	0,0	13,0	1,0	12,0	0,0	13,0	2,1	0,0	2,1	2,0	21,0	3,0	2,2	0,0	2,0	0,0
Tpa_2353	34,0	6,0	69,0	2,0	6,12	13,0	0,0	0,0	1,0	1,0	1,3	11,0	1,0	3,2	3,0	0,4	0,0	13,0	0,0	3,0	0,0	2,1	3,0	2,0	2,0	0,0	33,0	2,0	2,0	0,1	1,0	0,0
Tpa_2368	0,1	0,0	0,1	0,0	0,0	0,0	0,0	0,0	0,0	0,0	0,0	0,0	0,0	0,0	0,0	0,0	0,0	0,1	0,0	0,0	0,0	0,0	0,1	0,0	0,0	0,0	0,0	0,0	0,0	0,0	0,0	0,0
Tpa_2412	72,0	33,0	123,0	61,1	81,0	15,0	9,0	3,0	74,0	5,0	43,29	54,0	2,0	28,22	59,0	31,0	4,0	85,0	9,0	120,0	2,0	40,0	16,0	0,0	8,0	19,0	88,0	22,0	49,0	22,0	2,0	0,0
Tpa_2417	0,12	0,1	0,10	0,0	0,4	0,2	0,0	0,0	0,1	0,0	0,1	0,3	0,0	0,0	0,3	0,3	0,1	0,2	0,1	0,1	0,0	0,2	0,1	0,1	0,0	0,0	0,10	0,0	0,2	0,1	0,0	0,0
Tpa_2453	0,0	0,0	0,0	0,0	0,0	0,0	0,0	0,0	0,0	0,0	0,0	0,0	0,0	0,0	0,0	0,0	0,0	0,0	0,0	0,0	0,0	0,0	0,0	0,0	0,0	0,0	0,0	0,0	0,0	0,0	0,0	0,0
Tpa_2458	0,0	0,0	1,0	0,0	0,0	0,0	0,0	0,0	0,0	0,0	0,0	0,0	0,0	0,0	0,0	0,0	0,0	0,0	0,0	0,0	0,0	0,0	0,0	0,0	0,0	0,0	0,0	0,0	0,0	0,0	0,0	0,0
Tpa_2460	4,0	1,0	17,0	0,0	0,0	0,0	0,0	0,0	0,0	0,0	0,0	1,0	0,0	0,0	0,0	0,0	0,0	1,0	0,0	0,0	0,0	1,0	0,0	0,0	0,0	0,0	3,0	0,0	0,0	0,0	0,0	0,0
Tpa_2470	5,0	3,0	8,0	1,0	11,0	3,0	0,0	0,0	2,0	1,1	5,0	1,0	1,0	3,0	1,0	1,0	0,0	11,0	0,0	8,0	0,0	3,0	0,0	0,0	0,0	1,0	10,0	2,0	2,0	1,0	1,0	1,0
Tpa_2483	41,0	0,1	31,37	1,0	9,0	10,0	0,0	0,0	7,0	1,0	6,0	5,0	3,0	0,5	1,0	1,0	0,0	9,0	0,0	2,0	0,0	2,0	0,0	1,0	0,0	2,0	15,1	1,0	1,0	1,0	1,0	0,0
Tpa_2498	2,0	0,0	1,0	0,0	0,0	0,0	0,0	0,0	0,0	0,0	0,0	0,0	0,0	0,0	0,0	0,0	0,0	0,0	0,0	0,0	0,0	0,0	0,0	0,0	0,0	0,0	0,1	0,0	0,0	0,0	0,0	0,0
Tpa_2509	2,0	0,0	1,2	0,0	1,0	0,0	0,0	0,0	0,0	0,0	0,0	1,0	1,0	0,0	0,0	0,0	0,0	0,0	0,0	0,0	0,0	0,0	0,0	0,0	0,0	0,0	0,0	0,0	0,0	0,0	0,0	0,0
Tpa_2518	3,4	9,0	16,0	5,0	3,4	6,0	0,0	0,0	3,2	0,0	5,0	1,0	0,0	3,0	0,0	2,0	0,0	6,4	1,0	2,7	0,0	3,0	4,0	2,0	0,0	0,2	12,12	2,0	8,0	3,0	0,0	0,0
Tpa_2519	0,0	0,0	1,0	0,0	0,0	1,0	0,0	0,0	0,0	0,0	1,0	0,0	0,0	0,0	0,0	0,0	0,0	0,0	0,0	0,0	0,0	0,0	0,0	0,0	0,0	0,0	1,0	0,1	0,0	0,0	0,0	0,0
Tpa_2523	1,0	1,0	0,0	0,0	0,0	0,0	0,0	0,0	0,0	0,0	0,0	0,0	0,0	0,0	0,0	0,0	0,0	2,0	0,0	0,0	0,0	0,0	0,0	0,0	0,0	0,0	0,0	0,0	0,0	0,0	0,0	0,0
Tpa_2581	31,0	4,0	64,13	1,0	4,0	3,0	2,0	0,0	2,0	1,0	2,0	3,0	1,0	3,0	1,0	0,0	0,0	2,0	1,0	3,0	0,0	1,0	0,0	0,0	1,0	0,0	1,5	1,0	1,0	1,0	1,0	0,0
Tpa_2601	251,0	27,26	0,200	0,27	0,86	0,164	7,4	3,5	4,5	9,0	0,36	66,0	4,4	12,17	10,11	14,17	5,0	0,49	2,8	0,57	3,7	11,13	0,4	3,3	5,4	4,3	203,3	0,5	10,7	1,4	0,0	0,0
Tpa_2608	64,0	14,0	118,0	1,3	8,4	21,0	0,0	0,0	2,0	0,0	6,3	9,0	0,0	2,2	6,0	8,0	0,0	21,0	3,0	11,0	0,1	3,0	6,0	1,0	0,0	3,0	17,13	0,0	6,0	2,0	0,0	0,0
Tpa_2636	12,0	16,0	15,0	13,0	18,0	5,0	2,0	0,0	11,0	0,0	13,0	5,0	1,0	4,0	6,0	7,0	0,0	36,0	1,0	26,0	0,0	5,0	1,0	2,0	0,0	0,0	42,0	8,0	10,0	1,0	0,0	0,0
Tpa_2639	1,0	0,0	2,0	0,0	0,0	0,0	0,0	0,0	0,0	0,0	0,0	0,0	0,0	0,0	1,0	0,0	0,0	0,0	0,0	0,0	0,0	0,0	0,0	0,0	0,0	0,0	0,0	0,0	0,0	0,0	0,0	0,0
Tpa_2664	4,0	0,0	4,0	0,0	2,0	1,0	0,0	0,0	0,0	0,0	1,1	0,0	0,0	0,0	0,0	0,0	0,0	2,0	0,0	1,0	0,0	0,0	0,0	1,0	0,0	0,0	2,0	0,0	0,0	0,0	0,0	0,0
Tpa_2702	0,0	0,0	2,0	0,0	0,0	0,0	0,0	0,0	0,0	0,0	0,0	0,0	0,0	0,0	0,0	0,0	0,0	0,0	0,0	0,0	0,0	0,0	0,0	0,0	0,0	0,0	0,0	0,0	0,0	0,0	0,0	0,0
Tpa_2712	0,0	0,0	3,0	0,0	0,0	0,0	0,0	0,0	0,0	0,0	0,0	0,0	0,0	0,0	0,0	0,0	0,0	0,0	0,0	0,0	0,0	0,0	0,0	0,0	0,0	0,0	0,0	0,0	0,0	0,0	0,0	0,0
Tpa_2734	0,2	0,0	0,3	0,0	0,1	0,4	0,0	0,0	19,0	0,0	0,0	0,0	0,0	0,0	0,0	0,0	3,0	0,0	0,0	0,0	0,0	0,0	0,0	0,0	0,0	0,0	0,0	0,0	0,0	0,0	0,0	0,0
Tpa_2741	0,0	0,0	0,0	0,0	0,0	0,0	0,0	0,0	0,0	0,0	0,0	0,0	0,0	0,0	0,0	0,0	0,0	0,0	0,0	0,0	0,0	0,0	0,0	0,0	0,0	0,0	0,0	0,0	0,0	0,0	0,0	0,0
Tpa_2745	0,8	0,1	0,25	0,0	0,0	0,1	0,1	0,1	0,0	0,0	0,0	0,5	0,0	0,0	0,1	0,0	0,0	0,4	0,0	0,0	0,0	0,0	0,0	0,0	0,0	0,0	0,3	0,0	0,0	0,0	0,0	0,0
Tpa_2763	11,0	0,0	13,0	0,0	0,0	6,0	0,0	0,0	0,0	0,0	0,0	1,0	0,0	0,0	0,0	0,0	0,0	3,0	0,0	0,0	0,0	0,0	0,0	0,0	0,0	0,0	0,0	0,0	0,0	0,0	0,0	0,0
Tpa_2845	1,0	1,0	0,0	0,0	1,0	0,0	0,0	0,0	1,0	0,0	0,0	0,0	0,0	0,0	0,0	0,0	0,0	3,0	0,0	1,0	0,0	0,0	0,0	0,0	0,0	0,0	4,0	0,0	0,0	0,0	0,0	0,0
Tpa_2854	13,0	0,0	8,0	0,0	0,0	2,4	0,0	0,0	3,0	0,0	0,0	0,0	0,0	1,1	2,0	0,2	0,0	1,0	0,0	4,0	0,0	3,0	0,0	0,0	0,0	1,0	8,0	0,0	0,0	0,0	0,0	0,0
Tpa_2856	6,0	13,0	2,2	17,0	17,0	1,3	1,0	0,0	3,4	0,0	9,0	1,0	4,0	0,1	8,0	0,3	1,0	10,7	4,0	17,0	0,0	9,0	3,0	2,0	0,0	3,0	21,0	2,0	10,0	6,0	0,0	0,0
Tpa_2861	18,1	4,0	84,0	0,0	1,2	14,0	0,0	0,0	1,0	0,0	2,0	5,0	0,0	3,0	0,0	2,0	0,0	6,0	0,0	1,0	0,0	0,3	0,0	0,0	0,0	0,0	10,0	1,0	2,0	0,0	0,0	0,0
Tpa_2868	8,0	3,0	15,0	1,0	1,1	2,1	0,0	0,0	1,0	0,0	1,0	1,0	0,0	0,0	1,0	4,0	0,0	6,0	0,0	4,0	0,0	2,0	0,0	0,0	0,0	0,0	8,0	0,0	2,3	0,0	0,0	0,0
Tpa_2900	1,0	1,0	2,0	0,0	0,0	1,0	0,0	0,0	0,0	0,0	0,0	0,0	0,0	0,0	1,0	0,0	0,0	0,0	0,0	0,0	0,0	0,0	0,0	0,0	0,0	0,0	1,0	0,0	0,0	0,0	0,0	0,0
Tpa_2907	5,5	1,0	11,7	0,0	0,1	5,0	0,0	0,0	0,0	0,0	0,0	2,0	0,0	1,0	0,0	0,1	0,0	2,0	0,0	0,0	1,0	1,0	0,0	0,0	0,0	0,0	3,5	0,0	0,0	0,0	0,0	0,0
Tpa_2961	0,0	0,0	29,0	2,0	3,0	3,0	1,0	0,0	0,0	0,0	1,0	2,0	1,0	1,0	0,0	0,0	0,0	4,0	0,0	0,0	0,0	3,0	0,0	0,0	0,0	2,0	1,0	0,0	1,0	0,0	0,0	0,0
Tpa_2970	0,0	0,0	0,1	0,0	0,0	0,0	0,0	0,0	0,0	0,0	1,0	0,0	0,0	0,0	0,0	1,0	0,0	0,0	0,0	0,0	0,0	1,0	0,0	0,0	0,0	0,0	0,0	0,0	0,0	1,0	0,0	0,0
Tpa_3004	0,2	0,0	0,7	0,0	0,0	0,1	0,0	0,0	0,0	0,0	0,0	0,0	0,0	0,0	0,0	0,0	0,0	0,0	0,0	0,0	0,0	0,0	0,0	0,0	0,0	0,0	0,1	0,0	0,0	0,0	0,0	0,0
Tpa_3011	7,0	2,0	18,0	0,0	0,0	0,0	0,0	0,0	1,0	0,0	2,0	0,0	0,0	1,0	0,0	0,0	0,0	0,0	0,0	1,0	0,0	0,0	0,0	0,0	0,0	1,0	1,0	0,0	1,0	0,0	0,0	0,0
Tpa_3018	0,0	0,0	0,0	0,0	0,0	0,0	0,0	0,0	0,0	0,0	0,0	0,0	0,0	0,0	0,0	0,0	0,0	0,0	0,0	0,0	0,0	0,0	0,0	0,0	0,0	0,0	0,0	0,0	0,0	0,0	0,0	0,0
Tpa_3047	25,0	16,0	10,0	2,0	3,0	4,0	0,0	0,0	3,0	0,0	2,0	44,0	5,0	3,28	9,0	3,0	0,0	5,0	0,0	2,0	0,0	3,0	0,0	1,0	0,0	0,0	3,0	0,0	1,0	0,0	0,0	0,0
Tpa_3055	0,2	0,0	0,2	0,0	0,0	0,0	0,0	0,0	0,0	0,0	0,0	0,0	0,0	0,0	0,0	0,0	0,0	0,0	0,0	0,0	0,0	0,0	0,0	0,0	0,0	0,0	0,0	0,0	0,0	0,0	0,0	0,0
Tpa_3063	0,2	0,0	0,0	0,0	2,1	0,0	0,0	0,0	0,0	0,0	0,0	0,0	1,0	0,0	2,0	0,0	0,0	1,0	0,0	0,0	0,0	0,0	0,0	0,0	0,0	0,0	0,0	0,0	0,0	0,0	0,0	0,0
Tpa_3129	0,0	0,0	0,0	0,0	0,0	0,0	0,0	0,0	0,0	0,0	0,0	0,0	0,0	0,0	0,0	0,0	0,0	0,0	0,0	0,0	0,0	0,0	0,0	0,0	0,0	0,0	0,0	0,0	0,0	0,0	0,0	0,0
Tpa_3149	1,0	0,0	18,0	1,0	1,0	0,0	0,0	0,0	1,0	0,0	1,0	0,2	0,0	0,0	0,0	1,0	0,0	0,0	0,0	0,0	0,0	0,0	0,0	0,0	0,0	0,0	3,0	0,0	0,0	0,0	0,0	0,0
Tpa_3193	0,0	0,0	0,0	0,0	0,0	0,0	0,0	0,0	0,0	0,0	0,0	0,0	0,0	0,0	0,0	0,0	0,0	0,0	0,0	0,0	0,0	0,0	0,0	0,0	0,0	0,0	0,0	0,0	0,0	0,0	0,0	0,0
Tpa_3197	3,0	0,0	13,0	0,0	0,0	1,0	0,0	0,0	0,0	0,0	1,0	0,0	0,0	0,0	0,0	0,0	0,0	1,0	0,0	0,0	0,0	0,0	0,0	0,0	0,0	0,0	2,0	0,0	0,0	1,0	0,0	0,0
Tpa_3200	1,0	0,0	6,0	0,0	0,0	0,0	0,0	0,0	0,0	0,0	0,0	0,0	0,0	0,0	0,0	0,0	0,0	0,0	0,0	0,0	0,0	0,1	0,0	0,0	0,0	1,0	1,0	0,0	0,0	0,0	0,0	0,0
Tpa_3248	0,48	0,0	0,4	0,0	0,6	0,65	0,0	0,4	0,0	0,0	0,1	0,22	0,2	0,0	0,3	0,0	0,1	0,1	0,4	0,8	0,0	0,0	0,1	0,0	0,0	0,3	0,0	0,0	0,2	0,0	0,0	0,0
Tpa_3254	3,0	1,0	2,0	0,0	0,0	0,0	0,0	0,0	0,0	0,0	0,0	0,0	0,0	0,0	0,0	0,0	0,0	0,0	0,0	0,0	0,0	0,0	0,0	0,0	0,0	0,0	2,0	0,0	0,0	0,0	0,0	0,0
Tpa_3262	96,0	7,10	53,34	4,0	7,0	34,0	0,0	0,0	0,2	0,0	0,5	42,0	0,0	1,0	1,0	11,0	0,0	5,0	3,0	1,3	0,0	2,0	0,0	0,0	0,0	1,0	7,10	3,0	1,0	2,0	0,0	0,0
Tpa_3263	11,0	5,0	5,0	1,0	5,0	2,0	0,0	0,0	2,0	1,0	6,0	1,0	0,1	1,0	2,0	1,0	0,0	15,0	0,0	6,0	0,0	0,0	1,0	0,0	1,0	0,0	4,5	1,0	1,0	0,0	0,0	0,0
Tpa_3310	3,1	1,0	13,0	0,0	0,0	11,0	0,0	0,0	0,0	0,0	2,0	1,0	0,0	1,0	0,0	0,0	0,0	0,0	0,0	0,0	0,0	0,0	0,0	0,0	0,0	0,0	1,0	0,0	0,0	0,0	0,0	0,0
Tpa_3347	3,0	2,0	0,0	1,0	1,1	1,0	0,0	0,0	1,0	0,0	2,0	1,0	0,0	0,0	1,0	0,0	1,0	5,0	0,0	0,2	1,0	0,1	0,0	1,0	0,1	0,0	2,0	0,0	3,0	0,0	0,0	0,0
Tpa_3354	18,0	14,0	19,0	17,0	31,0	9,0	0,0	1,0	4,0	0,0	8,0	3,0	0,0	2,7	6,0	11,0	0,0	40,0	2,0	17,0	0,0	15,0	2,0	1,0	4,0	1,0	36,0	2,2	13,0	3,0	1,0	0,0
Tpa_3364	0,7	1,0	16,15	1,0	0,1	3,0	0,0	0,0	0,0	0,0	0,1	2,0	0,0	0,0	2,0	0,3	0,0	1,0	0,0	1,0	0,0	2,0	0,1	1,0	0,0	0,1	1,1	0,0	0,0	0,0	0,0	0,0
Tpa_3385	0,0	0,0	0,0	0,0	0,0	0,0	0,0	0,0	0,0	0,0	0,0	0,0	0,0	0,0	0,0	0,0	0,0	0,0	0,0	0,0	0,0	0,0	0,0	0,0	0,0	0,0	0,0	0,0	0,0	0,0	0,0	0,0
Tpa_3439	1,0	0,0	1,0	0,0	0,0	0,0	0,0	0,0	0,0	0,0	0,0	1,0	0,0	0,0	0,0	0,0	0,0	0,0	0,0	0,0	0,0	0,0	0,0	0,0	0,0	0,0	0,0	0,0	0,0	0,0	0,0	0,0
Tpa_3502	0,0	0,0	0,0	0,0	0,0	0,0	0,0	0,0	0,0	0,0	0,0	0,0	0,0	0,0	0,0	0,0	0,0	0,0	0,0	0,0	0,0	0,0	0,0	0,0	0,0	0,0	0,0	0,0	0,0	0,0	0,0	0,0
Tpa_3561	0,0	0,0	0,0	0,0	2,0	0,0	0,0	0,0	0,0	0,0	0,0	0,0	0,0	1,0	0,0	0,0	0,0	1,0	0,0	0,0	0,0	0,0	0,0	0,0	0,0	0,0	0,0	0,0	1,0	0,0	0,0	0,0
Tpa_3569	0,0	0,0	1,0	0,0	0,0	0,0	0,0	0,0	0,0	0,0	0,0	0,0	0,0	0,0	0,0	0,0	0,0	0,0	0,0	0,0	0,0	0,0	0,0	0,0	0,0	0,0	0,0	1,0	0,0	0,0	0,0	0,0
Tpa_3583	0,0	0,1	0,7	0,1	0,1	0,0	0,0	0,0	0,0	0,0	0,1	0,2	0,0	0,0	0,0	0,3	0,0	0,2	0,0	0,0	0,0	0,1	0,0	0,0	0,0	0,1	0,4	0,0	0,0	0,0	0,0	0,0
Tpa_3616	47,0	7,0	154,0	27,0	43,0	6,0	5,0	0,0	16,0	1,0	52,0	0,0	4,0	17,0	31,0	18,0	0,0	60,0	2,0	31,0	1,0	37,0	9,0	1,0	2,0	11,0	103,0	4,0	5,0	6,0	1,0	0,0
Tpa_3674	4,1	1,0	18,0	0,0	0,0	2,0	1,0	0,0	0,0	0,0	1,0	1,0	0,0	1,0	1,0	0,0	0,0	0,0	1,0	1,0	0,0	1,0	0,0	0,0	0,0	0,0	1,0	0,0	0,0	1,0	0,0	0,0
Tpa_3676	1,0	1,0	0,0	0,0	0,0	1,0	0,0	0,0	0,0	0,0	0,0	0,0	0,0	0,0	0,0	0,0	0,0	0,0	0,0	0,0	0,0	0,0	0,0	0,0	0,0	0,0	0,0	0,0	0,0	0,0	0,0	0,0
Tpa_3679	0,0	0,0	0,0	0,0	0,0	0,0	0,0	0,0	0,0	0,0	0,0	0,0	0,0	0,0	0,0	0,0	0,0	0,0	0,0	0,0	0,0	0,0	0,0	0,0	0,0	0,0	0,0	0,0	0,0	0,0	0,0	0,0
Tpa_3684	0,0	0,0	0,0	0,0	0,0	0,0	0,0	0,0	0,0	0,0	1,0	0,0	0,0	0,0	0,0	0,0	0,0	0,0	0,0	0,0	0,0	0,0	0,0	0,0	0,0	0,0	0,0	0,0	0,0	0,0	0,0	0,0
Tpa_3705	58,0	19,0	83,0	5,0	23,0	12,0	3,0	1,0	16,0	1,0	24,0	10,17	3,0	15,0	13,0	10,0	1,0	35,0	4,0	22,0	0,0	19,0	2,1	0,0	3,0	4,0	67,0	4,0	9,0	5,0	0,0	0,0
Tpa_3723	0,3	0,0	0,1	0,1	0,5	0,1	0,0	0,0	0,2	0,0	0,0	0,1	1,0	0,0	0,0	0,0	0,0	0,0	0,0	0,0	0,0	0,0	0,0	1,0	0,0	0,0	0,5	0,0	0,2	0,0	0,0	0,0
Tpa_3737	0,0	1,2	7,0	0,1	1,0	2,0	1,0	0,0	1,0	0,0	2,0	2,0	0,0	0,0	1,0	1,0	0,0	2,0	0,0	0,1	0,0	1,0	0,0	1,0	1,0	0,0	1,0	0,0	0,0	0,0	0,0	0,0
Tpa_3745	32,0	5,0	28,0	0,0	4,0	18,0	0,0	0,0	0,0	0,0	1,0	3,0	0,0	0,0	0,0	0,0	1,0	2,0	0,0	0,0	0,0	1,0	0,0	0,0	0,0	0,0	0,1	0,0	0,0	0,0	0,0	0,0
Tpa_3795	105,92	40,0	321,0	6,9	21,0	62,0	4,0	1,0	24,0	8,0	58,0	74,0	6,0	33,0	53,0	57,0	1,0	69,0	1,0	0,48	7,0	25,0	18,0	2,2	6,0	3,4	86,0	9,0	16,0	14,0	1,0	0,0
Tpa_3846	2,5	1,0	1,3	0,0	0,0	0,0	0,0	0,0	1,0	0,0	0,0	0,0	0,0	0,0	0,0	0,0	0,0	0,0	0,0	2,0	0,0	0,0	0,0	0,0	0,0	0,0	0,0	0,0	0,0	0,0	0,0	0,0
Tpa_3862	0,0	0,0	0,0	0,0	0,0	0,0	0,0	0,0	0,0	0,0	0,0	0,0	0,0	0,0	0,0	0,0	0,0	0,0	0,0	0,0	0,0	0,0	0,0	0,0	0,0	0,0	0,0	0,0	0,0	0,0	0,0	0,0
Tpa_3871	57,0	9,0	45,0	1,0	6,0	14,0	1,0	0,0	1,0	1,0	2,0	6,0	0,0	4,0	3,0	2,0	0,0	6,0	0,0	1,0	0,0	0,0	1,0	0,0	0,0	2,0	6,0	1,0	3,0	0,0	0,0	0,0
Tpa_3879	90,0	19,0	89,0	20,0	21,0	21,0	3,0	0,0	7,0	3,0	9,0	84,0	1,0	15,0	18,0	10,0	3,0	12,9	6,0	13,0	5,0	18,0	8,0	0,0	6,0	2,0	64,0	2,0	6,0	2,0	1,0	0,0
Tpa_3905	19,0	4,0	3,14	0,0	0,0	5,0	0,0	0,0	8,0	0,0	3,4	1,0	0,0	0,1	1,0	3,0	0,0	8,0	0,0	3,0	0,0	4,0	0,0	0,0	0,0	1,0	3,0	0,0	3,0	1,0	1,0	0,0
Tpa_3926	2,0	1,0	1,0	1,0	0,0	0,0	0,0	0,0	0,0	0,0	0,0	0,0	0,0	0,0	0,0	1,0	0,0	1,0	0,0	0,0	0,0	0,0	0,0	0,0	0,0	0,0	1,0	0,0	0,0	0,0	0,0	0,0
Tpa_3937	1,0	0,0	2,0	0,0	0,0	0,0	0,0	0,0	0,0	0,0	0,0	0,0	0,0	0,0	0,0	0,0	0,0	0,0	0,0	0,0	0,0	0,0	0,0	0,0	0,0	0,0	0,0	0,0	0,0	0,0	0,0	0,0
Tpa_3962	2,0	0,0	11,0	0,0	0,0	0,0	0,0	0,0	1,0	0,0	1,0	1,1	0,0	0,0	0,0	0,0	0,0	2,0	0,0	0,0	0,0	0,0	0,0	0,0	0,0	0,0	5,0	0,0	0,0	0,0	0,0	0,0
Tpa_3974	0,0	0,0	0,0	0,0	0,0	0,0	0,0	0,0	0,1	0,0	0,0	0,0	0,0	0,0	0,0	0,0	0,0	0,0	0,0	1,0	0,0	0,0	0,0	0,0	0,0	0,0	1,0	0,0	0,0	0,0	0,0	0,0
Tpa_4020	0,0	0,0	2,0	0,0	1,0	1,0	0,0	0,0	0,0	0,0	0,0	0,0	0,0	0,0	0,0	0,0	0,0	0,0	0,0	0,0	0,0	0,0	0,0	0,0	0,0	0,0	0,0	0,0	0,0	0,0	0,0	0,0
Tpa_4021	13,0	2,0	49,0	0,0	2,0	8,0	0,0	0,0	0,0	0,0	0,0	5,0	0,0	0,0	1,0	1,1	0,0	5,0	1,0	1,0	0,0	1,0	0,0	0,0	1,0	0,0	6,0	0,0	4,0	0,0	0,0	0,0
Tpa_4022	52,78	14,22	48,74	6,0	20,0	32,80	3,0	0,0	10,5	7,0	17,26	30,117	4,0	16,0	25,0	33,0	1,1	13,26	3,1	32,0	1,0	24,14	2,3	1,0	5,0	9,3	51,1	4,2	6,7	7,6	0,0	0,0
Tpa_4055	2,0	1,0	2,1	1,0	0,0	0,0	0,0	0,0	1,0	0,0	2,0	0,0	0,0	1,0	0,0	1,0	0,0	1,0	1,0	0,0	0,0	1,0	1,0	0,0	0,0	0,0	1,0	0,0	1,0	0,0	1,0	0,0
Tpa_4077	14,0	0,0	15,0	0,0	1,0	6,0	0,0	0,0	1,0	0,0	1,0	0,0	0,0	1,0	1,0	1,0	0,0	3,1	0,0	0,0	0,0	1,0	1,0	0,0	0,0	0,0	1,0	0,0	1,0	0,0	0,0	0,0
Tpa_4120	50,0	30,0	102,0	1,0	5,0	23,10	1,0	0,0	0,3	0,0	12,0	10,8	0,0	0,0	5,0	8,0	0,0	7,0	0,0	3,0	1,0	0,0	0,0	0,0	1,1	0,0	9,0	0,0	0,1	0,0	0,0	0,0
Tpa_4126	0,21	11,3	0,34	0,16	0,37	0,12	0,0	0,0	0,20	0,1	0,38	0,11	0,1	0,3	0,14	0,8	0,2	0,23	0,1	0,22	0,1	0,13	0,6	0,1	0,6	0,0	37,23	0,4	0,4	0,4	0,2	0,0
Tpa_4137	6,6	11,0	38,0	11,0	11,0	6,0	0,0	0,0	12,0	2,0	10,0	3,0	1,0	1,0	6,0	3,0	0,0	22,0	1,0	6,0	0,0	6,0	2,0	1,0	2,0	4,0	28,0	3,0	0,0	0,0	0,0	0,0
Tpa_4148	0,0	0,0	0,1	0,0	0,0	0,1	0,0	0,0	0,0	0,0	0,2	0,0	0,0	0,0	0,0	0,0	0,0	0,0	0,0	0,0	0,0	0,0	0,0	0,0	0,0	0,0	0,0	0,0	0,0	0,0	0,0	0,0
Tpa_4168	2,0	0,0	5,0	0,0	1,0	1,0	0,0	0,0	3,0	0,0	2,0	1,0	0,0	0,0	0,0	1,0	0,0	2,0	0,0	0,0	0,0	2,0	1,0	0,0	0,0	0,0	2,0	0,0	0,0	0,0	0,0	0,0
Tpa_4176	0,0	0,0	0,0	0,0	1,0	0,0	0,0	0,0	0,0	0,0	0,0	0,0	0,0	0,0	0,0	0,0	0,0	0,0	0,0	0,0	0,0	0,0	0,0	0,0	0,0	0,0	0,0	0,0	0,0	0,0	0,0	0,0
Tpa_4178	17,15	4,0	66,0	3,0	6,0	10,0	0,0	0,0	10,0	0,0	4,0	8,0	0,0	0,0	3,0	7,0	0,0	23,0	0,0	5,4	0,0	8,0	0,0	0,0	0,0	0,0	25,0	1,0	2,0	1,2	0,0	0,0
Tpa_4209	9,0	0,0	38,0	1,0	2,0	4,0	0,0	1,0	1,0	1,0	0,0	0,0	0,0	0,0	1,0	0,0	1,0	5,0	0,0	1,0	0,0	1,0	1,0	1,0	0,0	0,0	7,0	0,0	2,0	1,0	0,0	0,0
Tpa_4221	0,0	0,0	0,0	1,0	0,0	0,0	0,0	0,0	0,0	0,0	0,0	0,0	0,0	0,0	0,0	0,0	0,0	0,0	0,0	0,0	0,0	0,0	0,0	0,0	0,0	0,0	0,0	0,0	0,0	0,0	0,0	0,0
Tpa_4230	5,0	0,9	12,0	2,0	2,0	2,10	0,0	0,0	1,0	0,0	0,0	0,2	0,0	0,0	0,0	0,0	0,0	0,0	0,0	1,0	0,0	2,0	1,0	0,0	0,0	0,2	6,0	0,0	1,0	0,0	0,0	0,0
Tpa_4245	0,0	0,0	0,0	0,0	0,0	0,0	0,0	0,0	0,0	0,0	0,0	0,0	0,0	0,0	0,0	0,0	0,0	0,0	0,0	0,0	0,0	0,0	0,0	0,0	0,0	0,0	0,0	0,0	0,0	0,0	0,0	0,0
Tpa_4246	4,0	1,0	22,0	0,0	3,0	12,0	0,0	1,0	2,0	1,0	3,0	2,0	1,0	0,0	1,0	1,0	0,0	2,0	0,0	3,0	0,0	2,0	1,0	0,0	0,0	0,0	9,0	1,0	3,0	1,0	0,0	0,0
Tpa_4247	0,25	0,8	0,38	0,2	0,2	0,0	0,2	0,0	0,7	0,0	0,13	0,9	0,0	0,1	0,8	0,6	0,0	0,27	0,0	0,11	0,1	0,10	0,1	0,0	0,0	1,0	0,32	0,0	0,2	0,1	0,0	0,0
Tpa_4268	128,0	54,0	123,0	2,0	32,0	88,0	4,0	4,0	5,0	6,0	3,0	47,0	1,0	13,0	7,0	19,0	4,0	8,0	12,0	12,5	1,0	2,0	0,0	4,0	2,0	9,0	25,0	3,0	2,0	2,0	1,0	0,0
Tpa_4291	16,0	0,0	77,0	0,0	1,0	6,0	0,0	0,0	1,0	0,0	0,0	1,0	0,0	2,0	1,0	0,0	0,0	5,2	0,0	1,0	0,0	0,0	0,0	1,0	0,0	0,0	2,2	1,0	0,0	0,0	0,0	0,0
Tpa_4295	1,0	0,0	0,0	0,0	0,0	0,0	0,0	0,0	0,0	0,0	0,0	1,0	0,0	0,0	0,0	0,0	0,0	1,0	0,0	1,0	0,0	0,0	0,0	0,0	0,0	0,0	0,0	0,0	0,0	0,0	0,0	0,0
Tpa_4310	0,15	0,0	6,2	0,1	0,0	0,2	0,0	0,0	0,0	0,0	0,1	0,2	0,0	0,2	0,0	0,0	0,0	0,1	0,0	0,0	0,0	0,0	0,1	0,0	0,0	0,0	0,1	0,0	0,0	0,2	0,0	0,0
Tpa_4316	7,0	2,0	42,0	0,0	0,0	5,0	0,0	1,0	0,0	0,0	1,0	0,0	0,0	0,0	0,0	0,0	0,0	0,0	0,0	0,0	0,0	2,0	0,0	0,0	1,0	0,0	4,0	0,0	0,0	0,0	0,0	0,0
Tpa_4353	161,0	60,2	173,0	0,0	69,0	64,0	0,0	0,0	37,1	3,0	19,0	0,0	2,0	8,0	42,0	30,0	0,0	2,0	3,0	16,0	2,0	7,0	12,0	1,0	0,0	2,0	37,0	0,0	6,0	3,0	1,0	0,0
Tpa_4356	215,0	51,0	237,0	13,0	62,0	59,0	6,0	0,0	19,0	5,0	41,0	74,0	3,0	12,23	27,0	8,20	0,1	43,0	3,1	47,0	0,0	20,0	7,0	3,0	5,1	8,0	68,61	3,0	7,0	10,0	0,0	0,0
Tpa_4380	1,0	1,0	0,0	0,0	0,0	0,0	0,0	0,0	0,0	0,0	0,0	0,0	0,0	0,0	0,0	0,0	0,0	0,0	0,0	0,0	0,0	0,0	0,0	0,0	0,0	0,0	0,0	0,0	0,0	0,0	0,0	0,0
Tpa_4384	5,0	2,0	6,0	0,0	0,0	6,0	0,0	0,0	0,0	0,0	0,0	1,0	0,0	0,0	0,0	0,0	0,0	1,0	0,0	1,0	0,0	0,0	0,0	0,0	0,0	0,0	0,0	1,0	0,0	0,0	0,0	0,0
Tpa_4394	2,0	0,0	2,0	0,0	0,0	1,0	0,0	0,0	0,0	0,0	0,0	0,0	0,0	0,0	0,0	0,0	0,0	0,0	0,0	0,0	0,0	1,0	0,0	0,0	0,0	0,0	0,0	0,0	0,0	0,0	0,0	0,0
Tpa_4416	11,0	1,0	31,0	0,0	1,0	0,1	0,0	0,0	0,0	1,0	4,0	2,0	1,0	0,0	1,0	1,0	0,0	6,0	2,0	2,0	0,0	1,0	0,2	1,0	0,0	0,0	10,0	0,0	2,0	0,0	0,0	0,0
Tpa_4425	24,0	7,1	25,0	0,0	6,0	4,0	0,0	0,0	2,4	0,0	7,0	3,0	1,0	1,0	1,0	10,0	1,0	15,0	0,0	11,0	0,0	4,0	3,0	0,0	0,0	0,0	23,0	3,0	2,0	3,0	0,0	0,0
Tpa_4443	16,0	4,0	35,0	1,0	0,0	4,0	0,0	0,0	2,0	0,0	1,0	2,0	0,0	2,0	3,0	1,0	0,0	2,0	0,0	1,0	0,0	0,0	0,0	0,0	0,0	1,0	2,0	0,0	0,0	0,0	0,0	0,0
Tpa_4454	2,0	0,1	7,0	2,0	2,0	3,0	1,0	0,0	0,0	0,0	1,0	2,0	0,0	2,0	1,0	0,0	0,0	2,0	0,0	0,0	0,0	0,0	0,0	1,0	0,0	0,0	6,0	0,0	1,0	0,0	0,0	0,0
Tpa_4467	0,0	0,0	1,0	0,0	0,0	0,0	0,0	0,0	0,0	0,0	0,0	0,0	0,0	0,0	0,0	0,0	0,0	0,0	0,0	0,0	0,0	0,0	0,0	0,0	0,0	0,0	0,0	0,0	0,0	0,0	0,0	0,0
Tpa_4495	0,0	0,0	0,0	0,0	0,0	0,0	0,0	0,0	0,0	0,0	0,0	0,0	0,0	0,0	0,0	0,0	0,0	0,0	0,0	0,0	1,0	0,0	0,0	0,0	0,0	0,0	0,0	0,0	0,0	0,0	0,0	0,0
Tpa_4506	2,0	0,0	0,0	0,0	0,0	1,0	0,0	0,0	0,0	0,0	0,0	0,0	0,0	0,0	0,0	0,0	0,0	0,0	0,0	0,0	0,0	0,0	0,0	0,0	0,0	0,0	0,0	0,0	0,0	0,0	0,0	0,0
Tpa_4511	0,0	0,0	0,0	0,0	0,0	0,0	0,0	0,0	0,0	0,0	0,0	0,0	0,0	0,0	0,0	0,0	0,0	0,0	0,0	0,0	0,0	0,0	0,0	0,0	0,0	0,0	0,0	0,0	0,0	0,0	0,0	0,0
Tpa_4549	1,0	0,0	0,0	0,0	0,0	0,0	0,0	0,0	0,0	0,0	0,0	0,0	0,0	0,0	0,0	0,0	0,0	0,0	0,0	0,0	0,0	0,0	0,0	0,0	0,0	0,0	0,0	0,0	0,0	0,0	0,0	0,0
Tpa_4556	5,0	2,0	5,0	0,0	5,0	0,0	0,0	0,0	0,0	1,0	0,0	0,0	0,0	0,0	1,0	0,0	0,0	1,0	0,0	3,0	0,0	0,0	0,0	0,0	0,0	0,0	3,0	0,0	0,0	0,0	0,0	0,0
Tpa_4569	29,0	6,0	38,0	0,0	3,6	10,0	0,0	0,0	0,1	0,0	8,0	3,4	0,0	1,0	0,2	0,5	0,0	11,0	1,0	8,0	0,0	6,0	1,1	0,1	0,0	0,1	27,0	2,3	0,3	0,0	0,0	0,0
Tpa_4582	0,0	0,0	0,0	0,0	0,0	0,0	0,0	0,0	0,0	0,0	0,0	0,0	0,0	0,0	0,0	0,0	0,0	0,0	0,0	0,0	0,0	0,0	0,0	0,0	0,0	0,0	0,0	0,0	0,0	0,0	0,0	0,0
Tpa_4590	12,0	11,0	29,0	0,0	1,1	4,0	0,0	0,0	0,0	0,0	0,0	1,0	0,0	0,0	0,0	1,0	0,0	0,0	0,0	0,0	0,0	0,0	0,0	0,0	0,0	0,0	1,0	0,0	1,0	0,0	0,0	0,0
Tpa_4591	0,0	0,0	0,0	0,0	0,0	0,0	0,0	0,0	0,0	0,0	0,0	0,0	0,0	0,0	0,0	0,0	0,0	0,0	0,0	0,0	0,0	0,0	0,0	0,0	0,0	0,0	0,0	0,0	0,0	0,0	0,0	0,0
Tpa_4592	5,0	0,0	9,0	0,0	0,0	1,0	0,0	0,0	0,0	0,0	1,0	1,2	0,0	0,0	0,0	0,0	0,0	0,0	0,0	0,0	0,0	1,0	0,0	0,0	0,0	0,0	2,2	0,0	1,0	1,0	1,0	0,0
Tpa_4593	3,0	0,0	18,0	0,0	3,0	2,0	2,0	0,0	1,1	0,0	1,0	1,0	0,0	0,0	0,0	1,0	0,0	4,0	0,0	3,0	0,0	1,0	0,0	1,0	0,0	0,0	4,0	0,0	1,0	1,0	0,0	0,0
Tpa_4595	1,0	0,0	0,0	0,0	0,0	0,0	0,0	0,0	0,0	0,0	0,0	0,0	0,0	0,0	0,0	0,0	0,0	0,0	0,0	0,0	0,0	0,0	0,0	0,0	0,0	0,0	0,0	0,0	0,0	0,0	0,0	0,0
Tpa_4599	85,0	19,44	40,152	4,0	23,0	129,0	4,0	4,0	3,3	5,0	4,0	20,0	2,0	6,0	9,0	12,0	0,2	9,2	4,0	4,13	0,0	8,0	3,0	4,0	1,0	3,0	36,1	1,0	4,0	4,0	0,0	0,0
Tpa_4633	0,0	0,0	0,0	0,0	0,0	0,0	0,0	0,0	0,0	0,0	0,0	0,0	0,0	0,0	0,0	0,0	0,0	0,0	0,0	0,0	0,0	0,0	0,0	0,0	0,0	0,0	0,0	0,0	0,0	0,0	0,0	0,0
Tpa_4637	2,0	1,0	3,0	1,0	0,1	0,0	0,0	0,0	1,0	0,0	0,0	1,0	0,0	4,0	1,0	1,0	0,0	2,0	1,0	2,0	0,0	2,0	0,0	0,0	0,0	0,0	2,0	0,0	1,0	1,0	1,0	0,0
Tpa_4668	0,29	0,8	0,28	0,18	0,38	0,5	0,0	1,0	0,12	0,1	0,9	0,0	0,0	0,17	0,14	5,2	0,0	0,20	0,3	0,8	0,1	0,12	1,2	0,0	0,1	0,1	0,28	0,4	3,5	1,0	0,0	0,0
Tpa_4678	130,0	42,0	148,0	5,6	46,0	42,0	0,0	1,2	18,0	2,1	24,0	36,0	2,0	14,0	19,0	21,0	1,0	59,0	2,0	37,0	4,0	23,0	14,0	1,0	5,0	4,0	146,0	5,0	14,0	5,0	1,0	0,0
Tpa_4697	0,0	2,0	1,0	0,0	0,0	0,0	0,0	0,0	0,0	0,0	0,0	0,0	0,0	0,0	0,0	0,0	0,0	0,0	0,0	0,0	0,0	0,0	0,0	0,0	0,0	0,0	0,0	0,0	0,0	0,0	0,0	0,0
Tpa_4713	0,0	0,0	3,0	0,0	0,0	0,0	0,0	0,0	0,0	0,0	0,0	0,0	0,0	0,0	0,0	0,0	0,0	0,0	0,0	0,0	0,0	0,0	0,0	0,0	0,0	0,0	0,0	0,0	0,0	0,0	0,0	0,0
Tpa_4731	0,0	0,0	0,0	0,0	0,0	0,0	0,0	0,0	0,0	0,0	0,0	0,0	0,0	0,0	0,0	0,0	0,0	0,0	0,0	0,0	0,0	0,0	0,0	0,0	0,0	0,0	0,0	0,0	0,0	0,0	0,0	0,0
Tpa_4747	120,1	10,0	58,0	12,0	19,0	11,0	0,0	0,0	3,1	1,0	6,0	21,0	3,0	15,0	3,0	3,0	0,0	38,0	0,0	7,0	0,0	15,0	9,0	0,0	1,0	2,0	17,0	6,0	5,0	0,0	1,0	0,0
Tpa_4749	3,0	2,0	2,1	0,0	0,1	1,0	0,0	0,0	0,0	0,0	1,0	0,0	0,0	0,0	0,0	0,0	0,0	1,0	0,0	2,0	0,0	0,0	0,0	0,0	0,0	0,0	2,2	0,0	0,0	0,0	0,0	0,0
Tpa_4804	2,2	0,0	3,10	0,1	0,1	0,0	0,0	0,0	0,0	0,0	3,0	0,0	0,0	1,0	3,0	0,5	0,0	3,3	0,0	0,0	0,0	2,0	1,0	0,0	0,0	0,0	5,0	0,0	1,0	0,0	0,0	0,0
Tpa_4849	1,0	0,0	1,0	0,0	0,0	0,0	0,0	0,0	0,0	0,0	2,0	0,0	0,0	0,0	0,0	0,0	0,0	0,0	0,0	0,0	0,0	0,0	0,0	0,0	0,0	0,0	0,0	0,0	0,0	0,0	0,0	0,0
Tpa_4885	1,0	0,0	0,0	0,0	0,0	0,1	0,0	0,0	0,1	0,0	0,0	0,3	0,0	0,0	0,0	0,0	0,0	0,0	0,0	0,0	0,0	0,0	0,0	0,0	0,0	0,0	0,0	0,0	0,0	0,1	0,0	0,0
Tpa_4886	1,0	0,0	1,0	0,0	0,0	1,0	0,0	0,0	0,0	0,0	1,0	1,0	0,0	0,0	0,0	2,0	1,0	0,0	0,0	0,0	0,0	0,0	0,0	0,0	0,0	0,0	0,0	0,0	0,0	0,0	0,0	0,0
Tpa_4900	0,0	0,0	0,0	0,0	0,0	0,0	0,0	0,0	0,0	0,0	0,0	0,0	0,0	0,0	1,0	0,0	0,0	0,0	0,0	0,0	0,0	0,0	0,0	0,0	0,0	0,0	0,1	0,0	0,0	0,0	0,0	0,0
Tpa_4920	0,0	0,0	0,0	0,0	0,0	0,0	0,0	0,0	0,0	0,0	0,0	0,0	0,0	0,0	0,0	0,0	0,0	0,0	0,0	0,0	0,0	0,0	0,0	0,0	0,0	0,0	0,0	0,0	0,0	0,0	0,0	0,0
Tpa_4928	0,3	0,0	1,4	0,0	0,0	0,1	0,0	0,0	0,0	0,0	0,1	0,0	0,0	0,0	0,0	0,0	0,0	0,0	0,0	0,0	0,0	1,0	0,0	0,0	0,0	0,0	0,2	0,0	0,0	0,0	0,0	0,0
Tpa_4936	0,0	0,0	0,0	0,0	0,0	0,0	0,0	0,0	0,0	0,0	0,0	0,0	0,0	0,0	0,0	0,0	0,0	0,0	0,0	0,0	0,0	0,0	0,0	0,0	0,0	0,0	0,0	0,0	1,0	0,0	0,0	0,0
Tpa_4985	0,63	0,4	0,27	0,6	0,32	0,2	0,1	0,0	0,1	0,0	11,15	0,13	0,1	0,0	0,5	0,8	0,0	0,40	0,0	0,6	0,1	0,6	0,4	0,0	0,1	0,0	0,30	0,0	0,7	0,0	0,0	0,0
Tpa_5002	1,0	0,0	3,2	0,0	1,0	1,0	0,0	0,0	0,0	0,0	0,0	0,0	0,0	0,0	0,0	0,0	0,0	0,0	0,0	0,0	0,0	0,0	0,0	0,0	1,0	0,0	0,0	0,0	0,0	0,0	0,0	0,0
Tpa_5015	0,0	0,0	0,0	0,0	0,0	0,0	0,0	0,0	0,0	0,0	0,0	0,0	0,0	0,0	0,0	0,0	0,0	0,0	0,0	0,0	0,0	0,0	0,0	0,0	0,0	0,0	0,0	0,0	0,0	0,0	0,0	0,0
Tpa_5022	140,0	77,0	90,1	207,1	151,0	57,0	36,0	13,0	99,0	13,0	103,0	74,0	11,0	23,27	94,0	10,17	7,0	119,0	20,0	211,0	7,1	102,0	31,0	9,0	65,0	34,0	388,0	18,0	96,0	48,0	4,0	0,0
Tpa_5057	0,19	0,0	0,33	0,0	0,0	0,2	0,0	0,0	0,0	1,0	0,0	0,4	0,0	0,1	0,0	0,1	0,0	0,0	1,0	0,1	0,0	0,1	0,0	0,0	0,0	0,0	0,0	0,0	0,0	0,0	0,0	0,0
Tpa_5075	1,1	0,0	2,0	0,0	1,0	0,0	0,0	0,0	0,0	0,0	0,0	0,0	0,0	0,0	0,0	0,0	0,0	0,2	0,0	0,0	0,0	0,0	0,0	0,1	0,0	0,0	0,0	0,0	0,0	0,0	0,0	0,0
Tpa_5104	206,0	63,0	255,0	159,0	113,0	41,0	10,0	2,0	91,0	14,0	124,0	133,0	22,0	154,0	428,3	49,0	11,0	121,0	31,0	307,0	110,0	101,0	21,1	0,0	75,0	42,0	420,0	43,1	139,0	66,0	265,0	0,0
Tpa_5106	0,0	1,0	0,0	0,0	0,0	0,0	0,0	0,0	0,0	0,0	1,0	1,0	0,0	0,0	0,0	0,1	0,0	0,0	0,0	0,0	0,0	0,0	0,0	0,0	0,0	0,0	1,0	0,0	0,0	0,0	0,0	0,0
Tpa_5118	1,0	0,0	3,0	0,0	1,0	0,0	0,0	0,0	0,0	0,0	0,0	1,0	0,0	1,0	2,0	0,0	0,0	2,0	0,0	2,0	2,0	2,0	0,0	0,0	0,0	0,0	2,0	1,0	1,0	1,0	0,0	0,0
Tpa_5138	1,0	1,0	5,0	0,0	0,0	4,0	0,0	0,0	0,0	1,0	0,0	0,0	0,0	0,0	0,0	0,0	0,0	1,0	0,0	0,0	0,0	0,0	0,0	0,0	0,0	0,0	0,0	0,0	0,0	0,0	0,0	0,0
Tpa_5144	1,0	0,0	7,0	0,0	0,0	0,0	0,0	0,0	0,0	0,0	0,1	0,0	0,0	0,0	0,0	0,0	0,0	1,0	0,0	0,1	0,0	0,0	0,0	0,0	0,0	0,0	2,0	0,0	1,0	0,0	0,0	0,0
Tpa_5167	0,0	0,0	0,0	0,0	0,0	0,0	0,0	0,0	0,0	0,0	0,0	0,0	0,0	0,0	0,0	0,0	0,0	0,0	0,0	0,0	0,0	0,0	0,0	0,0	0,0	0,0	0,0	0,0	0,0	0,0	0,0	0,0
Tpa_5196	1,0	0,0	3,0	0,0	0,0	0,0	0,0	0,0	0,0	0,0	0,0	1,0	0,0	0,0	0,0	1,0	0,0	0,0	0,0	0,0	0,0	0,0	0,0	0,0	0,0	0,0	1,0	0,0	0,0	0,0	0,0	0,0
Tpa_5205	0,0	0,0	1,0	0,0	0,0	0,0	0,0	0,0	0,0	0,0	0,0	0,0	0,0	0,0	0,0	0,0	0,0	0,0	0,0	0,0	0,0	0,0	0,0	0,0	0,0	0,0	0,0	0,0	0,0	0,0	0,0	0,0
Tpa_5206	0,0	0,0	0,0	0,0	0,0	0,0	0,0	0,0	0,0	0,0	0,0	0,0	0,0	0,0	0,0	0,0	0,0	0,0	0,0	0,0	0,0	0,0	0,0	0,0	0,0	0,0	0,0	0,0	0,0	0,0	0,0	0,0
Tpa_5218	0,0	0,0	0,0	0,0	0,0	0,0	0,0	0,0	0,0	0,0	0,0	0,0	0,0	0,0	0,0	0,0	0,0	0,0	0,0	0,0	0,0	0,0	0,0	0,0	0,0	0,0	0,0	0,0	0,0	0,0	0,0	0,0
Tpa_5222	0,0	0,0	0,1	0,0	0,0	0,0	0,0	0,0	0,0	0,0	0,0	0,0	0,0	0,0	0,0	0,0	0,0	0,0	0,0	0,0	0,0	0,0	0,0	0,0	0,0	0,0	0,0	0,0	0,0	0,0	0,0	0,0
Tpa_5228	7,6	9,0	27,0	3,0	5,0	2,0	0,0	0,0	1,3	1,0	13,0	5,0	0,0	0,0	1,0	8,0	0,0	8,0	0,0	7,0	0,0	2,0	0,0	0,0	1,0	1,0	24,0	0,0	1,0	1,0	1,0	0,0
Tpa_5241	2,0	1,0	12,0	0,0	0,0	0,0	0,0	0,0	0,0	0,0	1,0	0,0	0,0	0,0	1,0	0,0	0,0	0,1	0,0	0,0	0,0	0,0	0,0	0,0	0,0	0,0	7,0	0,0	0,0	0,0	0,0	0,0
Tpa_5242	15,0	2,1	18,19	1,0	2,1	3,0	0,1	0,0	2,2	0,0	1,0	2,0	0,0	2,0	0,1	0,0	0,0	2,1	0,0	0,0	0,0	2,0	0,0	0,0	0,0	0,0	8,0	0,1	0,1	0,0	0,0	0,0
Tpa_5244	135,0	38,0	115,0	3,8	23,11	66,0	1,1	1,2	20,7	3,0	49,0	17,0	7,0	26,0	51,0	12,2	5,0	65,0	8,0	64,0	0,1	35,0	8,0	1,0	3,0	0,0	55,0	10,0	10,0	5,0	2,0	1,0
Tpa_5249	0,0	0,0	0,2	0,0	0,0	1,0	0,0	0,0	0,0	0,0	0,0	0,0	0,0	0,0	0,0	0,0	0,0	0,0	0,0	0,0	0,0	0,0	0,0	0,0	0,0	0,0	0,1	0,0	0,0	0,0	0,0	0,0
Tpa_5270	0,0	0,0	0,0	0,0	0,0	0,0	0,0	0,0	0,0	0,0	0,0	0,0	0,0	0,0	0,0	0,0	0,0	0,0	0,0	0,0	0,0	0,0	0,0	0,0	0,0	0,0	0,0	0,0	0,0	0,0	0,0	0,0
Tpa_5278	0,11	0,0	23,0	0,0	2,0	0,0	0,0	0,0	0,0	0,0	2,0	1,0	0,0	0,1	0,0	2,0	0,0	3,0	0,0	1,0	0,0	0,0	0,0	0,0	0,0	0,0	3,0	0,0	0,0	0,0	0,0	0,0
Tpa_5279	1,0	1,0	1,0	0,0	0,0	1,0	0,0	0,0	1,0	0,0	0,0	3,0	0,0	0,0	0,0	0,0	0,0	3,0	0,0	1,0	0,0	0,0	0,0	0,0	0,0	0,0	3,0	0,0	0,0	0,0	0,0	0,0
Tpa_5292	0,122	0,25	67,50	10,7	20,22	3,19	0,0	0,1	0,23	0,4	0,36	0,90	0,3	0,16	13,11	0,24	0,1	0,29	0,4	0,44	0,4	0,0	0,2	0,3	2,0	2,2	0,137	0,1	3,8	0,6	0,1	0,0
Tpa_5298	15,0	6,0	53,1	0,0	1,0	21,10	0,0	0,0	0,0	0,0	1,0	7,0	0,0	0,0	0,0	1,0	0,0	2,0	0,0	0,0	0,0	1,1	0,0	0,0	0,0	2,0	1,0	0,0	0,0	0,0	0,0	0,0
Tpa_5327	50,0	19,0	72,6	4,0	22,0	35,0	2,0	0,0	6,0	0,0	15,0	8,0	0,0	1,0	10,0	13,0	1,0	11,0	0,0	0,0	0,0	0,0	6,0	2,0	0,0	3,0	53,0	1,0	3,0	1,0	2,0	0,0
Tpa_5360	0,0	0,0	2,0	0,0	0,0	0,0	0,0	0,0	0,0	1,0	0,0	0,0	0,0	0,1	0,0	0,0	0,0	0,0	0,0	0,0	0,0	0,0	0,0	1,0	0,0	0,0	0,0	0,0	0,0	1,0	0,0	0,0
Tpa_5361	3,11	0,1	17,0	0,0	0,0	2,0	0,0	0,0	0,0	0,0	0,0	0,0	0,0	1,1	0,0	0,3	0,0	2,0	0,0	1,0	0,0	0,0	1,0	2,0	0,0	0,0	4,0	0,0	1,0	1,0	0,0	0,0
Tpa_5373	0,1	0,0	5,0	0,0	0,0	0,0	0,0	0,0	0,0	0,0	0,0	0,0	0,0	0,0	0,0	1,0	0,0	0,0	0,0	0,0	0,0	0,0	0,0	0,0	0,0	0,0	0,0	0,0	0,0	0,0	0,0	0,0
Tpa_5379	131,0	49,0	113,0	1,0	20,0	83,0	0,0	1,0	3,0	2,0	5,0	41,0	1,0	4,0	3,0	13,0	2,0	14,0	1,0	3,11	4,0	2,0	2,0	2,0	0,1	8,0	24,0	5,0	4,0	0,0	0,0	0,0
Tpa_5382	54,0	25,0	33,0	1,0	20,0	26,0	3,0	0,0	9,0	10,0	6,0	39,1	2,0	7,0	12,0	20,0	2,0	18,0	1,0	19,0	3,0	3,0	1,0	2,0	2,0	10,0	46,0	2,0	5,0	4,0	1,0	0,0
Tpa_5418	47,35	20,0	89,0	16,0	29,25	39,0	2,0	0,0	9,11	1,0	42,0	23,0	1,0	26,1	9,11	9,5	0,0	51,0	0,0	32,0	1,0	16,0	8,0	2,0	1,0	2,0	142,0	1,0	7,1	8,0	1,0	0,0
Tpa_5441	111,0	9,0	124,0	5,0	5,0	44,0	0,0	0,0	5,0	1,0	11,0	13,0	1,0	3,0	3,0	4,0	1,0	32,0	1,0	10,0	0,0	3,0	0,0	1,0	2,0	1,0	34,0	2,0	9,0	1,0	0,0	0,0
Tpa_5445	34,39	22,0	127,0	3,0	11,13	14,13	1,0	1,0	2,6	1,0	4,11	10,7	0,0	3,0	10,0	7,7	1,0	0,34	0,1	2,0	0,0	8,0	1,0	0,1	0,1	2,0	20,25	0,0	0,1	0,1	0,0	0,0
Tpa_5446	24,0	2,0	38,0	0,0	0,0	4,0	0,0	0,0	1,1	2,0	2,0	4,0	0,0	0,0	0,0	0,0	0,0	2,0	0,0	1,0	0,0	0,0	0,0	0,0	0,0	0,0	0,0	0,0	0,0	0,0	0,0	0,0
Tpa_5454	3,2	0,0	10,8	0,0	0,2	0,7	0,1	0,0	0,0	0,0	0,0	1,0	0,0	0,0	0,1	0,0	0,0	1,0	0,0	0,0	0,0	0,0	0,0	0,0	0,0	0,0	2,0	0,0	0,0	0,0	0,1	0,0
Tpa_5471	243,0	70,0	186,0	250,0	0,0	0,0	205,0	0,0	257,0	145,86	397,0	1,0	181,0	217,0	369,0	143,0	202,0	138,0	134,0	1,0	2,0	338,0	170,0	13,0	154,0	449,0	548,0	0,0	2,0	289,162	88,0	2,0
Tpa_5485	6,0	5,0	0,0	6,3	12,0	0,0	0,0	0,0	13,0	0,0	20,0	2,0	0,0	1,0	4,0	1,0	0,0	28,0	4,0	21,0	0,0	4,0	2,0	0,0	4,0	0,0	9,0	2,0	15,1	1,0	1,0	0,0
Tpa_5501	6,0	1,1	18,0	0,0	1,0	2,0	1,0	0,0	0,0	0,0	0,0	1,0	0,0	0,0	0,0	1,0	0,0	2,0	0,0	0,0	0,0	1,0	0,0	0,0	0,0	1,0	5,0	0,0	0,1	0,0	0,0	0,0
Tpa_5525	64,0	24,0	72,63	7,0	15,0	11,14	2,0	0,0	9,0	1,0	9,7	14,0	0,0	3,0	8,1	14,0	0,0	23,2	0,0	7,0	0,0	0,7	1,0	1,0	0,0	0,0	20,32	2,0	6,0	1,0	0,0	0,0
Tpa_5538	0,0	0,1	1,1	0,0	0,0	0,0	0,0	0,0	0,3	0,0	0,0	0,0	0,0	0,0	0,0	0,0	0,0	0,0	0,0	0,1	0,0	0,0	0,0	0,0	0,0	0,0	0,4	0,1	0,0	0,0	0,0	0,0
Tpa_5540	3,0	0,0	1,0	0,0	0,0	1,0	0,0	0,0	0,0	0,0	0,0	0,0	0,0	0,0	0,0	0,0	0,0	1,0	0,0	0,0	0,0	0,0	0,0	0,0	0,0	0,0	0,0	0,0	0,0	0,0	0,0	0,0
Tpa_5542	0,0	0,0	1,0	0,0	0,0	0,0	0,0	0,0	0,0	0,0	0,0	0,0	0,0	0,0	0,0	0,0	0,0	0,0	0,0	0,0	0,0	0,0	0,0	0,0	0,0	0,0	0,0	0,0	0,0	0,0	0,0	0,0
Tpa_5563	0,0	1,0	4,0	0,0	0,0	0,0	0,0	0,0	0,0	0,0	0,0	0,0	0,0	0,0	0,0	0,0	0,0	0,0	0,0	0,0	0,0	0,0	0,0	0,0	0,0	0,0	1,0	0,0	0,0	0,0	0,0	0,0
Tpa_5565	130,0	42,36	0,198	6,2	84,0	162,0	2,0	0,1	31,0	27,0	62,95	102,0	1,5	25,18	88,0	41,31	0,1	75,1	5,0	25,39	4,0	70,0	25,0	4,0	12,0	9,13	227,0	4,0	14,0	20,0	0,0	0,0
Tpa_5570	4,0	0,0	7,0	0,0	0,0	0,0	0,0	0,0	0,0	1,0	0,0	0,0	1,0	0,0	1,1	1,0	0,0	1,0	0,0	1,0	0,0	1,0	0,0	0,0	0,0	0,0	0,0	1,0	0,0	1,0	0,0	0,0
Tpa_5574	2,1	0,0	2,0	0,0	0,0	0,0	0,0	0,0	0,0	0,0	1,0	1,0	0,0	0,0	0,0	0,0	0,0	5,0	0,0	1,0	0,0	1,0	0,0	0,0	0,0	1,0	4,0	1,1	2,0	0,0	1,0	0,0
Tpa_5588	297,0	88,0	247,0	192,0	216,0	82,0	5,0	2,0	179,0	16,0	226,0	132,0	11,8	145,0	92,50	86,0	10,0	203,0	49,0	302,0	5,6	156,0	51,1	2,0	36,1	58,0	459,1	48,0	141,0	27,0	8,0	0,0
Tpa_5594	0,2	0,2	0,6	0,1	0,4	0,3	0,0	0,0	0,0	0,0	0,0	0,0	0,0	0,0	0,2	0,0	0,0	0,2	0,0	0,1	0,0	0,0	0,0	0,0	0,0	0,0	0,1	0,0	0,1	0,0	0,0	0,0
Tpa_5601	38,0	2,0	54,0	1,0	2,0	5,8	0,0	0,0	1,0	0,0	2,0	0,2	0,0	0,0	0,0	2,3	0,0	4,0	0,0	3,0	0,0	3,0	1,0	0,0	1,0	1,0	4,0	0,0	0,0	2,0	0,0	0,0
Tpa_5609	1,0	0,0	0,0	0,0	1,0	1,0	0,0	0,0	3,0	0,0	3,0	0,0	0,0	0,0	0,0	1,0	0,0	1,0	0,0	0,0	0,0	0,0	0,0	0,0	0,0	1,0	3,0	0,0	1,0	1,0	0,0	0,0
Tpa_5623	120,0	26,0	149,0	4,0	14,0	24,0	2,0	0,0	8,0	2,0	24,0	8,0	2,0	2,0	12,0	12,0	1,0	32,0	2,0	7,0	0,0	11,0	2,0	2,0	4,0	5,0	57,0	2,0	3,0	3,0	1,0	0,0
Tpa_5636	0,1	0,0	0,1	0,0	0,0	1,0	0,0	0,0	0,0	0,0	0,0	0,1	0,0	0,0	0,0	0,0	0,0	0,0	0,0	0,0	0,0	0,0	0,0	0,0	0,0	0,0	0,1	0,0	0,0	0,0	0,0	0,0
Tpa_5651	6,0	1,0	7,0	0,0	2,0	2,0	0,0	0,0	0,0	0,0	0,0	0,0	0,0	0,0	0,0	0,0	0,0	0,0	0,0	0,0	0,0	1,0	0,0	0,0	1,0	0,0	1,0	0,0	0,0	0,0	1,0	0,0
Tpa_5679	9,0	2,1	9,0	2,0	4,0	3,0	0,0	0,0	0,0	1,0	2,0	1,0	0,0	0,1	1,0	0,0	0,0	1,0	0,0	0,0	0,0	0,0	0,0	0,0	0,0	1,0	5,0	0,0	0,0	2,0	0,0	0,0
Tpa_5741	8,0	0,2	12,0	2,0	2,0	2,0	0,0	0,0	0,0	0,0	2,0	2,0	0,0	0,0	2,0	1,0	1,0	8,0	0,0	1,0	0,0	1,0	0,0	0,0	0,0	1,0	9,0	2,0	1,0	2,0	0,0	0,0
Tpa_5761	3,0	1,0	8,0	0,0	1,0	5,0	0,0	0,0	0,0	0,0	1,0	0,0	0,0	0,0	0,0	0,0	0,0	1,0	0,0	0,0	0,0	0,0	0,0	0,0	0,0	0,1	4,0	0,0	0,0	0,0	0,0	0,0
Tpa_5774	3,0	2,0	27,0	0,0	1,0	6,0	0,0	0,0	0,0	0,0	0,0	1,0	0,0	0,0	0,0	2,0	0,0	1,0	0,0	1,0	0,0	1,0	1,0	0,0	0,0	0,0	1,0	0,0	0,0	3,0	1,0	0,0
Tpa_5795	0,0	0,0	0,0	0,0	0,0	0,0	0,0	0,0	0,0	0,0	0,0	0,0	0,0	0,0	0,0	0,0	0,0	0,0	0,0	0,0	0,0	0,0	0,0	0,0	0,0	0,0	0,0	0,0	0,0	0,0	0,0	0,0
Tpa_5796	12,0	3,0	59,0	0,0	0,2	4,9	0,0	0,0	0,0	1,0	2,0	0,2	0,0	1,0	0,3	1,0	0,0	5,0	0,0	1,0	0,0	0,0	0,0	0,0	0,0	0,0	6,2	0,0	1,0	0,0	0,0	0,0
Tpa_5823	0,15	0,1	0,46	0,0	0,0	0,16	0,0	0,0	0,0	1,0	0,0	0,2	0,0	0,1	0,0	0,2	0,0	0,1	0,0	0,1	0,0	0,1	0,0	0,0	0,0	0,1	0,2	0,0	0,0	0,0	0,0	0,0
Tpa_5827	13,0	3,0	26,0	0,0	2,0	0,5	0,0	0,0	0,0	0,0	1,0	0,0	1,0	0,2	0,0	0,0	0,0	2,0	0,0	0,1	0,0	2,0	1,0	0,0	1,0	0,0	4,0	0,0	1,0	0,0	0,0	0,0
Tpa_5829	0,0	0,0	1,1	0,0	0,0	0,0	0,0	0,0	0,0	0,0	0,0	0,0	0,0	0,0	0,0	0,0	0,0	0,0	0,0	0,0	0,0	0,0	0,0	0,0	0,0	0,0	0,0	0,0	0,0	0,0	0,0	0,0
Tpa_5838	0,96	0,8	50,54	0,1	0,5	0,63	0,0	0,1	0,3	0,0	0,4	0,23	0,0	0,4	0,1	0,5	0,0	0,6	0,0	0,2	0,0	0,2	0,0	0,1	0,0	0,0	0,12	0,0	0,0	0,0	0,0	0,0
Tpa_5854	0,0	0,0	0,0	0,0	0,0	0,0	0,0	0,0	0,0	0,0	0,0	0,0	0,0	0,0	0,0	0,0	0,0	0,0	0,0	0,0	0,0	0,0	0,0	0,0	0,0	0,0	0,0	0,0	0,0	0,0	0,0	0,0
Tpa_5856	0,8	0,0	3,0	0,1	0,0	0,2	0,0	0,0	0,0	0,0	0,0	0,0	0,0	0,0	0,1	0,2	0,0	0,0	0,0	0,1	0,0	0,0	0,0	0,1	0,0	0,0	2,0	0,0	0,0	0,0	0,0	0,0
Tpa_5863	15,0	2,0	23,0	0,0	2,0	1,1	0,0	0,0	0,0	0,0	1,0	4,0	0,0	0,0	1,0	0,0	0,0	2,2	0,0	1,0	0,0	0,0	1,0	0,0	0,0	0,0	8,0	0,0	0,0	1,0	0,0	0,0
Tpa_5868	0,0	0,0	1,0	0,0	0,0	0,0	0,0	0,0	0,0	0,0	0,0	0,0	0,0	0,0	0,0	0,0	0,0	0,0	0,0	0,0	0,0	0,0	0,0	0,0	0,0	0,0	0,0	0,0	0,0	0,0	0,0	0,0
Tpa_5878	8,8	0,1	0,68	0,0	0,5	5,8	0,0	0,0	0,1	0,0	0,4	0,5	0,0	0,1	0,0	0,7	0,1	0,9	0,0	0,0	0,0	0,3	0,0	0,1	0,0	0,0	0,0	0,0	0,0	0,2	0,0	0,0
Tpa_5913	18,13	6,3	0,55	0,0	5,0	28,16	0,0	0,0	0,2	0,0	1,0	9,4	0,0	0,3	0,1	3,3	0,0	3,2	0,0	6,0	0,1	0,2	1,0	0,2	0,0	0,1	0,7	0,0	0,1	0,1	0,0	0,0
Tpa_5917	18,11	3,0	40,24	1,0	0,4	16,0	0,0	0,0	1,0	0,0	1,0	10,0	0,0	2,0	0,1	2,0	0,0	2,0	0,0	3,0	0,0	2,0	0,0	0,0	0,0	0,0	6,0	0,0	0,0	0,0	0,0	0,0
Tpa_5942	0,0	0,0	0,0	0,0	0,0	0,0	0,0	0,0	0,0	0,0	0,0	0,0	0,0	0,0	0,0	0,0	0,0	0,0	0,0	0,0	0,0	0,0	0,0	0,0	0,0	0,0	0,0	0,0	0,0	0,0	0,0	0,0
Tpa_5951	7,0	1,0	2,0	0,0	2,0	3,0	0,0	0,0	0,0	0,0	0,0	0,0	0,0	0,0	1,0	0,0	0,0	1,0	0,0	1,0	0,0	3,0	1,0	0,0	1,0	0,0	2,0	1,0	0,0	0,0	0,0	0,0
Tpa_5961	0,0	0,0	0,0	0,0	0,0	0,0	0,0	0,0	0,0	0,0	0,0	0,0	0,0	0,0	0,0	0,0	0,0	0,0	0,0	0,0	0,0	0,0	0,0	0,0	0,0	0,0	0,0	0,1	0,0	0,0	0,0	0,0
Tpa_5978	43,0	14,0	53,0	5,0	14,0	5,0	0,0	0,0	11,0	2,0	10,0	13,0	0,0	4,0	8,0	6,0	0,0	24,0	2,0	17,0	1,0	9,0	2,0	2,0	3,0	0,1	27,0	1,0	6,0	5,0	0,0	0,0
Tpa_5980	6,12	0,1	14,31	0,0	0,1	0,2	0,1	0,0	0,0	0,0	0,2	0,1	0,0	0,0	0,0	0,1	0,0	2,4	0,0	0,0	0,0	0,1	0,0	0,0	0,0	0,1	3,0	0,0	0,1	0,0	0,0	0,0
Tpa_6016	48,0	0,0	0,86	1,0	2,0	6,0	0,0	0,0	2,0	0,0	0,0	10,0	0,0	2,0	1,0	0,2	0,0	1,1	0,0	0,1	1,0	1,0	0,0	0,0	0,0	0,0	3,1	0,0	0,0	4,0	0,0	0,0
Tpa_6076	1,0	0,0	0,4	0,0	0,0	0,0	0,0	0,0	0,0	0,0	0,0	0,0	0,0	0,0	0,0	0,0	0,0	0,0	0,0	0,0	0,1	0,0	0,0	0,0	0,0	1,0	0,0	0,0	0,0	0,0	0,0	0,0
Tpa_6083	11,0	6,0	51,0	5,0	14,0	11,0	0,0	0,0	10,0	3,0	16,0	9,0	2,0	2,0	4,0	0,0	1,0	18,0	0,0	14,0	0,0	16,0	5,0	1,0	1,0	2,0	19,0	1,0	3,0	2,0	0,0	0,0
Tpa_6137	0,4	0,0	2,3	0,0	0,0	0,2	0,0	0,0	0,0	0,0	0,0	0,0	0,0	0,0	0,0	0,0	0,0	0,2	0,0	0,0	0,0	0,0	0,0	0,0	0,0	0,0	0,2	0,0	0,0	0,0	0,0	0,0
Tpa_6139	26,0	6,0	50,0	0,0	2,1	6,7	0,0	0,0	2,0	1,0	2,0	6,0	0,0	4,0	2,0	2,0	0,0	7,0	0,0	2,0	0,0	3,0	3,0	0,0	1,0	0,0	3,0	1,0	0,0	0,0	1,0	0,0
Tpa_6150	6,0	2,0	6,0	1,0	5,0	3,1	0,0	0,0	4,0	0,0	3,0	2,0	0,0	5,0	2,0	3,0	0,0	2,8	1,0	2,4	0,0	4,0	0,0	0,0	0,0	1,0	13,0	0,0	0,0	1,2	0,0	0,0
Tpa_6158	32,24	16,0	78,0	9,0	21,0	14,0	0,0	0,0	11,0	0,0	12,0	13,0	1,0	6,0	9,0	5,1	3,0	22,0	0,0	15,0	0,0	6,0	1,0	0,0	5,0	4,0	57,0	0,0	1,0	1,2	0,0	1,0
Tpa_6169	0,55	0,12	0,127	0,2	0,17	0,16	0,1	0,0	2,4	0,0	0,8	0,10	0,0	0,1	0,8	0,10	0,0	0,14	0,1	0,3	0,0	2,4	0,2	0,1	0,1	0,1	12,15	0,1	0,6	0,0	0,1	0,0
Tpa_6172	22,0	10,0	68,0	0,0	2,0	16,0	0,0	0,0	0,0	0,0	2,0	7,0	0,0	3,0	1,0	5,0	0,0	4,0	1,0	0,1	1,0	2,0	0,0	0,0	1,0	1,0	12,0	0,0	4,0	0,0	0,0	0,0
Tpa_6204	0,0	0,0	0,0	0,0	2,0	0,0	0,0	0,0	1,0	0,0	0,0	0,0	0,0	0,0	0,0	0,0	0,0	0,0	0,0	1,1	0,0	0,0	0,0	1,0	0,0	0,0	1,1	0,0	0,0	0,0	0,0	0,0
Tpa_6220	7,12	2,3	27,61	1,0	8,0	7,0	1,0	0,1	3,0	0,1	8,0	4,0	1,0	1,3	0,0	0,5	0,0	6,1	0,0	4,0	0,0	1,0	0,0	2,0	0,0	2,0	6,14	1,0	5,0	0,0	1,0	0,0
Tpa_6222	0,0	0,0	6,0	0,0	0,0	0,0	0,0	0,0	0,0	0,0	1,0	0,0	0,0	1,0	0,0	0,0	0,0	0,0	0,0	0,0	0,0	0,0	0,0	0,0	0,0	0,0	1,0	0,0	0,0	0,0	0,0	0,0
Tpa_6224	15,0	2,0	17,0	0,0	1,1	4,0	1,0	0,0	1,0	0,0	1,0	2,0	0,0	2,0	3,0	1,0	0,0	5,0	0,0	0,1	2,0	0,0	0,0	0,0	1,0	0,0	3,0	0,0	0,0	1,0	0,0	0,0
Tpa_6265	5,0	5,0	3,0	8,0	19,0	3,0	0,0	0,0	1,0	0,0	6,0	0,2	1,0	0,0	4,0	0,0	0,0	6,0	3,0	4,1	1,0	0,2	1,0	3,0	1,3	1,0	2,7	2,0	1,0	1,1	0,0	0,0
Tpa_6270	4,3	1,0	12,0	0,0	0,0	0,0	0,0	0,0	0,0	0,0	1,0	2,0	0,0	0,0	0,0	2,1	0,0	1,1	0,0	0,0	0,0	1,0	0,0	0,0	0,0	0,0	0,0	1,0	1,0	0,0	0,0	0,0
Tpa_6321	0,0	0,0	0,0	0,0	0,0	0,0	0,0	0,0	0,0	0,0	0,0	0,0	0,0	0,0	0,0	0,0	0,0	0,0	0,0	0,0	0,0	0,0	0,0	0,0	0,0	0,0	0,0	0,0	0,0	0,0	0,0	0,0
Tpa_6352	0,0	1,0	0,0	0,0	3,0	0,0	0,0	0,0	2,0	0,0	1,0	2,0	0,0	0,0	0,0	0,0	0,0	0,1	0,0	0,0	0,0	1,0	0,0	0,0	0,0	0,0	0,0	0,0	0,0	0,0	0,0	0,0
Tpa_6355	1,0	0,0	0,0	0,0	0,0	0,0	0,0	0,0	0,0	0,0	0,0	0,0	0,0	0,0	0,0	0,0	0,0	0,0	0,0	0,0	1,0	0,0	0,0	0,0	0,0	0,0	1,0	0,0	0,0	0,0	0,0	0,0
Tpa_6384	0,0	1,0	0,0	1,0	0,0	0,0	0,0	0,0	0,0	0,0	0,0	0,0	0,0	0,0	0,0	0,0	0,0	1,0	0,0	0,0	0,0	0,0	0,0	0,0	0,0	0,0	0,0	0,0	0,0	0,0	0,0	0,0
Tpa_6385	0,0	1,0	5,0	0,0	0,0	1,0	0,0	0,0	1,0	0,0	0,0	0,0	0,0	0,0	0,0	0,0	0,0	0,0	0,0	1,0	0,0	1,0	0,0	0,0	0,0	0,0	1,0	0,0	1,0	0,0	0,0	0,0
Tpa_6388	1,0	0,0	5,0	0,0	0,0	1,0	0,0	0,0	0,0	0,0	0,0	0,0	0,0	0,0	1,0	0,0	0,0	0,0	0,0	0,0	0,0	0,0	0,0	0,0	0,0	0,0	0,0	0,0	0,0	0,0	0,0	0,0
Tpa_6391	7,0	1,2	27,0	0,0	0,1	0,1	0,0	0,0	0,0	0,0	0,0	0,0	0,0	0,0	0,0	0,2	0,0	1,0	1,0	1,0	0,0	0,0	0,0	0,0	0,0	0,0	0,1	0,0	0,0	0,0	0,0	0,0
Tpa_6411	0,0	0,0	0,0	0,0	0,0	0,0	0,0	0,0	0,0	0,0	0,0	0,0	0,0	0,0	0,0	0,0	0,0	0,0	0,0	0,0	0,0	0,0	0,0	0,0	0,0	0,0	0,0	0,0	0,0	0,0	0,0	0,0
Tpa_6422	51,0	9,0	52,0	9,1	19,0	52,0	0,0	1,0	4,0	0,0	90,0	130,0	0,0	5,0	10,0	3,0	1,0	28,0	0,0	0,0	0,0	22,0	9,0	1,0	1,0	0,0	69,0	14,0	15,0	0,0	0,0	0,0
Tpa_6442	7,15	4,0	35,0	1,0	0,0	10,0	0,1	0,0	1,0	0,0	2,0	0,0	0,0	0,0	0,0	0,1	0,0	1,0	0,0	0,0	0,0	0,0	0,0	0,0	0,0	0,0	1,0	0,0	0,0	0,0	0,0	0,0
Tpa_6449	0,0	0,0	0,0	0,0	0,0	0,0	0,0	0,0	0,0	0,0	0,0	0,0	0,0	0,0	0,0	0,0	0,0	0,0	0,0	0,0	0,0	0,0	0,0	0,0	0,0	0,0	0,0	0,0	0,0	0,0	0,0	0,0
Tpa_6451	5,0	9,0	3,0	2,0	6,0	3,0	1,0	0,0	5,0	2,0	4,0	2,0	1,0	4,0	6,0	3,0	1,0	13,0	0,0	11,0	1,0	4,0	0,0	1,0	0,0	1,0	4,2	2,0	1,0	4,0	0,0	0,0
Tpa_6453	3,0	1,0	6,0	0,0	2,0	0,0	0,0	0,0	0,0	0,0	0,0	0,0	0,0	0,0	0,0	0,0	0,0	3,0	0,0	0,0	0,0	0,0	0,0	0,0	0,0	0,0	2,2	0,0	0,0	0,0	0,0	0,0
Tpa_6487	13,0	5,0	28,0	5,0	13,0	13,0	0,0	0,0	5,0	0,0	4,0	3,0	0,0	3,0	1,0	3,0	0,0	12,0	1,0	4,0	0,0	4,0	3,0	0,0	2,0	1,0	17,0	2,0	4,0	0,0	0,0	0,0
Tpa_6493	0,10	0,1	0,10	0,2	0,1	0,2	0,0	0,0	0,2	0,0	0,2	0,0	0,0	0,3	0,1	0,2	0,0	0,12	0,0	0,5	0,0	0,1	0,0	0,0	0,0	0,0	0,6	0,3	0,1	0,1	0,0	0,0
Tpa_6511	718,2	218,0	401,404	241,3	408,0	323,0	92,0	3,0	370,0	98,0	583,0	884,2	114,0	424,0	401,0	201,0	32,0	319,1	72,0	386,423	38,0	495,0	104,1	6,0	90,1	205,0	1078,1	147,78	295,0	308,1	23,11	1,1
Tpa_6543	8,0	2,0	36,0	0,0	2,0	1,0	0,0	0,0	0,0	0,0	4,0	0,1	0,0	0,0	2,0	2,0	0,0	3,0	0,0	1,0	0,0	0,0	0,0	0,0	0,0	0,1	1,0	0,0	0,0	2,0	0,0	0,0
Tpa_6562	1,0	0,0	0,0	0,0	0,0	0,0	0,0	0,0	0,0	0,0	0,0	0,0	0,0	0,0	0,0	0,0	0,0	0,0	0,0	0,0	0,0	0,0	0,0	0,0	0,0	0,0	0,0	0,0	0,0	0,0	0,0	0,0
Tpa_6565	214,1	77,0	203,1	38,0	156,0	133,0	13,0	1,0	185,1	111,0	215,0	152,177	61,0	174,0	187,0	74,0	23,0	151,0	121,0	376,0	39,0	220,0	67,0	3,0	96,0	80,0	399,0	62,1	95,0	91,0	11,0	0,0
Tpa_6586	0,0	1,0	5,0	0,0	0,0	0,0	0,0	0,0	0,0	0,0	0,0	1,0	0,0	0,0	0,0	0,0	0,0	0,0	0,0	0,0	0,0	1,0	0,0	0,0	0,0	0,0	0,0	0,0	0,0	0,0	0,0	0,0
Tpa_6591	0,0	0,0	3,0	0,0	0,0	0,0	0,0	0,0	0,0	0,0	1,0	0,0	0,0	0,0	0,0	0,0	0,0	0,0	0,0	0,0	0,0	1,0	0,0	0,0	0,0	0,0	0,0	0,0	0,0	0,0	0,0	0,0
Tpa_6604	0,0	0,0	0,0	0,0	0,0	0,0	0,0	0,0	0,0	0,0	0,0	0,0	0,0	0,0	0,0	0,0	0,0	0,0	0,0	0,0	0,0	0,0	0,0	0,0	0,0	0,0	0,0	0,0	0,0	0,0	0,0	0,0
Tpa_6611	1,0	1,0	1,0	1,0	0,0	0,0	0,0	0,0	0,0	0,0	0,0	0,0	0,0	1,0	0,0	0,0	0,0	1,0	0,0	3,0	0,0	0,0	0,0	0,0	0,0	0,0	1,0	2,0	0,0	1,0	0,0	0,0
Tpa_6630	11,18	5,0	38,0	0,2	9,0	6,9	0,0	0,0	1,5	0,1	1,0	8,11	0,0	0,1	3,0	3,0	0,0	0,7	0,0	4,0	0,0	6,0	3,0	1,0	0,0	1,0	10,6	0,0	0,3	1,1	0,1	0,0
Tpa_6654	6,0	9,0	3,0	21,0	29,0	4,0	0,0	0,0	15,0	0,0	29,0	5,0	0,0	2,0	3,3	1,0	2,0	25,0	1,0	19,0	0,0	6,0	1,0	1,0	2,0	0,0	23,0	6,0	11,0	3,0	0,0	0,0
Tpa_6683	0,0	0,0	0,0	0,0	0,0	0,0	0,0	0,0	0,0	0,0	0,0	0,0	0,0	0,0	0,0	0,0	0,0	0,0	0,0	0,0	0,0	0,0	0,0	0,0	0,0	0,0	0,0	0,0	0,0	0,0	0,0	0,0
Tpa_6687	0,1	0,0	0,0	2,0	0,0	0,0	0,0	0,0	1,0	0,0	0,0	1,0	0,0	0,0	2,0	0,1	0,0	1,0	0,0	0,0	0,0	0,0	0,0	0,0	0,0	0,0	2,0	0,0	0,0	1,0	0,0	0,0
Tpa_6713	0,0	0,0	0,0	0,0	0,0	0,0	0,0	0,0	0,0	0,0	0,0	0,0	0,0	0,0	0,0	0,0	0,0	0,0	0,0	0,0	0,0	0,0	0,0	0,0	0,0	0,0	0,0	0,0	0,0	0,0	0,0	0,0
Tpa_6733	2,0	4,0	6,0	0,0	6,0	3,0	0,0	0,0	0,0	1,0	0,0	1,0	0,0	1,0	2,4	0,0	0,0	5,0	0,0	2,1	0,0	1,0	0,0	0,0	0,0	0,0	9,0	0,0	2,0	0,0	1,0	0,0
Tpa_6768	67,0	26,0	60,0	2,0	4,0	43,0	0,0	0,0	1,0	0,0	2,0	3,2	0,0	1,0	2,0	6,0	1,0	8,0	0,0	2,0	0,0	2,0	0,0	1,0	0,0	3,0	13,0	0,0	0,0	0,0	0,0	0,0
Tpa_6773	3,0	0,0	16,0	0,0	1,0	2,0	0,0	0,0	0,0	0,0	2,0	1,0	0,0	0,0	0,0	2,0	0,0	1,0	0,0	0,0	0,0	0,0	0,0	0,0	1,0	0,0	3,0	0,0	1,0	0,0	0,0	0,0
Tpa_6774	0,2	0,0	0,21	0,0	0,0	0,0	0,0	0,0	0,0	0,0	0,0	0,0	0,0	0,0	0,0	0,0	0,0	0,0	0,0	0,0	0,0	0,0	0,0	0,0	0,0	0,0	0,1	0,0	0,0	0,0	0,0	0,0
Tpa_6786	0,0	0,0	0,0	0,0	0,0	1,0	0,0	0,0	0,0	0,0	0,0	0,0	0,0	0,0	0,0	0,0	0,0	0,0	0,0	1,0	0,0	0,0	0,0	0,0	0,0	0,0	0,0	0,0	0,0	0,0	0,0	0,0
Tpa_6814	97,0	17,0	177,0	12,0	18,0	12,0	0,0	0,0	9,10	0,0	20,0	17,13	0,1	10,0	14,0	16,0	0,0	18,0	3,0	19,0	2,0	8,0	6,0	1,0	0,0	0,0	61,1	6,0	8,0	8,0	0,1	0,0
Tpa_6816	5,12	3,0	30,0	0,0	1,1	0,9	0,1	0,0	0,0	0,0	0,1	4,0	0,0	1,0	0,0	1,0	1,0	3,0	0,0	0,0	0,0	2,0	0,0	0,1	0,0	0,0	6,0	0,0	0,0	0,0	0,0	0,0
Tpa_6853	40,0	7,0	71,0	3,0	8,0	15,0	0,0	0,0	6,0	1,0	14,0	4,3	1,0	5,0	4,0	10,0	0,0	27,0	3,0	23,0	0,0	8,0	4,0	0,0	1,0	3,0	39,0	2,0	6,0	1,0	0,0	0,0
Tpa_6887	15,0	2,0	32,0	1,0	6,0	3,0	0,0	0,0	3,2	0,0	4,0	4,0	0,0	1,0	3,0	1,0	0,0	6,0	0,0	5,0	0,0	2,0	0,0	1,0	1,0	0,0	7,0	1,0	3,0	2,0	0,0	0,0
Tpa_6922	0,7	0,6	0,13	0,0	0,1	0,4	0,0	0,0	0,1	0,0	0,1	0,0	0,0	0,0	0,2	0,0	0,0	1,1	0,0	0,1	0,0	0,0	0,0	0,0	0,0	0,0	0,1	0,1	0,1	0,1	0,0	0,0
Tpa_6937	119,0	32,0	192,0	3,0	13,0	47,0	3,0	0,0	8,0	2,0	16,0	41,0	2,0	8,0	5,0	12,0	0,0	21,0	2,0	13,0	1,0	10,0	3,0	2,0	1,0	5,0	32,0	2,0	6,0	4,0	1,0	0,0
Tpa_6963	6,0	2,0	37,0	0,0	2,0	5,0	0,0	0,0	0,0	0,0	1,0	4,0	0,0	4,0	0,0	0,0	0,0	0,0	0,0	0,0	0,0	3,0	0,0	1,0	0,0	1,0	3,0	0,0	1,0	0,0	0,0	0,0
Tpa_6973	39,0	4,0	45,0	0,0	3,0	22,0	0,0	1,0	0,0	0,0	2,0	2,0	0,0	2,0	3,0	1,0	0,0	0,0	0,0	2,0	0,0	0,0	0,0	0,0	0,0	0,0	4,0	0,0	0,1	0,0	0,0	0,0
Tpa_7007	0,5	0,0	0,3	0,0	1,1	0,0	0,0	0,0	0,0	0,0	0,0	0,0	0,0	0,1	0,0	1,0	0,0	0,1	0,0	0,0	0,0	1,0	1,0	0,0	0,0	0,0	1,0	0,0	1,0	1,0	0,0	0,0
Tpa_7010	8,0	2,0	18,0	2,0	4,0	11,0	0,0	0,0	0,0	0,0	0,1	0,0	0,0	1,0	0,0	1,0	0,0	0,0	0,0	1,0	0,0	0,0	0,0	0,0	0,0	1,0	1,0	0,0	0,0	0,0	0,0	0,0
Tpa_7018	0,0	0,0	1,0	0,0	0,0	0,0	0,0	0,0	0,0	0,0	0,0	0,0	0,0	0,0	0,1	0,0	0,0	0,0	0,0	0,0	0,0	0,0	0,0	0,0	0,0	0,0	0,0	0,0	0,0	0,0	0,0	0,0
Tpa_7052	45,0	12,0	95,0	3,0	20,0	88,0	8,0	5,0	1,0	0,0	2,1	19,0	0,0	3,0	11,0	3,0	0,0	19,0	1,0	5,8	2,0	8,0	3,0	8,0	7,0	3,0	22,0	3,0	5,0	1,0	0,0	0,0
Tpa_7058	5,9	2,0	47,0	0,0	0,0	5,0	0,0	0,0	4,0	0,0	3,0	5,0	0,0	1,0	2,0	2,0	1,0	10,0	0,0	4,0	1,0	4,0	0,0	0,0	0,0	1,0	6,0	1,0	0,0	1,0	0,0	0,0
Tpa_7062	10,1	1,1	20,21	0,0	3,0	11,0	0,0	0,0	0,0	0,0	2,0	2,0	0,0	2,0	2,0	3,0	0,0	4,0	0,0	3,0	0,0	1,0	0,0	0,0	0,0	0,0	5,0	0,0	0,0	0,0	0,0	0,0
Tpa_7080	9,0	2,0	21,0	0,0	1,0	6,0	0,0	0,0	1,0	0,0	0,0	0,0	0,0	1,0	0,0	1,0	0,0	0,0	0,0	0,0	0,0	0,0	0,0	0,0	0,0	0,0	5,0	0,0	0,0	0,0	0,0	0,0
Tpa_7082	0,0	1,0	0,0	0,0	0,0	0,0	0,0	0,0	0,0	0,0	0,0	0,0	0,0	0,0	0,0	0,0	0,0	0,0	0,0	0,0	0,0	0,0	0,0	0,0	0,0	0,0	0,0	0,0	0,0	0,0	0,0	0,0
Tpa_7090	50,0	9,0	51,74	2,0	3,0	6,0	0,0	0,0	5,0	0,0	8,0	5,0	0,0	2,0	2,0	4,0	0,0	7,1	1,0	5,0	1,0	2,0	0,0	0,0	1,0	1,0	23,0	2,0	2,0	2,0	0,0	0,0
Tpa_7153	0,1	0,1	0,0	0,2	0,3	0,0	0,0	0,1	0,1	0,0	0,0	0,0	0,0	0,0	0,0	0,0	0,0	0,1	0,0	0,0	0,0	0,0	0,0	0,1	0,0	0,0	0,1	0,0	0,0	0,0	0,0	0,0
Tpa_7157	0,0	0,0	0,5	0,0	0,0	0,0	0,0	0,0	0,0	0,0	0,1	0,0	0,0	0,0	0,0	0,0	0,0	0,0	0,0	0,0	0,0	0,1	0,0	0,0	0,0	1,0	0,0	0,0	0,0	0,0	0,0	0,0
Tpa_7201	113,0	31,0	78,86	2,2	4,0	9,13	1,0	0,0	5,0	1,0	4,2	10,0	0,0	4,0	7,0	11,0	0,0	4,6	0,0	6,0	0,0	1,0	1,0	3,0	2,0	0,1	38,1	0,0	1,3	0,0	1,0	0,0
Tpa_7204	4,0	1,0	24,0	0,0	1,0	0,0	0,0	0,0	1,0	0,0	1,0	0,0	0,0	1,0	0,0	0,0	0,0	0,0	0,0	1,0	0,0	1,0	0,0	0,0	0,0	1,0	2,0	0,0	0,0	0,0	0,0	0,0
Tpa_7210	2,0	1,0	5,0	1,0	0,0	0,0	0,0	0,0	0,0	0,0	1,0	1,0	0,0	0,0	0,0	0,0	0,0	1,0	0,0	0,0	0,0	0,0	0,0	0,0	0,0	0,0	2,0	0,0	0,0	0,0	0,0	0,0
Tpa_7213	112,0	41,0	106,0	13,0	34,0	63,0	10,0	3,0	33,0	9,0	74,0	20,0	3,0	10,0	37,0	10,0	1,0	1,0	3,0	55,0	3,0	33,0	12,0	1,0	11,0	20,0	175,0	10,0	21,0	12,0	1,0	0,0
Tpa_7221	0,1	4,0	15,0	0,0	0,1	2,2	0,0	0,0	0,0	0,0	2,0	1,0	0,0	0,0	0,0	0,0	0,0	1,0	0,0	1,0	0,0	0,0	0,0	0,0	0,0	0,0	1,2	0,0	0,0	0,0	0,0	0,0
Tpa_7240	21,0	8,0	14,35	21,0	19,0	4,0	8,0	0,0	14,0	2,0	4,0	6,0	0,0	20,0	14,0	8,0	1,0	13,1	3,0	41,0	3,0	14,0	5,0	0,0	7,0	3,0	40,1	7,0	12,0	6,0	1,0	0,0
Tpa_7289	0,0	0,0	0,0	0,0	0,0	1,0	0,0	0,0	0,0	0,0	0,0	0,0	0,0	0,0	0,0	1,0	0,0	0,0	0,0	0,0	0,0	0,0	0,0	1,0	0,0	0,0	0,0	1,0	0,0	0,0	0,0	0,0
Tpa_7291	0,0	0,0	0,0	0,0	0,0	0,1	0,0	0,0	0,0	0,0	0,0	0,0	0,0	0,0	0,0	0,0	0,0	0,0	0,0	1,0	0,0	0,0	0,0	0,0	0,0	0,0	1,0	0,0	0,0	0,0	0,0	0,0
Tpa_7293	0,0	0,0	0,0	0,0	0,0	0,0	0,0	0,0	0,0	0,0	0,0	0,0	0,0	0,0	0,0	0,0	0,0	0,0	0,0	0,0	0,0	0,0	0,0	0,0	0,0	0,0	0,0	0,0	0,0	0,0	0,0	0,0
Tpa_7331	0,0	0,0	0,0	0,0	0,0	0,0	0,0	0,0	0,0	0,0	0,0	0,0	0,0	0,0	0,0	0,0	0,0	0,0	0,0	0,0	0,0	0,0	0,0	0,0	0,0	0,0	0,0	0,0	0,0	0,0	0,0	0,0
Tpa_7348	33,0	9,0	60,0	11,0	7,0	6,0	1,0	0,0	16,0	2,0	44,0	12,0	0,0	11,0	6,0	7,3	0,0	16,0	3,0	17,0	0,0	13,0	1,1	1,0	1,0	2,0	20,0	11,0	13,0	14,0	1,0	1,0
Tpa_7352	0,0	0,0	0,0	0,0	0,0	0,0	0,0	0,0	0,0	0,0	0,0	0,0	0,0	0,0	0,0	0,0	0,0	0,0	0,0	0,0	0,0	0,0	0,0	0,0	0,0	0,0	0,0	0,0	0,0	0,0	0,0	0,0
Tpa_7367	122,0	7,9	167,0	1,0	39,0	40,0	2,0	2,0	2,0	1,0	10,0	4,4	3,0	8,0	11,0	9,0	1,0	32,0	1,0	9,0	0,0	4,0	0,2	1,1	4,0	0,0	80,0	0,0	6,0	5,0	1,0	0,0
Tpa_7375	60,0	7,11	58,0	0,0	0,0	21,0	1,0	0,0	4,0	0,0	2,2	5,3	0,1	1,2	3,0	0,7	0,0	7,0	0,0	3,0	0,0	1,0	1,0	0,0	0,0	1,0	5,0	0,0	0,0	0,0	0,0	0,0
Tpa_7406	0,0	0,0	0,0	0,0	0,0	0,0	0,0	0,0	0,0	0,0	0,0	0,0	0,0	0,0	0,0	0,0	0,0	0,0	0,0	0,0	0,0	0,0	0,0	0,0	0,0	0,0	0,0	0,0	0,0	0,0	0,0	0,0
Tpa_7413	0,0	0,0	131,0	0,0	0,0	0,0	0,0	0,0	0,0	0,0	0,0	0,0	0,0	0,0	1,0	0,0	0,0	4,0	0,0	0,0	0,0	0,0	0,0	0,0	0,0	0,0	0,0	0,0	0,0	0,0	0,0	0,0
Tpa_7417	2,0	0,0	4,0	0,0	0,0	0,0	0,0	0,0	0,0	0,0	0,0	0,0	0,0	0,0	0,0	0,0	0,0	0,0	1,0	0,0	0,0	0,0	0,0	0,0	0,0	0,0	0,0	0,0	0,0	1,0	0,0	0,0
Tpa_7425	35,0	7,0	55,0	4,0	18,0	15,0	0,0	1,0	3,0	0,0	9,0	9,0	1,0	7,0	5,0	1,3	0,0	21,0	3,0	1,3	0,0	13,0	1,0	0,0	0,0	0,0	44,0	0,1	1,0	6,0	1,0	0,0
Tpa_7447	0,0	0,0	0,0	0,0	2,0	0,0	0,0	0,0	0,0	0,0	0,0	0,0	0,0	0,0	2,0	2,0	0,0	4,0	0,0	0,0	0,0	0,0	0,0	0,0	0,0	0,0	0,0	0,0	0,0	0,0	0,0	0,0
Tpa_7450	0,0	0,0	0,0	0,0	0,0	0,0	0,0	0,0	0,0	0,0	0,0	0,0	0,0	0,0	0,0	0,0	0,0	0,0	0,0	0,0	0,0	0,0	0,0	0,0	0,0	0,0	0,0	0,0	0,0	0,0	0,0	0,0
Tpa_7452	51,71	53,0	211,0	60,0	103,0	16,20	1,0	2,0	55,0	6,0	78,0	8,0	5,0	64,0	24,0	16,0	1,0	102,0	8,0	81,0	0,0	74,0	14,0	0,4	10,0	9,0	186,0	8,0	28,0	13,0	1,0	0,0
Tpa_7454	0,0	0,0	0,0	0,0	0,0	0,0	0,0	0,0	0,0	0,0	0,0	0,0	0,0	0,0	0,0	0,0	0,0	0,0	0,0	0,0	0,0	0,0	0,0	0,0	0,0	0,0	0,0	0,0	0,0	0,0	0,0	0,0
Tpa_7461	1,0	0,0	4,0	0,0	0,0	0,0	0,0	0,0	0,0	0,0	0,0	0,0	0,0	0,0	0,0	1,0	0,0	0,0	0,0	0,0	0,0	0,0	0,0	0,0	0,0	0,0	0,0	0,0	0,0	0,0	0,0	0,0
Tpa_7477	9,7	18,0	9,9	0,0	5,0	9,15	0,0	0,0	2,0	0,0	3,0	22,0	1,0	0,0	2,0	5,0	0,0	5,0	1,0	1,0	0,0	1,0	0,0	0,0	0,0	0,0	5,0	0,0	0,0	0,0	0,0	0,0
Tpa_7479	122,0	24,0	79,0	1,0	5,0	51,0	0,0	0,0	1,0	1,0	3,0	1,0	1,0	1,0	3,0	5,0	0,0	0,0	2,0	1,0	2,0	1,0	0,0	0,0	1,0	1,0	5,0	0,0	0,0	0,0	1,0	0,0
Tpa_7483	34,0	3,0	35,0	0,0	0,0	14,0	0,0	0,0	1,0	0,0	1,0	8,0	0,0	1,0	0,0	1,0	0,0	2,0	0,0	0,0	0,0	1,0	1,0	1,0	0,0	0,0	2,0	0,0	0,0	2,0	0,0	0,0
Tpa_7495	111,0	35,0	88,0	50,0	61,0	19,0	3,0	0,0	57,0	4,0	43,0	47,0	6,0	70,0	32,0	27,0	3,0	57,0	2,1	116,0	2,0	19,0	12,0	0,0	4,3	12,0	85,0	23,0	38,0	7,0	6,0	0,0
Tpa_7533	144,0	47,0	83,60	17,9	93,0	36,0	5,0	2,0	42,0	2,0	0,50	14,0	1,0	60,0	27,7	8,0	2,0	66,0	1,0	105,0	3,0	46,0	18,0	3,0	1,4	5,6	152,0	14,0	18,0	27,0	2,0	0,0
Tpa_7540	0,0	0,0	1,0	0,0	0,0	0,0	0,0	0,0	0,0	0,0	1,0	0,0	0,0	0,0	0,0	0,0	0,0	0,0	0,0	0,0	0,0	0,0	0,0	0,0	0,0	0,0	0,0	0,0	0,0	0,0	0,0	0,0
Tpa_7553	21,17	0,18	0,119	0,4	0,13	0,28	0,0	0,0	0,6	0,1	0,8	0,10	0,2	1,0	0,7	0,6	0,0	0,11	1,1	0,8	0,0	0,3	0,1	0,2	0,0	0,1	1,28	0,0	0,1	0,2	0,1	0,0
Tpa_7560	30,0	2,0	69,0	0,0	2,0	21,0	0,0	0,0	1,0	2,0	1,0	0,0	0,0	0,0	1,0	2,0	1,0	6,0	0,0	3,0	0,0	1,0	2,0	0,0	0,0	1,0	4,5	0,0	0,0	0,0	0,0	0,0
Tpa_7566	74,0	34,0	69,0	3,0	9,0	50,0	3,0	0,0	0,1	2,0	1,0	21,16	2,0	10,0	3,0	10,0	0,1	1,2	3,0	3,4	2,0	4,0	0,0	0,0	0,0	2,5	16,0	0,0	2,0	2,0	0,0	0,0
Tpa_7567	167,153	61,18	354,0	80,116	236,0	41,9	24,0	2,1	92,101	0,22	96,2	80,53	9,2	133,0	86,84	0,74	1,12	95,108	21,1	264,1	8,4	0,188	38,10	2,0	27,8	29,29	110,114	74,2	81,47	74,0	7,2	0,0
Tpa_7571	130,0	24,0	139,0	1,1	14,0	33,23	0,0	0,0	3,0	3,7	17,0	33,0	0,0	7,0	11,0	12,10	2,0	10,3	1,0	9,0	3,0	7,0	0,9	1,0	0,1	11,0	23,0	2,0	2,0	2,0	0,0	0,0
Tpa_7586	175,0	0,60	0,149	0,2	9,7	0,93	0,3	0,1	2,2	0,3	0,9	0,28	0,0	0,4	3,1	0,6	2,0	0,17	4,0	0,13	3,0	0,1	0,1	3,0	1,1	0,3	14,15	0,3	0,3	0,1	0,0	0,0
Tpa_7594	0,588	0,200	0,614	83,121	0,503	0,404	0,77	0,8	0,490	71,89	1,672	265,446	1,82	0,453	192,247	0,181	0,40	0,365	0,147	0,1013	17,30	0,359	58,78	0,9	0,112	0,340	0,1242	0,123	0,233	44,90	1,19	0,2
Tpa_7597	325,0	89,0	241,0	265,0	189,0	157,0	224,0	26,0	318,0	134,0	413,0	419,0	126,0	239,0	118,134	101,0	108,0	166,0	168,0	492,0	89,0	382,0	99,1	13,0	195,0	136,0	605,0	113,0	291,0	248,0	92,0	0,0
Tpa_7601	0,0	0,0	0,0	0,0	0,0	0,0	0,0	0,0	0,0	0,0	0,0	0,0	0,0	0,0	0,0	0,0	0,0	0,0	0,0	0,0	0,0	0,0	0,0	0,0	0,0	0,0	0,0	0,0	0,0	0,0	0,0	0,0
Tpa_7604	550,0	14,0	256,0	137,0	459,0	119,0	124,0	2,0	512,1	75,0	489,0	0,0	68,1	258,0	16,0	0,0	1,0	154,0	181,0	519,2	50,0	0,0	0,0	3,0	6,0	0,0	1,0	117,0	298,1	132,0	7,0	0,0
Tpa_7605	0,0	0,1	2,5	0,0	0,0	0,0	0,0	0,0	0,0	0,0	0,1	1,0	0,0	0,0	0,0	0,0	0,0	0,0	0,0	0,0	0,0	0,0	0,0	0,0	0,0	0,0	0,0	0,0	0,0	0,0	0,0	0,0
Tpa_7615	2,0	0,0	5,0	1,0	0,0	0,0	0,0	0,0	0,0	0,0	0,0	0,0	0,0	0,0	2,0	0,0	0,0	1,0	0,0	1,0	0,0	0,0	0,0	0,0	0,0	0,0	0,0	0,0	0,0	1,0	0,0	0,0
Tpa_7652	586,0	190,0	595,3	234,0	407,1	139,163	31,55	1,0	355,2	46,0	459,0	634,1	33,0	229,320	352,0	197,0	5,0	340,0	92,0	706,0	13,0	275,2	104,0	4,0	51,0	142,0	994,4	119,0	237,2	151,0	14,0	1,0
Tpa_7653	251,186	124,0	0,464	149,116	0,241	139,1	0,68	0,3	1,365	22,20	249,184	0,366	44,27	0,308	0,273	62,71	0,21	0,195	1,128	301,309	1,48	157,138	37,42	0,4	0,69	0,208	316,317	100,116	149,158	0,162	45,1	0,3
Tpa_7657	20,0	0,0	11,0	0,0	1,0	4,0	0,0	0,0	1,0	0,0	3,0	1,0	0,0	0,0	0,0	0,0	2,0	1,0	0,0	0,0	0,0	0,0	0,0	0,0	0,0	0,0	1,0	0,0	0,0	0,0	0,0	0,0
Tpa_7665	0,0	0,0	0,0	0,0	0,0	0,0	0,0	0,0	0,0	0,0	0,0	0,0	0,0	0,0	0,0	0,0	0,0	0,0	0,0	0,0	0,0	0,0	0,0	0,0	0,0	0,0	0,0	0,0	0,0	0,0	0,0	0,0
Tpa_7686	100,176	0,104	0,324	20,49	78,138	83,102	14,35	0,41	0,91	0,108	0,273	79,171	10,20	58,0	104,1	0,122	0,32	57,103	8,16	48,94	12,17	67,0	0,68	0,12	17,23	0,70	122,315	6,13	9,24	6,20	2,5	0,0
Tpa_7690	0,170	0,52	0,240	1,2	0,20	0,124	0,6	0,3	3,8	1,4	10,12	0,37	0,3	0,9	0,23	0,32	1,1	0,36	0,3	8,14	0,2	0,10	0,4	0,6	0,5	6,6	0,72	0,2	0,8	0,0	0,0	0,0
Tpa_7691	3,0	5,0	4,52	0,0	5,0	1,0	0,0	0,0	2,0	0,0	4,0	2,0	0,0	1,0	1,0	0,0	0,0	3,0	1,0	5,0	0,0	1,0	1,0	0,0	1,0	0,0	2,0	1,0	1,0	2,1	1,0	0,0
Tpa_7703	209,0	31,0	264,0	7,0	14,0	58,0	2,0	0,0	12,0	3,0	45,1	134,0	1,0	12,0	12,0	34,1	2,0	10,6	0,2	20,0	2,0	17,0	2,0	1,0	3,0	9,0	57,0	5,0	9,0	2,0	1,0	0,0
Tpa_7757	0,0	0,0	0,0	0,0	0,0	0,0	0,0	0,0	0,0	0,0	0,0	0,0	0,0	0,0	0,0	0,0	0,0	0,0	0,0	0,0	0,0	0,0	0,0	0,0	0,0	0,0	0,0	0,0	0,0	0,0	0,0	0,0
Tpa_7764	29,0	5,0	17,22	0,0	2,0	9,0	1,0	0,0	3,0	1,0	2,0	3,2	0,0	3,0	2,0	2,4	1,0	2,3	1,1	1,0	0,0	0,0	2,0	1,0	2,0	0,0	4,3	2,0	2,0	0,0	0,0	0,0
Tpa_7765	0,4	0,2	0,10	0,0	0,2	0,2	0,0	0,0	2,1	0,0	0,2	0,5	0,0	0,1	0,0	0,2	0,0	0,0	1,0	0,0	0,0	0,0	0,0	0,1	0,0	0,0	0,10	0,1	0,0	0,1	0,0	0,0
Tpa_7769	0,1	0,0	0,0	0,0	0,0	0,0	0,0	0,0	0,0	0,0	0,0	0,0	0,0	0,0	0,0	0,0	0,0	0,0	0,0	0,0	0,0	0,0	0,0	0,0	0,0	0,0	0,0	0,0	0,0	0,0	0,0	0,0
Tpa_7772	0,0	0,0	0,0	0,0	0,0	0,0	0,0	0,0	0,0	0,0	0,0	0,0	0,0	0,0	0,0	0,0	0,0	0,0	0,0	0,0	0,0	0,0	0,0	0,0	0,0	0,0	0,0	0,0	0,0	0,0	0,0	0,0
Tpa_7798	8,6	1,0	42,0	0,0	0,0	0,0	0,0	0,0	0,0	0,0	0,0	2,0	0,1	0,0	0,0	0,0	0,0	0,0	0,0	0,0	0,0	0,0	0,0	0,0	0,0	0,0	0,0	0,0	0,0	1,0	0,0	0,0
Tpa_7799	3,0	1,0	9,0	0,0	0,0	0,0	0,0	0,0	1,0	0,0	3,0	1,0	0,0	0,0	1,0	0,0	0,0	3,0	0,0	1,0	0,0	2,0	0,0	0,0	0,0	0,0	0,1	0,0	1,0	0,0	0,0	0,0
Tpa_7805	0,0	0,0	4,0	0,1	2,0	1,0	0,0	0,0	3,0	0,0	0,0	0,0	0,0	1,0	0,0	0,0	0,0	5,0	0,0	0,0	1,0	0,0	0,0	2,0	0,0	0,0	1,0	0,0	2,0	0,0	1,0	0,0
Tpa_7807	3,0	0,0	1,0	0,0	0,0	0,0	0,0	0,0	0,0	0,0	0,0	0,0	0,0	0,0	0,0	0,0	1,0	1,0	0,0	0,0	0,0	0,0	0,0	1,0	0,0	1,0	1,0	1,0	1,0	0,0	0,0	0,0
Tpa_7814	10,0	2,0	15,0	0,0	3,0	5,0	0,0	0,0	0,0	0,0	2,0	2,0	0,0	1,0	0,0	0,3	0,0	1,0	0,0	0,0	0,0	1,0	0,0	0,0	0,0	0,1	5,0	0,0	0,0	0,0	0,0	0,0
Tpa_7825	71,0	34,0	69,0	12,0	19,0	28,0	1,0	0,0	22,0	2,0	26,0	42,0	3,0	29,0	14,0	21,0	0,0	37,0	5,0	32,0	2,0	11,0	5,0	3,0	14,0	4,0	107,0	7,0	15,0	0,0	1,0	0,0
Tpa_7848	0,22	0,16	0,38	0,5	0,7	0,2	0,0	0,0	0,12	0,1	0,7	0,3	0,0	0,7	0,7	0,5	0,0	0,11	0,0	0,14	0,0	0,8	0,0	0,0	0,2	0,1	0,24	0,1	0,2	0,3	0,0	0,0
Tpa_7910	7,0	1,1	28,0	1,0	0,1	2,0	0,0	0,0	0,0	0,0	0,0	3,0	0,0	1,0	1,0	2,0	0,0	2,0	0,0	2,0	0,0	1,1	1,0	0,0	0,1	2,0	3,10	1,0	0,0	0,0	0,0	0,0
