Locus_ID	AvgReadDepth	GenotypeRate	minAF	majAF	alleles	allFreqs	conScore
1	Tpa_0010_1	5.28571428571429	0.40625	0.230769230769231	0.769230769230769	A,G	0.77,0.23	0
2	Tpa_0012_1	8.5	0.125	0	1	C,A	0,1	NA
3	Tpa_0024_1	NA	0	NA	NA	A,C	NaN,NaN	NA
4	Tpa_0035_1	3.9375	0.1875	0.0833333333333333	0.916666666666667	T,C	0.08,0.92	0
5	Tpa_0037_1	2.08333333333333	0.15625	0.5	0.5	A,C	0.5,0.5	0
6	Tpa_0095_1	3.375	0.09375	0	1	G,A	0,1	NA
7	Tpa_0151_1	10.7272727272727	0.40625	0	1	G,A	0,1	NA
8	Tpa_0183_1	4.54545454545455	0.09375	0.166666666666667	0.833333333333333	C,A	0.83,0.17	0
9	Tpa_0186_1	3.5	0.125	0	1	C,A	0,1	NA
10	Tpa_0215_1	NA	0	NA	NA	A,C	NaN,NaN	NA
11	Tpa_0226_1	6.92	0.5625	0.0833333333333333	0.916666666666667	C,A	0.08,0.92	0
12	Tpa_0228_1	4.52631578947368	0.375	0.0416666666666667	0.958333333333333	T,A	0.04,0.96	0
13	Tpa_0263_1	11.4347826086957	0.40625	0.230769230769231	0.769230769230769	C,G	0.23,0.77	0
14	Tpa_0269_1	2.625	0.09375	0.166666666666667	0.833333333333333	G,A	0.17,0.83	0
15	Tpa_0272_1	2	0.03125	0	1	A,C	1,0	NA
16	Tpa_0301_1	9.16666666666667	0.1875	0	1	G,T	1,0	NA
17	Tpa_0342_1	5.61538461538461	0.25	0.1875	0.8125	C,T	0.81,0.19	0
18	Tpa_0346_1	12.3809523809524	0.5	0.0625	0.9375	A,C	0.94,0.06	0
19	Tpa_0358_1	6.8	0.25	0	1	A,C	1,0	NA
20	Tpa_0366_1	1.5	0	NA	NA	T,C	NaN,NaN	NA
21	Tpa_0367_1	9.875	0.21875	0	1	C,T	1,0	NA
22	Tpa_0371_1	1	0	NA	NA	C,T	NaN,NaN	NA
23	Tpa_0395_1	1	0	NA	NA	G,A	NaN,NaN	NA
24	Tpa_0409_1	1	0	NA	NA	T,C	NaN,NaN	NA
25	Tpa_0427_1	14.7307692307692	0.65625	0.452380952380952	0.547619047619048	C,T	0.55,0.45	0
26	Tpa_0429_1	2.375	0.09375	0	1	G,C	0,1	NA
27	Tpa_0438_1	1.53846153846154	0.09375	0	1	A,C	0,1	NA
28	Tpa_0439_1	1.5	0	NA	NA	G,C	NaN,NaN	NA
29	Tpa_0474_1	1.375	0.03125	0	1	A,T	1,0	NA
30	Tpa_0492_1	1	0	NA	NA	C,G	NaN,NaN	NA
31	Tpa_0500_1	2.25	0.03125	0	1	A,C	1,0	NA
32	Tpa_0540_1	13.6296296296296	0.65625	0.238095238095238	0.761904761904762	G,C	0.24,0.76	0
33	Tpa_0547_1	1.5	0	NA	NA	G,A	NaN,NaN	NA
34	Tpa_0556_1	14.52	0.53125	0	1	C,T	1,0	NA
35	Tpa_0569_1	1	0	NA	NA	A,G	NaN,NaN	NA
36	Tpa_0592_1	3.6	0.09375	0.166666666666667	0.833333333333333	A,G	0.83,0.17	0
37	Tpa_0650_1	4.61538461538461	0.09375	0	1	G,A	0,1	NA
38	Tpa_0671_1	2.66666666666667	0.03125	0	1	C,G	1,0	NA
39	Tpa_0678_1	2.23076923076923	0.09375	0	1	G,A	0,1	NA
40	Tpa_0730_1	8	0.5625	0.194444444444444	0.805555555555556	G,C	0.19,0.81	0
41	Tpa_0743_1	12.1153846153846	0.5	0	1	C,A	0,1	NA
42	Tpa_0763_1	NA	0	NA	NA	C,A	NaN,NaN	NA
43	Tpa_0768_1	16.1071428571429	0.71875	0	1	G,A	0,1	NA
44	Tpa_0826_1	3.73333333333333	0.25	0.0625	0.9375	G,C	0.06,0.94	0
45	Tpa_0866_1	11.3125	0.21875	0.142857142857143	0.857142857142857	C,T	0.86,0.14	0
46	Tpa_0868_1	1.125	0.03125	0.5	0.5	A,T	0.5,0.5	0
47	Tpa_0882_1	1.30769230769231	0.0625	0.5	0.5	A,T	0.5,0.5	0
48	Tpa_0888_1	1	0	NA	NA	G,A	NaN,NaN	NA
49	Tpa_0895_1	3.25	0.09375	0	1	G,A	0,1	NA
50	Tpa_0905_1	1	0	NA	NA	T,C	NaN,NaN	NA
51	Tpa_0912_1	3.07142857142857	0.25	0	1	C,A	0,1	NA
52	Tpa_0929_1	1	0	NA	NA	G,A	NaN,NaN	NA
53	Tpa_0936_1	6.4375	0.25	0	1	C,T	1,0	NA
54	Tpa_0953_1	12.2222222222222	0.59375	0.105263157894737	0.894736842105263	C,T	0.89,0.11	0
55	Tpa_0970_1	1	0	NA	NA	A,C	NaN,NaN	NA
56	Tpa_0973_1	NA	0	NA	NA	T,G	NaN,NaN	NA
57	Tpa_0979_1	1	0	NA	NA	C,G	NaN,NaN	NA
58	Tpa_1007_1	3.4	0.0625	0.25	0.75	T,C	0.75,0.25	0
59	Tpa_1022_1	NA	0	NA	NA	G,A	NaN,NaN	NA
60	Tpa_1042_1	NA	0	NA	NA	G,A	NaN,NaN	NA
61	Tpa_1071_1	3.5	0.0625	0.25	0.75	A,C	0.75,0.25	0
62	Tpa_1077_1	1	0	NA	NA	C,T	NaN,NaN	NA
63	Tpa_1082_1	7.9375	0.15625	0	1	C,T	1,0	NA
64	Tpa_1098_1	NA	0	NA	NA	A,C	NaN,NaN	NA
65	Tpa_1112_1	NA	0	NA	NA	G,A	NaN,NaN	NA
66	Tpa_1136_1	NA	0	NA	NA	T,G	NaN,NaN	NA
67	Tpa_1144_1	NA	0	NA	NA	G,T	NaN,NaN	NA
68	Tpa_1154_1	NA	0	NA	NA	C,T	NaN,NaN	NA
69	Tpa_1156_1	NA	0	NA	NA	G,A	NaN,NaN	NA
70	Tpa_1187_1	2.71428571428571	0.1875	0.0833333333333333	0.916666666666667	C,T	0.92,0.08	0
71	Tpa_1268_1	1	0	NA	NA	T,A	NaN,NaN	NA
72	Tpa_1290_1	2	0.125	0.125	0.875	C,T	0.88,0.12	0
73	Tpa_1304_1	NA	0	NA	NA	A,G	NaN,NaN	NA
74	Tpa_1305_1	NA	0	NA	NA	A,T	NaN,NaN	NA
75	Tpa_1310_1	2.75	0.03125	0	1	C,T	1,0	NA
76	Tpa_1312_1	24.5483870967742	0.625	0.05	0.95	C,T	0.95,0.05	NA
77	Tpa_1320_1	160.333333333333	0.15625	0	1	T,C	0,1	NA
78	Tpa_1341_1	1	0	NA	NA	C,T	NaN,NaN	NA
79	Tpa_1357_1	2	0.03125	0	1	G,C	0,1	NA
80	Tpa_1359_1	52.4516129032258	0.875	0.125	0.875	A,G	0.88,0.12	0.2
81	Tpa_1394_1	8.2962962962963	0.65625	0.19047619047619	0.80952380952381	G,A	0.19,0.81	0
82	Tpa_1443_1	2.125	0.09375	0.333333333333333	0.666666666666667	A,G	0.33,0.67	NA
83	Tpa_1486_1	1.33333333333333	0	NA	NA	T,C	NaN,NaN	NA
84	Tpa_1515_1	2.14285714285714	0.125	0.25	0.75	A,C	0.75,0.25	0
85	Tpa_1528_1	1.375	0.0625	0.25	0.75	G,T	0.75,0.25	0
86	Tpa_1542_1	1	0	NA	NA	C,G	NaN,NaN	NA
87	Tpa_1548_1	10.6086956521739	0.625	0.25	0.75	T,G	0.25,0.75	0
88	Tpa_1550_1	3.8	0.0625	0	1	C,G	1,0	NA
89	Tpa_1585_1	6.76190476190476	0.25	0.1875	0.8125	T,C	0.81,0.19	1
90	Tpa_1593_1	3.75	0.1875	0.333333333333333	0.666666666666667	G,A	0.33,0.67	0
91	Tpa_1606_1	62.8387096774194	0.84375	0.0740740740740741	0.925925925925926	T,G	0.07,0.93	0
92	Tpa_1638_1	2.15384615384615	0.125	0.25	0.75	C,G	0.75,0.25	0
93	Tpa_1646_1	16.4090909090909	0.5	0	1	C,T	1,0	NA
94	Tpa_1662_1	1.33333333333333	0.03125	0.5	0.5	G,A	0.5,0.5	0
95	Tpa_1678_1	2	0.0625	0	1	C,T	1,0	NA
96	Tpa_1689_1	NA	0	NA	NA	C,T	NaN,NaN	NA
97	Tpa_1703_1	NA	0	NA	NA	A,G	NaN,NaN	NA
98	Tpa_1731_1	20.0689655172414	0.75	0.0208333333333333	0.979166666666667	C,A	0.02,0.98	0
99	Tpa_1774_1	NA	0	NA	NA	C,T	NaN,NaN	NA
100	Tpa_1775_1	84.9130434782609	0.40625	0.0769230769230769	0.923076923076923	C,T	0.92,0.08	NA
101	Tpa_1818_1	1.4	0.03125	0	1	G,A	1,0	NA
102	Tpa_1831_1	6.73333333333333	0.25	0.0625	0.9375	G,T	0.94,0.06	0
103	Tpa_1832_1	7.45	0.46875	0.1	0.9	A,G	0.9,0.1	0
104	Tpa_1843_1	6.46666666666667	0.28125	0.0555555555555556	0.944444444444444	C,T	0.94,0.06	0
105	Tpa_1891_1	7.59090909090909	0.3125	0.05	0.95	C,A	0.05,0.95	0
106	Tpa_1896_1	5.71428571428571	0.1875	0	1	A,G	0,1	NA
107	Tpa_1917_1	1	0	NA	NA	C,T	NaN,NaN	NA
108	Tpa_1930_1	5.61538461538461	0.15625	0.4	0.6	A,G	0.4,0.6	0
109	Tpa_1966_1	NA	0	NA	NA	C,T	NaN,NaN	NA
110	Tpa_2006_1	1	0	NA	NA	C,T	NaN,NaN	NA
111	Tpa_2010_1	2.6	0.09375	0	1	C,G	1,0	NA
112	Tpa_2021_1	NA	0	NA	NA	C,T	NaN,NaN	NA
113	Tpa_2034_1	1.66666666666667	0	NA	NA	A,T	NaN,NaN	NA
114	Tpa_2040_1	3.75	0.09375	0.166666666666667	0.833333333333333	T,A	0.17,0.83	0
115	Tpa_2041_1	1.5	0.03125	0	1	C,A	0,1	NA
116	Tpa_2073_1	2.30769230769231	0.125	0	1	G,A	0,1	NA
117	Tpa_2076_1	5.42857142857143	0.375	0.125	0.875	C,A	0.12,0.88	0
118	Tpa_2096_1	3.13333333333333	0.125	0.125	0.875	G,A	0.12,0.88	0
119	Tpa_2128_1	2	0	NA	NA	G,T	NaN,NaN	NA
120	Tpa_2157_1	17.8095238095238	0.53125	0.0294117647058824	0.970588235294118	A,C	0.97,0.03	0
121	Tpa_2180_1	2	0.09375	0	1	C,T	0,1	NA
122	Tpa_2194_1	2	0.03125	0	1	A,G	1,0	NA
123	Tpa_2207_1	10.3333333333333	0.46875	0.0333333333333333	0.966666666666667	G,T	0.97,0.03	0
124	Tpa_2254_1	1.375	0.03125	0	1	C,G	0,1	NA
125	Tpa_2278_1	4.58333333333333	0.125	0.125	0.875	G,A	0.12,0.88	0
126	Tpa_2334_1	NA	0	NA	NA	C,T	NaN,NaN	NA
127	Tpa_2344_1	19.8461538461538	0.59375	0.157894736842105	0.842105263157895	G,A	0.16,0.84	0.25
128	Tpa_2353_1	9.48	0.46875	0.2	0.8	C,G	0.8,0.2	0
129	Tpa_2368_1	1	0	NA	NA	A,G	NaN,NaN	NA
130	Tpa_2412_1	41.0333333333333	0.84375	0.037037037037037	0.962962962962963	G,A	0.04,0.96	0
131	Tpa_2417_1	3.1	0.21875	0	1	A,G	0,1	NA
132	Tpa_2453_1	NA	0	NA	NA	T,C	NaN,NaN	NA
133	Tpa_2458_1	1	0	NA	NA	C,T	NaN,NaN	NA
134	Tpa_2460_1	4	0.09375	0	1	G,A	0,1	NA
135	Tpa_2470_1	3.625	0.375	0.0416666666666667	0.958333333333333	C,T	0.96,0.04	0
136	Tpa_2483_1	8.125	0.34375	0.136363636363636	0.863636363636364	C,T	0.86,0.14	0
137	Tpa_2498_1	1.33333333333333	0	NA	NA	C,G	NaN,NaN	NA
138	Tpa_2509_1	1.6	0.03125	0.5	0.5	C,T	0.5,0.5	0
139	Tpa_2518_1	6.09090909090909	0.5	0.1875	0.8125	T,C	0.19,0.81	0
140	Tpa_2519_1	1	0	NA	NA	A,T	NaN,NaN	NA
141	Tpa_2523_1	1.33333333333333	0	NA	NA	A,G	NaN,NaN	NA
142	Tpa_2581_1	6.375	0.25	0.0625	0.9375	T,C	0.06,0.94	1
143	Tpa_2601_1	47.4333333333333	0.9375	0.433333333333333	0.566666666666667	T,C	0.57,0.43	0
144	Tpa_2608_1	15.5652173913043	0.59375	0.131578947368421	0.868421052631579	A,C	0.87,0.13	0
145	Tpa_2636_1	10.8333333333333	0.5625	0	1	A,T	1,0	NA
146	Tpa_2639_1	1.33333333333333	0	NA	NA	G,A	NaN,NaN	NA
147	Tpa_2664_1	2.11111111111111	0.09375	0.166666666666667	0.833333333333333	C,T	0.83,0.17	0
148	Tpa_2702_1	2	0	NA	NA	C,T	NaN,NaN	NA
149	Tpa_2712_1	3	0.03125	0	1	G,A	0,1	NA
150	Tpa_2734_1	5.33333333333333	0.125	0.5	0.5	T,G	0.5,0.5	NA
151	Tpa_2741_1	NA	0	NA	NA	A,C	NaN,NaN	NA
152	Tpa_2745_1	5	0.15625	0	1	G,A	1,0	NA
153	Tpa_2763_1	6.8	0.125	0	1	A,T	1,0	NA
154	Tpa_2845_1	1.71428571428571	0.0625	0	1	T,G	0,1	NA
155	Tpa_2854_1	4.41666666666667	0.25	0.125	0.875	C,T	0.88,0.12	0
156	Tpa_2856_1	7.30769230769231	0.625	0.15	0.85	C,T	0.85,0.15	0
157	Tpa_2861_1	10	0.3125	0.15	0.85	G,A	0.15,0.85	0
158	Tpa_2868_1	4.0625	0.3125	0.15	0.85	C,T	0.85,0.15	0
159	Tpa_2900_1	1.16666666666667	0	NA	NA	G,A	NaN,NaN	NA
160	Tpa_2907_1	4.25	0.125	0.375	0.625	T,C	0.38,0.62	0
161	Tpa_2961_1	3.85714285714286	0.15625	0	1	A,G	1,0	NA
162	Tpa_2970_1	1	0	NA	NA	C,T	NaN,NaN	NA
163	Tpa_3004_1	2.75	0.03125	0	1	A,G	0,1	NA
164	Tpa_3011_1	3.5	0.0625	0	1	G,A	0,1	NA
165	Tpa_3018_1	NA	0	NA	NA	G,T	NaN,NaN	NA
166	Tpa_3047_1	9.05263157894737	0.4375	0.0714285714285714	0.928571428571429	C,G	0.93,0.07	NA
167	Tpa_3055_1	2	0	NA	NA	T,C	NaN,NaN	NA
168	Tpa_3063_1	1.8	0.03125	0.5	0.5	A,T	0.5,0.5	0
169	Tpa_3129_1	NA	0	NA	NA	G,A	NaN,NaN	NA
170	Tpa_3149_1	3.22222222222222	0.0625	0	1	A,G	1,0	NA
171	Tpa_3193_1	NA	0	NA	NA	G,C	NaN,NaN	NA
172	Tpa_3197_1	3.14285714285714	0.0625	0	1	T,C	0,1	NA
173	Tpa_3200_1	2	0.03125	0	1	C,T	1,0	NA
174	Tpa_3248_1	10.9375	0.3125	0	1	C,T	0,1	NA
175	Tpa_3254_1	2	0.03125	0	1	G,T	1,0	NA
176	Tpa_3262_1	16.4285714285714	0.4375	0.214285714285714	0.785714285714286	G,T	0.79,0.21	0
177	Tpa_3263_1	3.71428571428571	0.25	0.0625	0.9375	A,G	0.94,0.06	0
178	Tpa_3310_1	4.25	0.09375	0.166666666666667	0.833333333333333	C,T	0.83,0.17	0
179	Tpa_3347_1	1.72222222222222	0.125	0.125	0.875	C,T	0.88,0.12	0
180	Tpa_3354_1	11.1153846153846	0.625	0.05	0.95	T,C	0.05,0.95	0
181	Tpa_3364_1	3.58823529411765	0.15625	0.4	0.6	A,G	0.4,0.6	0
182	Tpa_3385_1	NA	0	NA	NA	C,T	NaN,NaN	NA
183	Tpa_3439_1	1	0	NA	NA	G,T	NaN,NaN	NA
184	Tpa_3502_1	NA	0	NA	NA	A,G	NaN,NaN	NA
185	Tpa_3561_1	1.25	0	NA	NA	G,A	NaN,NaN	NA
186	Tpa_3569_1	1	0	NA	NA	G,A	NaN,NaN	NA
187	Tpa_3583_1	2.18181818181818	0.09375	0	1	A,G	0,1	NA
188	Tpa_3616_1	25.0357142857143	0.6875	0	1	T,A	0,1	NA
189	Tpa_3674_1	2.57142857142857	0.0625	0.25	0.75	G,A	0.25,0.75	0
190	Tpa_3676_1	1	0	NA	NA	C,T	NaN,NaN	NA
191	Tpa_3679_1	NA	0	NA	NA	C,T	NaN,NaN	NA
192	Tpa_3684_1	1	0	NA	NA	T,C	NaN,NaN	NA
193	Tpa_3705_1	17.4642857142857	0.78125	0.04	0.96	G,T	0.96,0.04	0
194	Tpa_3723_1	2.09090909090909	0.09375	0	1	A,G	0,1	NA
195	Tpa_3737_1	1.70588235294118	0.0625	0.25	0.75	G,A	0.25,0.75	0
196	Tpa_3745_1	8.72727272727273	0.1875	0	1	G,A	0,1	NA
197	Tpa_3795_1	41.4838709677419	0.84375	0.111111111111111	0.888888888888889	G,A	0.11,0.89	0
198	Tpa_3846_1	3	0.0625	0.5	0.5	C,T	0.5,0.5	0
199	Tpa_3862_1	NA	0	NA	NA	T,C	NaN,NaN	NA
200	Tpa_3871_1	8.19047619047619	0.34375	0	1	C,T	1,0	NA
201	Tpa_3879_1	19.551724137931	0.75	0.0208333333333333	0.979166666666667	T,A	0.02,0.98	0
202	Tpa_3905_1	5	0.375	0.0833333333333333	0.916666666666667	A,C	0.92,0.08	0.5
203	Tpa_3926_1	1.14285714285714	0	NA	NA	C,T	NaN,NaN	NA
204	Tpa_3937_1	1.5	0	NA	NA	G,A	NaN,NaN	NA
205	Tpa_3962_1	3.42857142857143	0.09375	0.166666666666667	0.833333333333333	C,G	0.83,0.17	0
206	Tpa_3974_1	1	0	NA	NA	G,T	NaN,NaN	NA
207	Tpa_4020_1	1.33333333333333	0	NA	NA	G,A	NaN,NaN	NA
208	Tpa_4021_1	6.73333333333333	0.25	0.0625	0.9375	C,T	0.94,0.06	0
209	Tpa_4022_1	32.4827586206897	0.84375	0.296296296296296	0.703703703703704	G,A	0.3,0.7	0.25
210	Tpa_4055_1	1.26666666666667	0.03125	0.5	0.5	A,C	0.5,0.5	0
211	Tpa_4077_1	3.5	0.125	0.125	0.875	A,T	0.88,0.12	0
212	Tpa_4120_1	16.1666666666667	0.4375	0.178571428571429	0.821428571428571	C,T	0.82,0.18	0.333333333333333
213	Tpa_4126_1	13.5357142857143	0.65625	0.0476190476190476	0.952380952380952	G,C	0.95,0.05	0
214	Tpa_4137_1	8.41666666666667	0.53125	0.0294117647058824	0.970588235294118	C,A	0.03,0.97	0
215	Tpa_4148_1	1.33333333333333	0	NA	NA	A,G	NaN,NaN	NA
216	Tpa_4168_1	1.91666666666667	0.0625	0	1	C,T	1,0	NA
217	Tpa_4176_1	1	0	NA	NA	C,G	NaN,NaN	NA
218	Tpa_4178_1	12.4444444444444	0.5	0.09375	0.90625	C,T	0.91,0.09	0
219	Tpa_4209_1	4.33333333333333	0.15625	0	1	G,A	0,1	NA
220	Tpa_4221_1	1	0	NA	NA	T,A	NaN,NaN	NA
221	Tpa_4230_1	4.14285714285714	0.15625	0.3	0.7	C,G	0.7,0.3	1
222	Tpa_4245_1	NA	0	NA	NA	G,C	NaN,NaN	NA
223	Tpa_4246_1	3.61904761904762	0.25	0	1	T,C	0,1	NA
224	Tpa_4247_1	9.85714285714286	0.375	0	1	T,A	1,0	NA
225	Tpa_4268_1	20.9333333333333	0.6875	0.0227272727272727	0.977272727272727	C,G	0.98,0.02	0
226	Tpa_4291_1	9.15384615384615	0.15625	0.2	0.8	C,T	0.8,0.2	0
227	Tpa_4295_1	1	0	NA	NA	C,A	NaN,NaN	NA
228	Tpa_4310_1	3.27272727272727	0.0625	0.25	0.75	G,C	0.75,0.25	0
229	Tpa_4316_1	7.22222222222222	0.125	0	1	C,T	1,0	NA
230	Tpa_4353_1	31.7916666666667	0.5625	0	1	G,A	0,1	NA
231	Tpa_4356_1	41.5357142857143	0.8125	0.0769230769230769	0.923076923076923	C,T	0.92,0.08	0.25
232	Tpa_4380_1	1	0	NA	NA	G,T	NaN,NaN	NA
233	Tpa_4384_1	2.875	0.09375	0	1	G,A	0,1	NA
234	Tpa_4394_1	1.5	0	NA	NA	C,T	NaN,NaN	NA
235	Tpa_4416_1	4.26315789473684	0.15625	0	1	G,A	0,1	NA
236	Tpa_4425_1	7.66666666666667	0.46875	0.0333333333333333	0.966666666666667	G,A	0.03,0.97	0
237	Tpa_4443_1	5.13333333333333	0.15625	0	1	C,T	1,0	NA
238	Tpa_4454_1	2.26666666666667	0.09375	0	1	G,A	0,1	NA
239	Tpa_4467_1	1	0	NA	NA	G,C	NaN,NaN	NA
240	Tpa_4495_1	1	0	NA	NA	T,C	NaN,NaN	NA
241	Tpa_4506_1	1.5	0	NA	NA	C,G	NaN,NaN	NA
242	Tpa_4511_1	NA	0	NA	NA	G,A	NaN,NaN	NA
243	Tpa_4549_1	1	0	NA	NA	A,G	NaN,NaN	NA
244	Tpa_4556_1	2.88888888888889	0.15625	0	1	A,C	1,0	NA
245	Tpa_4569_1	8.61904761904762	0.46875	0.266666666666667	0.733333333333333	A,C	0.73,0.27	0
246	Tpa_4582_1	NA	0	NA	NA	A,T	NaN,NaN	NA
247	Tpa_4590_1	6.88888888888889	0.15625	0.1	0.9	G,T	0.9,0.1	0
248	Tpa_4591_1	NA	0	NA	NA	C,T	NaN,NaN	NA
249	Tpa_4592_1	2.7	0.125	0.25	0.75	G,C	0.25,0.75	0
250	Tpa_4593_1	3	0.21875	0.0714285714285714	0.928571428571429	C,T	0.93,0.07	0
251	Tpa_4595_1	1	0	NA	NA	G,A	NaN,NaN	NA
252	Tpa_4599_1	23	0.78125	0.1	0.9	C,T	0.9,0.1	0.6
253	Tpa_4633_1	NA	0	NA	NA	A,C	NaN,NaN	NA
254	Tpa_4637_1	1.55555555555556	0.0625	0	1	C,A	0,1	NA
255	Tpa_4668_1	11.08	0.59375	0.0789473684210526	0.921052631578947	C,A	0.92,0.08	0
256	Tpa_4678_1	29.3333333333333	0.78125	0.06	0.94	T,A	0.06,0.94	0
257	Tpa_4697_1	1.5	0	NA	NA	T,C	NaN,NaN	NA
258	Tpa_4713_1	3	0.03125	0	1	G,A	0,1	NA
259	Tpa_4731_1	NA	0	NA	NA	C,A	NaN,NaN	NA
260	Tpa_4747_1	16.1666666666667	0.625	0.025	0.975	C,T	0.98,0.03	0
261	Tpa_4749_1	2	0.09375	0.333333333333333	0.666666666666667	G,T	0.67,0.33	0
262	Tpa_4804_1	3.53846153846154	0.21875	0.357142857142857	0.642857142857143	G,C	0.36,0.64	0
263	Tpa_4849_1	1.33333333333333	0	NA	NA	T,C	NaN,NaN	NA
264	Tpa_4885_1	1.4	0.03125	0	1	T,G	1,0	NA
265	Tpa_4886_1	1.14285714285714	0	NA	NA	A,T	NaN,NaN	NA
266	Tpa_4900_1	1	0	NA	NA	C,T	NaN,NaN	NA
267	Tpa_4920_1	NA	0	NA	NA	G,C	NaN,NaN	NA
268	Tpa_4928_1	2.16666666666667	0.0625	0.25	0.75	C,T	0.25,0.75	0
269	Tpa_4936_1	1	0	NA	NA	C,T	NaN,NaN	NA
270	Tpa_4985_1	13.5238095238095	0.46875	0.0333333333333333	0.966666666666667	A,G	0.03,0.97	0
271	Tpa_5002_1	1.8	0.03125	0.5	0.5	C,T	0.5,0.5	0
272	Tpa_5015_1	NA	0	NA	NA	A,G	NaN,NaN	NA
273	Tpa_5022_1	77.5483870967742	0.9375	0.0333333333333333	0.966666666666667	C,T	0.97,0.03	0
274	Tpa_5057_1	6.4	0.09375	0	1	T,G	1,0	NA
275	Tpa_5075_1	1.6	0.03125	0.5	0.5	A,G	0.5,0.5	0
276	Tpa_5104_1	120.7	0.90625	0	1	G,A	0,1	NA
277	Tpa_5106_1	1	0	NA	NA	C,G	NaN,NaN	NA
278	Tpa_5118_1	1.57142857142857	0.03125	0	1	C,T	1,0	NA
279	Tpa_5138_1	2.16666666666667	0.0625	0	1	C,T	1,0	NA
280	Tpa_5144_1	2	0.03125	0	1	T,G	0,1	NA
281	Tpa_5167_1	NA	0	NA	NA	C,T	NaN,NaN	NA
282	Tpa_5196_1	1.4	0.03125	0	1	G,A	0,1	NA
283	Tpa_5205_1	1	0	NA	NA	G,T	NaN,NaN	NA
284	Tpa_5206_1	NA	0	NA	NA	G,A	NaN,NaN	NA
285	Tpa_5218_1	NA	0	NA	NA	C,G	NaN,NaN	NA
286	Tpa_5222_1	1	0	NA	NA	G,A	NaN,NaN	NA
287	Tpa_5228_1	6.52380952380952	0.375	0.0833333333333333	0.916666666666667	C,T	0.92,0.08	0
288	Tpa_5241_1	3.57142857142857	0.0625	0	1	C,T	1,0	NA
289	Tpa_5242_1	5.17647058823529	0.25	0.3125	0.6875	C,T	0.69,0.31	0
290	Tpa_5244_1	28.0967741935484	0.8125	0.0961538461538462	0.903846153846154	A,C	0.9,0.1	0.2
291	Tpa_5249_1	1.33333333333333	0	NA	NA	T,C	NaN,NaN	NA
292	Tpa_5270_1	NA	0	NA	NA	C,A	NaN,NaN	NA
293	Tpa_5278_1	4.9	0.125	0.25	0.75	G,A	0.25,0.75	NA
294	Tpa_5279_1	1.66666666666667	0.09375	0	1	C,T	1,0	NA
295	Tpa_5292_1	28.1034482758621	0.6875	0.136363636363636	0.863636363636364	C,T	0.14,0.86	0
296	Tpa_5298_1	10.25	0.1875	0.166666666666667	0.833333333333333	G,A	0.17,0.83	0
297	Tpa_5327_1	15.0434782608696	0.5	0	1	C,G	1,0	NA
298	Tpa_5360_1	1.2	0	NA	NA	G,A	NaN,NaN	NA
299	Tpa_5361_1	3.92307692307692	0.15625	0.4	0.6	A,C	0.6,0.4	0
300	Tpa_5373_1	2.33333333333333	0.03125	0	1	C,T	1,0	NA
301	Tpa_5379_1	19.75	0.5625	0.0277777777777778	0.972222222222222	C,G	0.97,0.03	0
302	Tpa_5382_1	12.9	0.65625	0	1	A,G	1,0	NA
303	Tpa_5418_1	25.8214285714286	0.5625	0.138888888888889	0.861111111111111	C,T	0.86,0.14	0
304	Tpa_5441_1	16.7692307692308	0.53125	0	1	G,A	0,1	NA
305	Tpa_5445_1	16.4444444444444	0.46875	0.333333333333333	0.666666666666667	T,C	0.33,0.67	0
306	Tpa_5446_1	8.1	0.15625	0.1	0.9	G,T	0.9,0.1	0
307	Tpa_5454_1	3.9	0.09375	0.333333333333333	0.666666666666667	A,G	0.33,0.67	0
308	Tpa_5471_1	194.357142857143	0.71875	0.0434782608695652	0.956521739130435	G,T	0.96,0.04	1
309	Tpa_5485_1	7.85714285714286	0.4375	0.0357142857142857	0.964285714285714	A,C	0.96,0.04	0
310	Tpa_5501_1	3.23076923076923	0.125	0.125	0.875	G,A	0.12,0.88	0
311	Tpa_5525_1	19.1304347826087	0.5	0.1875	0.8125	T,A	0.19,0.81	0
312	Tpa_5538_1	2	0.09375	0.166666666666667	0.833333333333333	C,T	0.17,0.83	0
313	Tpa_5540_1	1.5	0.03125	0	1	A,G	1,0	NA
314	Tpa_5542_1	1	0	NA	NA	C,T	NaN,NaN	NA
315	Tpa_5563_1	2	0.03125	0	1	G,A	0,1	NA
316	Tpa_5565_1	57.9	0.8125	0.173076923076923	0.826923076923077	G,T	0.83,0.17	0.142857142857143
317	Tpa_5570_1	1.90909090909091	0.09375	0.166666666666667	0.833333333333333	G,A	0.17,0.83	0
318	Tpa_5574_1	2	0.125	0.25	0.75	C,T	0.75,0.25	0
319	Tpa_5588_1	117.354838709677	0.90625	0.0517241379310345	0.948275862068966	C,T	0.95,0.05	0.333333333333333
320	Tpa_5594_1	2.27272727272727	0.09375	0	1	G,A	1,0	NA
321	Tpa_5601_1	7.72222222222222	0.25	0.125	0.875	C,A	0.12,0.88	0
322	Tpa_5609_1	1.54545454545455	0.09375	0	1	A,G	1,0	NA
323	Tpa_5623_1	18.6551724137931	0.59375	0	1	C,T	1,0	NA
324	Tpa_5636_1	1	0	NA	NA	A,G	NaN,NaN	NA
325	Tpa_5651_1	2.44444444444444	0.0625	0	1	T,C	0,1	NA
326	Tpa_5679_1	3	0.1875	0.0833333333333333	0.916666666666667	G,A	0.08,0.92	0
327	Tpa_5741_1	3.21052631578947	0.125	0	1	C,T	1,0	NA
328	Tpa_5761_1	2.77777777777778	0.125	0	1	G,A	0,1	NA
329	Tpa_5774_1	3.64285714285714	0.125	0	1	T,C	0,1	NA
330	Tpa_5795_1	NA	0	NA	NA	G,T	NaN,NaN	NA
331	Tpa_5796_1	7.6	0.21875	0.285714285714286	0.714285714285714	A,G	0.71,0.29	0
332	Tpa_5823_1	6.92307692307692	0.09375	0	1	A,G	0,1	NA
333	Tpa_5827_1	4.33333333333333	0.15625	0.2	0.8	T,G	0.2,0.8	NA
334	Tpa_5829_1	2	0.03125	0.5	0.5	C,T	0.5,0.5	0
335	Tpa_5838_1	18.9444444444444	0.375	0.0416666666666667	0.958333333333333	T,C	0.96,0.04	0
336	Tpa_5854_1	NA	0	NA	NA	T,G	NaN,NaN	NA
337	Tpa_5856_1	2.33333333333333	0.0625	0.5	0.5	C,T	0.5,0.5	NA
338	Tpa_5863_1	5	0.1875	0.166666666666667	0.833333333333333	G,A	0.17,0.83	0
339	Tpa_5868_1	1	0	NA	NA	C,G	NaN,NaN	NA
340	Tpa_5878_1	9.13333333333333	0.28125	0.111111111111111	0.888888888888889	G,C	0.89,0.11	0
341	Tpa_5913_1	9.38095238095238	0.34375	0.454545454545455	0.545454545454545	G,A	0.55,0.45	0
342	Tpa_5917_1	9.1875	0.25	0.25	0.75	T,G	0.25,0.75	0
343	Tpa_5942_1	NA	0	NA	NA	G,T	NaN,NaN	NA
344	Tpa_5951_1	2	0.09375	0	1	T,A	0,1	NA
345	Tpa_5961_1	1	0	NA	NA	T,G	NaN,NaN	NA
346	Tpa_5978_1	11.0769230769231	0.59375	0	1	G,A	0,1	NA
347	Tpa_5980_1	6	0.125	0.375	0.625	T,C	0.38,0.62	0.333333333333333
348	Tpa_6016_1	10.8125	0.21875	0.285714285714286	0.714285714285714	C,T	0.71,0.29	0
349	Tpa_6076_1	1.75	0.03125	0	1	A,G	0,1	NA
350	Tpa_6083_1	9.08	0.53125	0	1	A,G	1,0	NA
351	Tpa_6137_1	3	0.0625	0.25	0.75	A,G	0.25,0.75	0
352	Tpa_6139_1	6.9	0.34375	0.0909090909090909	0.909090909090909	C,G	0.91,0.09	0
353	Tpa_6150_1	4.26315789473684	0.40625	0.153846153846154	0.846153846153846	A,G	0.85,0.15	0
354	Tpa_6158_1	15.4166666666667	0.59375	0.0526315789473684	0.947368421052632	C,T	0.95,0.05	0
355	Tpa_6169_1	13.48	0.46875	0.1	0.9	A,G	0.1,0.9	0
356	Tpa_6172_1	8.57894736842105	0.3125	0	1	G,A	0,1	NA
357	Tpa_6204_1	1.6	0.0625	0.5	0.5	T,C	0.5,0.5	0
358	Tpa_6220_1	8.29166666666667	0.40625	0.269230769230769	0.730769230769231	A,G	0.73,0.27	0.2
359	Tpa_6222_1	2.25	0.03125	0	1	G,A	0,1	NA
360	Tpa_6224_1	3.55555555555556	0.21875	0.0714285714285714	0.928571428571429	G,A	0.07,0.93	0
361	Tpa_6265_1	4.04166666666667	0.46875	0.133333333333333	0.866666666666667	A,C	0.87,0.13	0
362	Tpa_6270_1	3.1	0.125	0.375	0.625	C,T	0.62,0.38	0
363	Tpa_6321_1	NA	0	NA	NA	G,A	NaN,NaN	NA
364	Tpa_6352_1	1.57142857142857	0.03125	0	1	G,C	0,1	NA
365	Tpa_6355_1	1	0	NA	NA	T,G	NaN,NaN	NA
366	Tpa_6384_1	1	0	NA	NA	G,A	NaN,NaN	NA
367	Tpa_6385_1	1.5	0.03125	0	1	C,T	1,0	NA
368	Tpa_6388_1	2	0.03125	0	1	C,A	0,1	NA
369	Tpa_6391_1	4.5	0.09375	0.166666666666667	0.833333333333333	C,T	0.83,0.17	0
370	Tpa_6411_1	NA	0	NA	NA	T,C	NaN,NaN	NA
371	Tpa_6422_1	27.0909090909091	0.53125	0	1	C,T	1,0	NA
372	Tpa_6442_1	7.18181818181818	0.125	0.125	0.875	T,C	0.12,0.88	0
373	Tpa_6449_1	NA	0	NA	NA	T,C	NaN,NaN	NA
374	Tpa_6451_1	3.88461538461538	0.46875	0.0333333333333333	0.966666666666667	C,A	0.03,0.97	0
375	Tpa_6453_1	3.16666666666667	0.125	0.125	0.875	C,T	0.88,0.12	0
376	Tpa_6487_1	6.63636363636364	0.53125	0	1	A,C	1,0	NA
377	Tpa_6493_1	3.61111111111111	0.21875	0	1	T,C	1,0	NA
378	Tpa_6511_1	312.71875	1	0.078125	0.921875	G,A	0.08,0.92	0.2
379	Tpa_6543_1	4.71428571428571	0.125	0	1	C,T	1,0	NA
380	Tpa_6562_1	1	0	NA	NA	C,T	NaN,NaN	NA
381	Tpa_6565_1	129.322580645161	0.9375	0.0166666666666667	0.983333333333333	G,A	0.02,0.98	0
382	Tpa_6586_1	2	0.03125	0	1	G,A	0,1	NA
383	Tpa_6591_1	1.66666666666667	0.03125	0	1	G,C	0,1	NA
384	Tpa_6604_1	NA	0	NA	NA	C,A	NaN,NaN	NA
385	Tpa_6611_1	1.3	0.03125	0	1	C,T	1,0	NA
386	Tpa_6630_1	7.65217391304348	0.46875	0.3	0.7	C,T	0.7,0.3	0
387	Tpa_6654_1	9.58333333333333	0.53125	0.0294117647058824	0.970588235294118	G,T	0.97,0.03	0
388	Tpa_6683_1	NA	0	NA	NA	C,A	NaN,NaN	NA
389	Tpa_6687_1	1.33333333333333	0	NA	NA	C,T	NaN,NaN	NA
390	Tpa_6713_1	NA	0	NA	NA	C,T	NaN,NaN	NA
391	Tpa_6733_1	3.4	0.25	0.125	0.875	G,T	0.88,0.12	0
392	Tpa_6768_1	13.1052631578947	0.3125	0.05	0.95	T,C	0.05,0.95	0
393	Tpa_6773_1	3	0.09375	0	1	G,A	0,1	NA
394	Tpa_6774_1	8	0.03125	0	1	T,C	1,0	NA
395	Tpa_6786_1	1	0	NA	NA	C,T	NaN,NaN	NA
396	Tpa_6814_1	23.4	0.65625	0.0476190476190476	0.952380952380952	G,A	0.05,0.95	0
397	Tpa_6816_1	5.46666666666667	0.25	0.25	0.75	T,G	0.25,0.75	0
398	Tpa_6853_1	12.36	0.625	0.025	0.975	A,G	0.98,0.03	0
399	Tpa_6887_1	5	0.375	0.0416666666666667	0.958333333333333	C,T	0.96,0.04	0
400	Tpa_6922_1	3	0.15625	0.1	0.9	T,G	0.9,0.1	0
401	Tpa_6937_1	20.8965517241379	0.65625	0	1	A,G	1,0	NA
402	Tpa_6963_1	5.38461538461539	0.21875	0	1	C,T	1,0	NA
403	Tpa_6973_1	9.35714285714286	0.21875	0	1	C,T	1,0	NA
404	Tpa_7007_1	1.63636363636364	0.09375	0.166666666666667	0.833333333333333	A,G	0.17,0.83	0
405	Tpa_7010_1	4.25	0.125	0	1	T,C	0,1	NA
406	Tpa_7018_1	1	0	NA	NA	G,C	NaN,NaN	NA
407	Tpa_7052_1	15.2222222222222	0.71875	0.0434782608695652	0.956521739130435	A,T	0.96,0.04	0
408	Tpa_7058_1	6	0.3125	0.05	0.95	C,T	0.95,0.05	0
409	Tpa_7062_1	6.57142857142857	0.25	0.125	0.875	C,T	0.88,0.12	0
410	Tpa_7080_1	5.22222222222222	0.125	0	1	G,C	0,1	NA
411	Tpa_7082_1	1	0	NA	NA	G,A	NaN,NaN	NA
412	Tpa_7090_1	11.695652173913	0.34375	0.0454545454545455	0.954545454545455	T,C	0.05,0.95	1
413	Tpa_7153_1	1.33333333333333	0.03125	0	1	G,A	1,0	NA
414	Tpa_7157_1	2	0.03125	0	1	T,G	1,0	NA
415	Tpa_7201_1	18.7916666666667	0.53125	0.176470588235294	0.823529411764706	G,A	0.18,0.82	0
416	Tpa_7204_1	3.45454545454545	0.0625	0	1	G,A	0,1	NA
417	Tpa_7210_1	1.75	0.03125	0	1	T,A	0,1	NA
418	Tpa_7213_1	30.2258064516129	0.84375	0	1	T,G	0,1	NA
419	Tpa_7221_1	3.3	0.125	0.25	0.75	G,A	0.25,0.75	0
420	Tpa_7240_1	12.7142857142857	0.78125	0.02	0.98	T,C	0.02,0.98	1
421	Tpa_7289_1	1	0	NA	NA	C,T	NaN,NaN	NA
422	Tpa_7291_1	1	0	NA	NA	A,G	NaN,NaN	NA
423	Tpa_7293_1	NA	0	NA	NA	A,C	NaN,NaN	NA
424	Tpa_7331_1	NA	0	NA	NA	G,T	NaN,NaN	NA
425	Tpa_7348_1	12.25	0.65625	0.0476190476190476	0.952380952380952	A,T	0.95,0.05	0
426	Tpa_7352_1	NA	0	NA	NA	G,A	NaN,NaN	NA
427	Tpa_7367_1	21	0.59375	0.0789473684210526	0.921052631578947	G,A	0.08,0.92	0
428	Tpa_7375_1	11.4444444444444	0.40625	0.230769230769231	0.769230769230769	C,T	0.77,0.23	0
429	Tpa_7406_1	NA	0	NA	NA	G,A	NaN,NaN	NA
430	Tpa_7413_1	45.3333333333333	0.0625	0	1	T,C	0,1	NA
431	Tpa_7417_1	2	0.03125	0	1	G,A	0,1	NA
432	Tpa_7425_1	11.1666666666667	0.5625	0.0555555555555556	0.944444444444444	G,A	0.06,0.94	0
433	Tpa_7447_1	2.5	0.03125	0	1	G,A	0,1	NA
434	Tpa_7450_1	NA	0	NA	NA	A,C	NaN,NaN	NA
435	Tpa_7452_1	46.1	0.8125	0.0769230769230769	0.923076923076923	C,G	0.92,0.08	0
436	Tpa_7454_1	NA	0	NA	NA	T,G	NaN,NaN	NA
437	Tpa_7461_1	2	0.03125	0	1	T,C	0,1	NA
438	Tpa_7477_1	8.0625	0.3125	0.15	0.85	C,T	0.85,0.15	0
439	Tpa_7479_1	14.1818181818182	0.28125	0	1	G,A	0,1	NA
440	Tpa_7483_1	7.13333333333333	0.15625	0	1	G,A	0,1	NA
441	Tpa_7495_1	35.9655172413793	0.875	0.0357142857142857	0.964285714285714	C,A	0.04,0.96	0
442	Tpa_7533_1	38.0645161290323	0.78125	0.14	0.86	A,G	0.86,0.14	0.2
443	Tpa_7540_1	1	0	NA	NA	G,T	NaN,NaN	NA
444	Tpa_7553_1	12.88	0.5	0.0625	0.9375	T,C	0.94,0.06	0
445	Tpa_7560_1	9.05882352941176	0.1875	0.0833333333333333	0.916666666666667	T,C	0.08,0.92	0
446	Tpa_7566_1	14.2	0.53125	0.117647058823529	0.882352941176471	C,T	0.88,0.12	0
447	Tpa_7567_1	111.387096774194	0.9375	0.416666666666667	0.583333333333333	A,G	0.58,0.42	0.411764705882353
448	Tpa_7571_1	20.5185185185185	0.625	0.175	0.825	G,A	0.17,0.82	0
449	Tpa_7586_1	22.1379310344828	0.71875	0.282608695652174	0.717391304347826	A,C	0.28,0.72	0
450	Tpa_7594_1	315.9375	0.96875	0.112903225806452	0.887096774193548	T,G	0.89,0.11	0.571428571428571
451	Tpa_7597_1	216.645161290323	0.96875	0.0161290322580645	0.983870967741935	T,G	0.02,0.98	0
452	Tpa_7601_1	NA	0	NA	NA	C,A	NaN,NaN	NA
453	Tpa_7604_1	175.115384615385	0.71875	0	1	C,T	1,0	NA
454	Tpa_7605_1	2.5	0.03125	0.5	0.5	A,G	0.5,0.5	0
455	Tpa_7615_1	1.85714285714286	0.03125	0	1	C,G	1,0	NA
456	Tpa_7652_1	259.03125	0.9375	0.05	0.95	G,A	0.05,0.95	0.666666666666667
457	Tpa_7653_1	211.25	1	0.28125	0.71875	C,T	0.28,0.72	0.25
458	Tpa_7657_1	4.5	0.125	0	1	G,A	0,1	NA
459	Tpa_7665_1	NA	0	NA	NA	A,T	NaN,NaN	NA
460	Tpa_7686_1	111.838709677419	0.96875	0.370967741935484	0.629032258064516	A,C	0.37,0.63	0.588235294117647
461	Tpa_7690_1	32.551724137931	0.84375	0.12962962962963	0.87037037037037	T,G	0.87,0.13	0
462	Tpa_7691_1	4.76190476190476	0.25	0.1875	0.8125	T,G	0.19,0.81	0
463	Tpa_7703_1	32.9333333333333	0.65625	0.0238095238095238	0.976190476190476	G,T	0.98,0.02	0
464	Tpa_7757_1	NA	0	NA	NA	A,T	NaN,NaN	NA
465	Tpa_7764_1	5.73913043478261	0.34375	0.272727272727273	0.727272727272727	C,A	0.27,0.73	0
466	Tpa_7765_1	3.13333333333333	0.15625	0.1	0.9	A,T	0.1,0.9	0
467	Tpa_7769_1	1	0	NA	NA	C,T	NaN,NaN	NA
468	Tpa_7772_1	NA	0	NA	NA	A,G	NaN,NaN	NA
469	Tpa_7798_1	10.1666666666667	0.0625	0.25	0.75	C,T	0.75,0.25	0
470	Tpa_7799_1	2.25	0.125	0	1	A,G	1,0	NA
471	Tpa_7805_1	2	0.09375	0	1	G,A	0,1	NA
472	Tpa_7807_1	1.22222222222222	0.03125	0	1	C,T	1,0	NA
473	Tpa_7814_1	3.92307692307692	0.1875	0.166666666666667	0.833333333333333	C,T	0.83,0.17	NA
474	Tpa_7825_1	22.7142857142857	0.75	0	1	G,A	0,1	NA
475	Tpa_7848_1	9	0.5	0	1	T,C	1,0	NA
476	Tpa_7910_1	4	0.1875	0.25	0.75	C,T	0.75,0.25	0
