Locus_ID	AvgReadDepth	GenotypeRate	minAF	majAF	alleles	allFreqs	conScore
1	Tpa_0010_1	13.8918918918919	0.484210526315789	0.195652173913043	0.804347826086957	A,G	0.8,0.2	0.0714285714285714
2	Tpa_0012_1	39.6829268292683	0.631578947368421	0.0166666666666667	0.983333333333333	C,A	0.02,0.98	0
3	Tpa_0024_1	1.8	0.0105263157894737	0	1	A,C	1,0	NA
4	Tpa_0035_1	12.7457627118644	0.378947368421053	0	1	T,C	0,1	NA
5	Tpa_0037_1	6.14893617021277	0.242105263157895	0.326086956521739	0.673913043478261	A,C	0.67,0.33	0
6	Tpa_0095_1	259.776595744681	0.926315789473684	0.0681818181818182	0.931818181818182	G,A	0.07,0.93	0.2
7	Tpa_0151_1	703.322580645161	0.957894736842105	0.032967032967033	0.967032967032967	G,A	0.03,0.97	0
8	Tpa_0183_1	321.170212765957	0.926315789473684	0.176136363636364	0.823863636363636	C,A	0.82,0.18	0.2
9	Tpa_0186_1	20.0704225352113	0.484210526315789	0.0652173913043478	0.934782608695652	C,A	0.07,0.93	0
10	Tpa_0215_1	1	0	NA	NA	A,C	NaN,NaN	NA
11	Tpa_0226_1	3.59375	0.0526315789473684	0.1	0.9	C,A	0.1,0.9	0
12	Tpa_0228_1	3.65853658536585	0.126315789473684	0.0833333333333333	0.916666666666667	T,A	0.08,0.92	0
13	Tpa_0263_1	16.9538461538462	0.505263157894737	0.229166666666667	0.770833333333333	C,G	0.23,0.77	0
14	Tpa_0269_1	9.44642857142857	0.336842105263158	0.28125	0.71875	G,A	0.28,0.72	0
15	Tpa_0272_1	4.28571428571429	0.0210526315789474	0	1	A,C	1,0	NA
16	Tpa_0301_1	365.244680851064	0.947368421052632	0.0277777777777778	0.972222222222222	G,T	0.97,0.03	0.6
17	Tpa_0342_1	51	0.768421052631579	0.253424657534247	0.746575342465753	C,T	0.75,0.25	0.0344827586206897
18	Tpa_0346_1	17.0689655172414	0.421052631578947	0.1125	0.8875	A,C	0.89,0.11	0.111111111111111
19	Tpa_0358_1	25.9189189189189	0.526315789473684	0.06	0.94	A,C	0.94,0.06	0
20	Tpa_0366_1	23.4418604651163	0.705263157894737	0.0522388059701493	0.947761194029851	T,C	0.95,0.05	0
21	Tpa_0367_1	16.5147058823529	0.442105263157895	0.0357142857142857	0.964285714285714	C,T	0.96,0.04	0
22	Tpa_0371_1	48.1511627906977	0.642105263157895	0.0327868852459016	0.967213114754098	C,T	0.97,0.03	0
23	Tpa_0395_1	38.3563218390805	0.631578947368421	0.00833333333333333	0.991666666666667	G,A	0.01,0.99	0
24	Tpa_0409_1	5.825	0.178947368421053	0.235294117647059	0.764705882352941	T,C	0.76,0.24	0
25	Tpa_0427_1	24.6486486486486	0.578947368421053	0.445454545454545	0.554545454545455	C,T	0.55,0.45	0.103448275862069
26	Tpa_0429_1	12.047619047619	0.4	0	1	G,C	0,1	NA
27	Tpa_0438_1	9.26865671641791	0.347368421052632	0.106060606060606	0.893939393939394	A,C	0.11,0.89	0
28	Tpa_0439_1	260.282608695652	0.936842105263158	0.275280898876405	0.724719101123595	G,C	0.72,0.28	0.121212121212121
29	Tpa_0474_1	4	0.0210526315789474	0	1	A,T	1,0	NA
30	Tpa_0492_1	10.327868852459	0.347368421052632	0	1	C,G	1,0	NA
31	Tpa_0500_1	6.80434782608696	0.178947368421053	0.205882352941176	0.794117647058823	A,C	0.79,0.21	0
32	Tpa_0540_1	7.04545454545455	0.210526315789474	0.225	0.775	G,C	0.22,0.78	0
33	Tpa_0547_1	66.5340909090909	0.747368421052632	0.0352112676056338	0.964788732394366	G,A	0.04,0.96	0
34	Tpa_0556_1	6.22916666666667	0.189473684210526	0	1	C,T	1,0	NA
35	Tpa_0569_1	40.6708860759494	0.684210526315789	0.307692307692308	0.692307692307692	A,G	0.69,0.31	0.266666666666667
36	Tpa_0584_1	33.9887640449438	0.715789473684211	0.0441176470588235	0.955882352941177	C,G	0.96,0.04	0
37	Tpa_0592_1	259.827956989247	0.947368421052632	0.0833333333333333	0.916666666666667	A,G	0.92,0.08	0.2
38	Tpa_0650_1	8.13333333333333	0.242105263157895	0.0652173913043478	0.934782608695652	G,A	0.07,0.93	1
39	Tpa_0671_1	38.8024691358025	0.642105263157895	0.122950819672131	0.877049180327869	C,G	0.88,0.12	0.272727272727273
40	Tpa_0678_1	2.27272727272727	0.0315789473684211	0.333333333333333	0.666666666666667	G,A	0.33,0.67	NA
41	Tpa_0687_1	33.9523809523809	0.694736842105263	0.121212121212121	0.878787878787879	C,T	0.88,0.12	0.0833333333333333
42	Tpa_0730_1	14.6666666666667	0.421052631578947	0.175	0.825	G,C	0.17,0.82	0.125
43	Tpa_0743_1	19.1066666666667	0.557894736842105	0	1	C,A	0,1	NA
44	Tpa_0763_1	37.4177215189873	0.568421052631579	0.12037037037037	0.87962962962963	C,A	0.12,0.88	0.0909090909090909
45	Tpa_0768_1	2.74358974358974	0.168421052631579	0	1	G,A	0,1	NA
46	Tpa_0791_1	53.8	0.778947368421053	0.0472972972972973	0.952702702702703	G,A	0.05,0.95	0.285714285714286
47	Tpa_0826_1	3.06382978723404	0.157894736842105	0.1	0.9	G,C	0.1,0.9	0
48	Tpa_0866_1	628.31914893617	0.968421052631579	0.0815217391304348	0.918478260869565	C,T	0.92,0.08	0.384615384615385
49	Tpa_0868_1	1.14285714285714	0.0105263157894737	0.5	0.5	A,T	0.5,0.5	0
50	Tpa_0882_1	4.52173913043478	0.0526315789473684	0.5	0.5	A,T	0.5,0.5	0
51	Tpa_0888_1	34.8352941176471	0.642105263157895	0.0245901639344262	0.975409836065574	G,A	0.02,0.98	0
52	Tpa_0895_1	13.8507462686567	0.368421052631579	0.0142857142857143	0.985714285714286	G,A	0.01,0.99	0
53	Tpa_0905_1	40	0.673684210526316	0.09375	0.90625	T,C	0.91,0.09	0
54	Tpa_0912_1	3.15384615384615	0.0421052631578947	0	1	C,A	0,1	NA
55	Tpa_0929_1	6.025	0.189473684210526	0	1	G,A	0,1	NA
56	Tpa_0936_1	17.6666666666667	0.4	0.0657894736842105	0.934210526315789	C,T	0.93,0.07	0
57	Tpa_0953_1	154.611111111111	0.905263157894737	0.0813953488372093	0.918604651162791	C,T	0.92,0.08	0.0714285714285714
58	Tpa_0970_1	2	0.0210526315789474	0	1	A,C	1,0	NA
59	Tpa_0973_1	2.41666666666667	0.0210526315789474	0	1	T,G	0,1	NA
60	Tpa_0979_1	38.8589743589744	0.578947368421053	0.0545454545454545	0.945454545454545	C,G	0.95,0.05	0
61	Tpa_1007_1	22.3194444444444	0.494736842105263	0.340425531914894	0.659574468085106	T,C	0.66,0.34	0
62	Tpa_1022_1	36.3291139240506	0.663157894736842	0	1	G,A	0,1	NA
63	Tpa_1042_1	9.4375	0.178947368421053	0.0294117647058824	0.970588235294118	G,A	0.03,0.97	0
64	Tpa_1071_1	13.72	0.368421052631579	0.185714285714286	0.814285714285714	A,C	0.81,0.19	0
65	Tpa_1077_1	23.1369863013699	0.6	0.114035087719298	0.885964912280702	C,T	0.89,0.11	0.0909090909090909
66	Tpa_1082_1	599.627659574468	0.968421052631579	0.0923913043478261	0.907608695652174	C,T	0.91,0.09	0.470588235294118
67	Tpa_1098_1	2.41666666666667	0.0421052631578947	0.125	0.875	A,C	0.88,0.12	0
68	Tpa_1112_1	36.9230769230769	0.6	0.114035087719298	0.885964912280702	G,A	0.11,0.89	0.0769230769230769
69	Tpa_1136_1	1.33333333333333	0	NA	NA	T,G	NaN,NaN	NA
70	Tpa_1144_1	23.5555555555556	0.621052631578947	0.127118644067797	0.872881355932203	G,T	0.87,0.13	0
71	Tpa_1154_1	44.3780487804878	0.673684210526316	0.2734375	0.7265625	C,T	0.27,0.73	0.19047619047619
72	Tpa_1156_1	1.25	0.0105263157894737	0	1	G,A	0,1	NA
73	Tpa_1187_1	19.9166666666667	0.526315789473684	0.08	0.92	C,T	0.92,0.08	0
74	Tpa_1268_1	26.1052631578947	0.589473684210526	0.0357142857142857	0.964285714285714	T,A	0.04,0.96	0
75	Tpa_1290_1	NA	0	NA	NA	C,T	NaN,NaN	NA
76	Tpa_1304_1	35.7125	0.610526315789474	0.181034482758621	0.818965517241379	A,G	0.18,0.82	0.0476190476190476
77	Tpa_1305_1	1.66666666666667	0	NA	NA	A,T	NaN,NaN	NA
78	Tpa_1310_1	16.7936507936508	0.473684210526316	0.0555555555555556	0.944444444444444	C,T	0.94,0.06	0
79	Tpa_1312_1	48.4878048780488	0.684210526315789	0.0153846153846154	0.984615384615385	C,T	0.98,0.02	0
80	Tpa_1320_1	20.4	0.0526315789473684	0	1	T,C	0,1	NA
81	Tpa_1341_1	6.25531914893617	0.221052631578947	0.0476190476190476	0.952380952380952	C,T	0.95,0.05	0
82	Tpa_1357_1	47.6785714285714	0.642105263157895	0.0245901639344262	0.975409836065574	G,C	0.02,0.98	0
83	Tpa_1359_1	10.8	0.452631578947368	0.0930232558139535	0.906976744186046	A,G	0.91,0.09	0.125
84	Tpa_1394_1	5.5	0.147368421052632	0.214285714285714	0.785714285714286	G,A	0.21,0.79	0.166666666666667
85	Tpa_1404_1	3.20689655172414	0.0736842105263158	0	1	C,T	1,0	NA
86	Tpa_1443_1	2.42857142857143	0.0736842105263158	0.285714285714286	0.714285714285714	A,G	0.29,0.71	0
87	Tpa_1486_1	25.9142857142857	0.547368421052632	0.105769230769231	0.894230769230769	T,C	0.11,0.89	0
88	Tpa_1515_1	12.943661971831	0.452631578947368	0.186046511627907	0.813953488372093	A,C	0.81,0.19	0.2
89	Tpa_1528_1	8.80327868852459	0.326315789473684	0.209677419354839	0.790322580645161	G,T	0.79,0.21	0
90	Tpa_1542_1	52.3411764705882	0.736842105263158	0.0142857142857143	0.985714285714286	C,G	0.99,0.01	0
91	Tpa_1548_1	6.73333333333333	0.2	0.263157894736842	0.736842105263158	T,G	0.26,0.74	0
92	Tpa_1550_1	34.3170731707317	0.673684210526316	0.03125	0.96875	C,G	0.97,0.03	0.5
93	Tpa_1585_1	470.265957446808	0.957894736842105	0.0659340659340659	0.934065934065934	T,C	0.93,0.07	0.25
94	Tpa_1593_1	14.90625	0.431578947368421	0.24390243902439	0.75609756097561	G,A	0.24,0.76	0
95	Tpa_1606_1	9.421875	0.357894736842105	0.0882352941176471	0.911764705882353	T,G	0.09,0.91	0
96	Tpa_1638_1	7.78	0.273684210526316	0.0769230769230769	0.923076923076923	C,G	0.92,0.08	0
97	Tpa_1646_1	17.8648648648649	0.589473684210526	0.0625	0.9375	C,T	0.94,0.06	0
98	Tpa_1662_1	50.9058823529412	0.726315789473684	0.0869565217391304	0.91304347826087	G,A	0.09,0.91	0.1
99	Tpa_1678_1	95.5	0.831578947368421	0.0632911392405063	0.936708860759494	C,T	0.94,0.06	0
100	Tpa_1689_1	20.8783783783784	0.515789473684211	0.142857142857143	0.857142857142857	C,T	0.86,0.14	0.1
101	Tpa_1703_1	1	0	NA	NA	A,G	NaN,NaN	NA
102	Tpa_1731_1	60.125	0.694736842105263	0.0227272727272727	0.977272727272727	C,A	0.02,0.98	0
103	Tpa_1774_1	57.8192771084337	0.736842105263158	0.00714285714285714	0.992857142857143	C,T	0.99,0.01	0
104	Tpa_1775_1	15.0689655172414	0.210526315789474	0.2	0.8	C,T	0.8,0.2	NA
105	Tpa_1804_1	95.8539325842697	0.757894736842105	0.236111111111111	0.763888888888889	C,G	0.76,0.24	0.25
106	Tpa_1818_1	7.5	0.273684210526316	0.211538461538462	0.788461538461538	G,A	0.79,0.21	0
107	Tpa_1831_1	44.3132530120482	0.610526315789474	0.0603448275862069	0.939655172413793	G,T	0.94,0.06	0
108	Tpa_1832_1	12.8823529411765	0.368421052631579	0.0285714285714286	0.971428571428571	A,G	0.97,0.03	0
109	Tpa_1843_1	16.2631578947368	0.515789473684211	0.0612244897959184	0.938775510204082	C,T	0.94,0.06	0
110	Tpa_1847_1	1	0	NA	NA	T,A	NaN,NaN	NA
111	Tpa_1891_1	27.7848101265823	0.589473684210526	0.0267857142857143	0.973214285714286	C,A	0.03,0.97	0
112	Tpa_1896_1	11.8028169014085	0.494736842105263	0.0531914893617021	0.946808510638298	A,G	0.05,0.95	0
113	Tpa_1917_1	6.15217391304348	0.263157894736842	0.38	0.62	C,T	0.62,0.38	0
114	Tpa_1930_1	17.9178082191781	0.515789473684211	0.244897959183673	0.755102040816326	A,G	0.24,0.76	0
115	Tpa_1966_1	62.3714285714286	0.252631578947368	0.1875	0.8125	C,T	0.19,0.81	1
116	Tpa_2006_1	113.438202247191	0.852631578947368	0.123456790123457	0.876543209876543	C,T	0.88,0.12	0.0555555555555556
117	Tpa_2010_1	35.4268292682927	0.663157894736842	0	1	C,G	1,0	NA
118	Tpa_2021_1	80.2134831460674	0.789473684210526	0.06	0.94	C,T	0.94,0.06	0
119	Tpa_2034_1	26.6486486486486	0.578947368421053	0	1	A,T	1,0	NA
120	Tpa_2040_1	108.217391304348	0.873684210526316	0.144578313253012	0.855421686746988	T,A	0.14,0.86	0.0555555555555556
121	Tpa_2041_1	54.7303370786517	0.768421052631579	0.0136986301369863	0.986301369863014	C,A	0.01,0.99	NA
122	Tpa_2073_1	3.8	0.0736842105263158	0.142857142857143	0.857142857142857	G,A	0.14,0.86	0
123	Tpa_2076_1	15.0869565217391	0.368421052631579	0.0571428571428571	0.942857142857143	C,A	0.06,0.94	0
124	Tpa_2096_1	21.5	0.515789473684211	0.0918367346938776	0.908163265306122	G,A	0.09,0.91	0
125	Tpa_2128_1	61.9767441860465	0.726315789473684	0.0797101449275362	0.920289855072464	G,T	0.92,0.08	0.181818181818182
126	Tpa_2157_1	35.4210526315789	0.610526315789474	0.0431034482758621	0.956896551724138	A,C	0.96,0.04	0
127	Tpa_2180_1	16.4320987654321	0.568421052631579	0.0462962962962963	0.953703703703704	C,T	0.05,0.95	0.2
128	Tpa_2194_1	17.6197183098592	0.484210526315789	0.315217391304348	0.684782608695652	A,G	0.68,0.32	0
129	Tpa_2207_1	23.5308641975309	0.557894736842105	0.216981132075472	0.783018867924528	G,T	0.78,0.22	0
130	Tpa_2254_1	23.5810810810811	0.536842105263158	0.127450980392157	0.872549019607843	C,G	0.87,0.13	0
131	Tpa_2278_1	32.1518987341772	0.557894736842105	0.141509433962264	0.858490566037736	G,A	0.14,0.86	0.0769230769230769
132	Tpa_2334_1	1.5	0.0105263157894737	0	1	C,T	1,0	NA
133	Tpa_2344_1	48.2682926829268	0.726315789473684	0.0289855072463768	0.971014492753623	G,A	0.03,0.97	0
134	Tpa_2353_1	21.4415584415584	0.578947368421053	0.127272727272727	0.872727272727273	C,G	0.87,0.13	0
135	Tpa_2368_1	75.6516853932584	0.831578947368421	0	1	A,G	0,1	NA
136	Tpa_2412_1	10.6166666666667	0.336842105263158	0.015625	0.984375	G,A	0.02,0.98	0
137	Tpa_2417_1	13.9066666666667	0.505263157894737	0.0208333333333333	0.979166666666667	A,G	0.02,0.98	0
138	Tpa_2453_1	NA	0	NA	NA	T,C	NaN,NaN	NA
139	Tpa_2458_1	71.037037037037	0.715789473684211	0.0294117647058824	0.970588235294118	C,T	0.97,0.03	0
140	Tpa_2460_1	5.7	0.115789473684211	0	1	G,A	0,1	NA
141	Tpa_2470_1	18.8658536585366	0.6	0.0701754385964912	0.929824561403509	C,T	0.93,0.07	0
142	Tpa_2483_1	13.0857142857143	0.515789473684211	0.102040816326531	0.897959183673469	C,T	0.9,0.1	0
143	Tpa_2498_1	8.22448979591837	0.231578947368421	0.113636363636364	0.886363636363636	C,G	0.89,0.11	0
144	Tpa_2509_1	74.5340909090909	0.842105263157895	0.19375	0.80625	C,T	0.81,0.19	0.111111111111111
145	Tpa_2518_1	7.0625	0.305263157894737	0.155172413793103	0.844827586206897	T,C	0.16,0.84	0
146	Tpa_2519_1	9.23214285714286	0.357894736842105	0.0294117647058824	0.970588235294118	A,T	0.97,0.03	0
147	Tpa_2523_1	3.5	0.0631578947368421	0.0833333333333333	0.916666666666667	A,G	0.92,0.08	0
148	Tpa_2581_1	89.3666666666667	0.852631578947368	0.135802469135802	0.864197530864197	T,C	0.14,0.86	0.1
149	Tpa_2601_1	148.822222222222	0.831578947368421	0.40506329113924	0.594936708860759	T,C	0.59,0.41	0.1
150	Tpa_2608_1	38.5243902439024	0.726315789473684	0.210144927536232	0.789855072463768	A,C	0.79,0.21	0.0476190476190476
151	Tpa_2636_1	6.65957446808511	0.210526315789474	0	1	A,T	1,0	NA
152	Tpa_2639_1	6.04166666666667	0.2	0.0526315789473684	0.947368421052632	G,A	0.05,0.95	0
153	Tpa_2664_1	7.04878048780488	0.178947368421053	0.0294117647058824	0.970588235294118	C,T	0.97,0.03	0
154	Tpa_2702_1	56.1847826086956	0.736842105263158	0.0642857142857143	0.935714285714286	C,T	0.94,0.06	0
155	Tpa_2712_1	93.5384615384615	0.842105263157895	0.05	0.95	G,A	0.05,0.95	0.25
156	Tpa_2734_1	90.9156626506024	0.673684210526316	0.0859375	0.9140625	T,G	0.91,0.09	0.636363636363636
157	Tpa_2741_1	2.81818181818182	0.0421052631578947	0.125	0.875	A,C	0.12,0.88	0
158	Tpa_2745_1	134.553191489362	0.926315789473684	0.232954545454545	0.767045454545455	G,A	0.77,0.23	0
159	Tpa_2763_1	58.8690476190476	0.663157894736842	0.0158730158730159	0.984126984126984	A,T	0.98,0.02	0
160	Tpa_2845_1	2.69230769230769	0.0315789473684211	0	1	T,G	0,1	NA
161	Tpa_2854_1	5.87096774193548	0.126315789473684	0.125	0.875	C,T	0.88,0.12	0
162	Tpa_2856_1	14	0.378947368421053	0.138888888888889	0.861111111111111	C,T	0.86,0.14	0
163	Tpa_2861_1	8.08888888888889	0.273684210526316	0.0192307692307692	0.980769230769231	G,A	0.02,0.98	0
164	Tpa_2868_1	6.29411764705882	0.136842105263158	0.0384615384615385	0.961538461538462	C,T	0.96,0.04	0
165	Tpa_2900_1	65.4352941176471	0.778947368421053	0.0405405405405405	0.959459459459459	G,A	0.04,0.96	0
166	Tpa_2907_1	7.91666666666667	0.252631578947368	0.1875	0.8125	T,C	0.19,0.81	0
167	Tpa_2961_1	13.1489361702128	0.294736842105263	0.0357142857142857	0.964285714285714	A,G	0.96,0.04	0
168	Tpa_2970_1	6.61818181818182	0.336842105263158	0.09375	0.90625	C,T	0.91,0.09	0
169	Tpa_3004_1	62.1904761904762	0.757894736842105	0.138888888888889	0.861111111111111	A,G	0.14,0.86	0.125
170	Tpa_3011_1	8.41666666666667	0.157894736842105	0.0666666666666667	0.933333333333333	G,A	0.07,0.93	0
171	Tpa_3018_1	21.8289473684211	0.526315789473684	0.01	0.99	G,T	0.99,0.01	0
172	Tpa_3047_1	10.975	0.242105263157895	0.0869565217391304	0.91304347826087	C,G	0.91,0.09	0.5
173	Tpa_3055_1	8.41379310344828	0.284210526315789	0.0555555555555556	0.944444444444444	T,C	0.94,0.06	0
174	Tpa_3063_1	3.21052631578947	0.0736842105263158	0.214285714285714	0.785714285714286	A,T	0.79,0.21	0
175	Tpa_3129_1	47.2619047619048	0.663157894736842	0.126984126984127	0.873015873015873	G,A	0.13,0.87	0
176	Tpa_3149_1	175.315217391304	0.91578947368421	0.114942528735632	0.885057471264368	A,G	0.89,0.11	0
177	Tpa_3193_1	1.5	0	NA	NA	G,C	NaN,NaN	NA
178	Tpa_3197_1	108.703296703297	0.852631578947368	0.0432098765432099	0.95679012345679	T,C	0.04,0.96	0
179	Tpa_3200_1	46.1807228915663	0.684210526315789	0.107692307692308	0.892307692307692	C,T	0.89,0.11	0
180	Tpa_3235_1	15.3389830508475	0.378947368421053	0.0833333333333333	0.916666666666667	C,T	0.92,0.08	0.166666666666667
181	Tpa_3248_1	22.9054054054054	0.568421052631579	0.324074074074074	0.675925925925926	C,T	0.32,0.68	0.171428571428571
182	Tpa_3254_1	18.5131578947368	0.536842105263158	0.0392156862745098	0.96078431372549	G,T	0.96,0.04	0
183	Tpa_3262_1	53.2619047619048	0.715789473684211	0.227941176470588	0.772058823529412	G,T	0.77,0.23	0.217391304347826
184	Tpa_3263_1	5.14285714285714	0.168421052631579	0.125	0.875	A,G	0.88,0.12	0
185	Tpa_3310_1	34.4878048780488	0.610526315789474	0.0689655172413793	0.931034482758621	C,T	0.93,0.07	0
186	Tpa_3347_1	4.7	0.126315789473684	0.416666666666667	0.583333333333333	C,T	0.42,0.58	0
187	Tpa_3354_1	10.0172413793103	0.242105263157895	0.0652173913043478	0.934782608695652	T,C	0.07,0.93	0
188	Tpa_3364_1	34.9382716049383	0.610526315789474	0.448275862068966	0.551724137931034	A,G	0.45,0.55	0
189	Tpa_3385_1	7.06122448979592	0.168421052631579	0.0625	0.9375	C,T	0.94,0.06	0.5
190	Tpa_3414_1	1.8	0.0210526315789474	0	1	A,C	1,0	NA
191	Tpa_3439_1	60.2674418604651	0.673684210526316	0.03125	0.96875	G,T	0.97,0.03	NA
192	Tpa_3502_1	1.14285714285714	0	NA	NA	A,G	NaN,NaN	NA
193	Tpa_3561_1	4.53333333333333	0.0736842105263158	0.0714285714285714	0.928571428571429	G,A	0.07,0.93	0
194	Tpa_3569_1	17.2567567567568	0.463157894736842	0.0795454545454545	0.920454545454545	G,A	0.08,0.92	0
195	Tpa_3578_1	36.0120481927711	0.642105263157895	0.040983606557377	0.959016393442623	G,A	0.04,0.96	0.2
196	Tpa_3583_1	14.983606557377	0.421052631578947	0.025	0.975	A,G	0.03,0.98	0
197	Tpa_3616_1	16.5555555555556	0.463157894736842	0	1	T,A	0,1	NA
198	Tpa_3674_1	75.6477272727273	0.757894736842105	0.0138888888888889	0.986111111111111	G,A	0.01,0.99	0
199	Tpa_3676_1	26.2727272727273	0.6	0.0087719298245614	0.991228070175439	C,T	0.99,0.01	0
200	Tpa_3679_1	9.21052631578947	0.410526315789474	0.153846153846154	0.846153846153846	C,T	0.85,0.15	0.1
201	Tpa_3684_1	2.08333333333333	0.0210526315789474	0	1	T,C	0,1	NA
202	Tpa_3705_1	19.4647887323944	0.494736842105263	0.0319148936170213	0.968085106382979	G,T	0.97,0.03	0
203	Tpa_3723_1	3.51724137931034	0.0842105263157895	0.3125	0.6875	A,G	0.31,0.69	0
204	Tpa_3737_1	5.15789473684211	0.126315789473684	0.125	0.875	G,A	0.12,0.88	0
205	Tpa_3745_1	119.285714285714	0.863157894736842	0.0365853658536585	0.963414634146341	G,A	0.04,0.96	0
206	Tpa_3795_1	11.9333333333333	0.357894736842105	0.176470588235294	0.823529411764706	G,A	0.18,0.82	0
207	Tpa_3846_1	58.3218390804598	0.747368421052632	0.154929577464789	0.845070422535211	C,T	0.85,0.15	0.15
208	Tpa_3862_1	3.94871794871795	0.0736842105263158	0.142857142857143	0.857142857142857	T,C	0.14,0.86	NA
209	Tpa_3871_1	29.3333333333333	0.610526315789474	0.0862068965517241	0.913793103448276	C,T	0.91,0.09	0
210	Tpa_3879_1	46.5555555555556	0.747368421052632	0.0140845070422535	0.985915492957746	T,A	0.01,0.99	0
211	Tpa_3905_1	6.275	0.189473684210526	0	1	A,C	1,0	NA
212	Tpa_3926_1	10.671875	0.305263157894737	0.0517241379310345	0.948275862068966	C,T	0.95,0.05	0
213	Tpa_3937_1	79.5402298850575	0.842105263157895	0.16875	0.83125	G,A	0.17,0.83	0.04
214	Tpa_3962_1	165.717391304348	0.957894736842105	0.142857142857143	0.857142857142857	C,G	0.86,0.14	0
215	Tpa_3974_1	24.6835443037975	0.631578947368421	0.241666666666667	0.758333333333333	G,T	0.24,0.76	0.0588235294117647
216	Tpa_4020_1	17.9710144927536	0.452631578947368	0.174418604651163	0.825581395348837	G,A	0.17,0.83	0
217	Tpa_4021_1	25.9220779220779	0.6	0.0526315789473684	0.947368421052632	C,T	0.95,0.05	0
218	Tpa_4022_1	41.3411764705882	0.736842105263158	0.292857142857143	0.707142857142857	G,A	0.29,0.71	0.148148148148148
219	Tpa_4055_1	8.14814814814815	0.263157894736842	0.02	0.98	A,C	0.98,0.02	0
220	Tpa_4077_1	11.4098360655738	0.389473684210526	0.0810810810810811	0.918918918918919	A,T	0.92,0.08	0
221	Tpa_4120_1	51.4939759036145	0.684210526315789	0.146153846153846	0.853846153846154	C,T	0.85,0.15	0.0588235294117647
222	Tpa_4126_1	22.32	0.568421052631579	0.0833333333333333	0.916666666666667	G,C	0.92,0.08	0
223	Tpa_4137_1	71.752808988764	0.8	0.0197368421052632	0.980263157894737	C,A	0.02,0.98	0
224	Tpa_4148_1	7.30612244897959	0.252631578947368	0.333333333333333	0.666666666666667	A,G	0.33,0.67	0
225	Tpa_4168_1	9.47272727272727	0.326315789473684	0.0161290322580645	0.983870967741935	C,T	0.98,0.02	0
226	Tpa_4176_1	14.7014925373134	0.368421052631579	0	1	C,G	1,0	NA
227	Tpa_4178_1	8.68	0.368421052631579	0.185714285714286	0.814285714285714	C,T	0.81,0.19	0
228	Tpa_4209_1	17.3478260869565	0.515789473684211	0.0408163265306122	0.959183673469388	G,A	0.04,0.96	0.5
229	Tpa_4221_1	2.95	0.0631578947368421	0.416666666666667	0.583333333333333	T,A	0.42,0.58	0
230	Tpa_4230_1	26.1578947368421	0.610526315789474	0.146551724137931	0.853448275862069	C,G	0.85,0.15	0.111111111111111
231	Tpa_4245_1	2	0.0210526315789474	0.5	0.5	G,C	0.5,0.5	0
232	Tpa_4246_1	61.3176470588235	0.715789473684211	0	1	T,C	0,1	NA
233	Tpa_4247_1	10.8714285714286	0.431578947368421	0.0487804878048781	0.951219512195122	T,A	0.95,0.05	0.25
234	Tpa_4268_1	2622.85263157895	0.978947368421053	0.0483870967741935	0.951612903225806	C,G	0.95,0.05	0.111111111111111
235	Tpa_4291_1	44.1264367816092	0.715789473684211	0.0808823529411765	0.919117647058823	C,T	0.92,0.08	0
236	Tpa_4295_1	20.6478873239437	0.452631578947368	0	1	C,A	0,1	NA
237	Tpa_4310_1	27.7820512820513	0.568421052631579	0.0277777777777778	0.972222222222222	G,C	0.97,0.03	0
238	Tpa_4316_1	48.9876543209877	0.652631578947368	0.0403225806451613	0.959677419354839	C,T	0.96,0.04	0
239	Tpa_4353_1	32.7692307692308	0.557894736842105	0.0471698113207547	0.952830188679245	G,A	0.05,0.95	0
240	Tpa_4356_1	86.4	0.831578947368421	0.0759493670886076	0.924050632911392	C,T	0.92,0.08	0.166666666666667
241	Tpa_4380_1	95.7777777777778	0.810526315789474	0.0324675324675325	0.967532467532468	G,T	0.97,0.03	0
242	Tpa_4384_1	375.755319148936	0.968421052631579	0.0652173913043478	0.934782608695652	G,A	0.07,0.93	0.2
243	Tpa_4394_1	212.836956521739	0.905263157894737	0.00581395348837209	0.994186046511628	C,T	0.99,0.01	0
244	Tpa_4416_1	54.9010989010989	0.768421052631579	0.0616438356164384	0.938356164383562	G,A	0.06,0.94	0
245	Tpa_4425_1	4.88372093023256	0.168421052631579	0.125	0.875	G,A	0.12,0.88	0
246	Tpa_4443_1	52.9425287356322	0.747368421052632	0.00704225352112676	0.992957746478873	C,T	0.99,0.01	0
247	Tpa_4454_1	31.8765432098765	0.715789473684211	0.139705882352941	0.860294117647059	G,A	0.14,0.86	0.263157894736842
248	Tpa_4467_1	14.2166666666667	0.4	0.0921052631578947	0.907894736842105	G,C	0.09,0.91	0
249	Tpa_4495_1	91.3888888888889	0.852631578947368	0.12962962962963	0.87037037037037	T,C	0.13,0.87	0.0588235294117647
250	Tpa_4506_1	7.08108108108108	0.126315789473684	0.0833333333333333	0.916666666666667	C,G	0.92,0.08	0
251	Tpa_4511_1	58.9036144578313	0.715789473684211	0.0441176470588235	0.955882352941177	G,A	0.04,0.96	0.333333333333333
252	Tpa_4549_1	4.97058823529412	0.157894736842105	0.2	0.8	A,G	0.8,0.2	0
253	Tpa_4556_1	17.3461538461538	0.526315789473684	0.04	0.96	A,C	0.96,0.04	0
254	Tpa_4569_1	29.9875	0.610526315789474	0.362068965517241	0.637931034482759	A,C	0.64,0.36	0.0333333333333333
255	Tpa_4582_1	43.5	0.715789473684211	0.0514705882352941	0.948529411764706	A,T	0.95,0.05	0
256	Tpa_4590_1	562.715789473684	0.968421052631579	0.0489130434782609	0.951086956521739	G,T	0.95,0.05	0.428571428571429
257	Tpa_4591_1	64.5340909090909	0.8	0.0328947368421053	0.967105263157895	C,T	0.97,0.03	0
258	Tpa_4592_1	16.8382352941176	0.494736842105263	0.0957446808510638	0.904255319148936	G,C	0.1,0.9	0
259	Tpa_4593_1	29.1645569620253	0.610526315789474	0.0431034482758621	0.956896551724138	C,T	0.96,0.04	0
260	Tpa_4595_1	24.65625	0.442105263157895	0	1	G,A	0,1	NA
261	Tpa_4599_1	2024.14736842105	0.989473684210526	0.074468085106383	0.925531914893617	C,T	0.93,0.07	0.142857142857143
262	Tpa_4633_1	39.3372093023256	0.757894736842105	0.0694444444444444	0.930555555555556	A,C	0.07,0.93	0.25
263	Tpa_4637_1	5.34615384615385	0.210526315789474	0.125	0.875	C,A	0.12,0.88	0
264	Tpa_4668_1	7.84615384615385	0.305263157894737	0.189655172413793	0.810344827586207	C,A	0.81,0.19	0
265	Tpa_4678_1	80.2555555555556	0.821052631578947	0	1	T,A	0,1	NA
266	Tpa_4697_1	86.2413793103448	0.831578947368421	0.0379746835443038	0.962025316455696	T,C	0.04,0.96	0
267	Tpa_4713_1	191.58064516129	0.894736842105263	0.0588235294117647	0.941176470588235	G,A	0.06,0.94	0.1
268	Tpa_4731_1	10.6229508196721	0.431578947368421	0.0731707317073171	0.926829268292683	C,A	0.07,0.93	0
269	Tpa_4747_1	7.421875	0.4	0.0394736842105263	0.960526315789474	C,T	0.96,0.04	0.333333333333333
270	Tpa_4749_1	10.7536231884058	0.442105263157895	0.0595238095238095	0.94047619047619	G,T	0.94,0.06	0
271	Tpa_4804_1	15.9855072463768	0.473684210526316	0.3	0.7	G,C	0.3,0.7	0
272	Tpa_4849_1	24.472972972973	0.568421052631579	0.0833333333333333	0.916666666666667	T,C	0.08,0.92	0
273	Tpa_4862_1	70.7411764705882	0.768421052631579	0.205479452054795	0.794520547945205	C,G	0.79,0.21	0.153846153846154
274	Tpa_4885_1	4.4	0.105263157894737	0.3	0.7	T,G	0.7,0.3	0
275	Tpa_4886_1	10.1111111111111	0.273684210526316	0	1	A,T	1,0	NA
276	Tpa_4900_1	49.1279069767442	0.673684210526316	0.0546875	0.9453125	C,T	0.95,0.05	0
277	Tpa_4920_1	2.07692307692308	0.0315789473684211	0	1	G,C	0,1	NA
278	Tpa_4928_1	177.827956989247	0.91578947368421	0.155172413793103	0.844827586206897	C,T	0.84,0.16	0.0869565217391304
279	Tpa_4936_1	124.239130434783	0.842105263157895	0.1	0.9	C,T	0.9,0.1	0.1875
280	Tpa_4985_1	9.91071428571429	0.305263157894737	0.0862068965517241	0.913793103448276	A,G	0.09,0.91	0
281	Tpa_5002_1	89.9888888888889	0.8	0.0197368421052632	0.980263157894737	C,T	0.98,0.02	0
282	Tpa_5015_1	4.57142857142857	0.115789473684211	0	1	A,G	1,0	NA
283	Tpa_5022_1	27.4268292682927	0.610526315789474	0.0431034482758621	0.956896551724138	C,T	0.96,0.04	0.2
284	Tpa_5057_1	81.44	0.610526315789474	0.0431034482758621	0.956896551724138	T,G	0.96,0.04	1
285	Tpa_5069_1	26.9875	0.568421052631579	0.0555555555555556	0.944444444444444	C,A	0.06,0.94	1
286	Tpa_5075_1	45.1428571428571	0.705263157894737	0.253731343283582	0.746268656716418	A,G	0.75,0.25	0.0909090909090909
287	Tpa_5104_1	5.94117647058824	0.273684210526316	0.0192307692307692	0.980769230769231	G,A	0.02,0.98	0
288	Tpa_5106_1	81.1428571428571	0.810526315789474	0.357142857142857	0.642857142857143	C,G	0.64,0.36	0.0571428571428571
289	Tpa_5118_1	3.35	0.147368421052632	0.178571428571429	0.821428571428571	C,T	0.82,0.18	0
290	Tpa_5138_1	166	0.905263157894737	0.0290697674418605	0.970930232558139	C,T	0.97,0.03	0.2
291	Tpa_5144_1	22.987012987013	0.578947368421053	0.0545454545454545	0.945454545454545	T,G	0.05,0.95	0
292	Tpa_5167_1	28.2972972972973	0.610526315789474	0.163793103448276	0.836206896551724	C,T	0.84,0.16	0
293	Tpa_5196_1	9.81818181818182	0.294736842105263	0	1	G,A	0,1	NA
294	Tpa_5205_1	46.0595238095238	0.673684210526316	0	1	G,T	1,0	NA
295	Tpa_5206_1	20.8589743589744	0.610526315789474	0.163793103448276	0.836206896551724	G,A	0.16,0.84	0
296	Tpa_5218_1	70.7555555555556	0.8	0.368421052631579	0.631578947368421	C,G	0.63,0.37	0.115384615384615
297	Tpa_5222_1	73.551724137931	0.789473684210526	0.0466666666666667	0.953333333333333	G,A	0.05,0.95	0
298	Tpa_5228_1	12.3529411764706	0.378947368421053	0.0833333333333333	0.916666666666667	C,T	0.92,0.08	0
299	Tpa_5241_1	50.2025316455696	0.705263157894737	0.0746268656716418	0.925373134328358	C,T	0.93,0.07	0
300	Tpa_5242_1	58.2386363636364	0.778947368421053	0.168918918918919	0.831081081081081	C,T	0.83,0.17	0.142857142857143
301	Tpa_5244_1	82.9662921348315	0.8	0.0723684210526316	0.927631578947368	A,C	0.93,0.07	0.0909090909090909
302	Tpa_5249_1	123.393258426966	0.831578947368421	0.158227848101266	0.841772151898734	T,C	0.84,0.16	0.0434782608695652
303	Tpa_5270_1	6.44444444444444	0.136842105263158	0.0769230769230769	0.923076923076923	C,A	0.08,0.92	0
304	Tpa_5278_1	112.578947368421	0.715789473684211	0.132352941176471	0.867647058823529	G,A	0.13,0.87	0.125
305	Tpa_5279_1	22.5324675324675	0.547368421052632	0.0480769230769231	0.951923076923077	C,T	0.95,0.05	0
306	Tpa_5292_1	61.6781609195402	0.768421052631579	0.116438356164384	0.883561643835616	C,T	0.12,0.88	0.0769230769230769
307	Tpa_5298_1	54.0519480519481	0.631578947368421	0.0916666666666667	0.908333333333333	G,A	0.09,0.91	0
308	Tpa_5327_1	74.0116279069767	0.778947368421053	0.0608108108108108	0.939189189189189	C,G	0.94,0.06	0
309	Tpa_5360_1	50.6931818181818	0.736842105263158	0.0928571428571429	0.907142857142857	G,A	0.09,0.91	0.444444444444444
310	Tpa_5361_1	46.8588235294118	0.757894736842105	0.159722222222222	0.840277777777778	A,C	0.84,0.16	0.142857142857143
311	Tpa_5373_1	21.6184210526316	0.578947368421053	0.0454545454545455	0.954545454545455	C,T	0.95,0.05	0
312	Tpa_5379_1	2500.30526315789	1	0.0315789473684211	0.968421052631579	C,G	0.97,0.03	0.333333333333333
313	Tpa_5382_1	303.957446808511	0.947368421052632	0	1	A,G	1,0	NA
314	Tpa_5418_1	55.3139534883721	0.747368421052632	0.0845070422535211	0.915492957746479	C,T	0.92,0.08	0.166666666666667
315	Tpa_5441_1	50.3012048192771	0.715789473684211	0.00735294117647059	0.992647058823529	G,A	0.01,0.99	0
316	Tpa_5445_1	32.289156626506	0.705263157894737	0.455223880597015	0.544776119402985	T,C	0.46,0.54	0.0344827586206897
317	Tpa_5446_1	17.5974025974026	0.536842105263158	0.0490196078431373	0.950980392156863	G,T	0.95,0.05	0.4
318	Tpa_5454_1	261.621052631579	0.947368421052632	0.288888888888889	0.711111111111111	A,G	0.29,0.71	0.0526315789473684
319	Tpa_5471_1	52.9859154929577	0.578947368421053	0	1	G,T	1,0	NA
320	Tpa_5485_1	8.69387755102041	0.231578947368421	0	1	A,C	1,0	NA
321	Tpa_5501_1	86.3369565217391	0.873684210526316	0.114457831325301	0.885542168674699	G,A	0.11,0.89	0.117647058823529
322	Tpa_5525_1	45.3882352941176	0.652631578947368	0.112903225806452	0.887096774193548	T,A	0.11,0.89	0
323	Tpa_5538_1	7	0.126315789473684	0.125	0.875	C,T	0.12,0.88	0
324	Tpa_5540_1	116.561797752809	0.789473684210526	0.28	0.72	A,G	0.72,0.28	0.107142857142857
325	Tpa_5542_1	79.6043956043956	0.8	0.105263157894737	0.894736842105263	C,T	0.89,0.11	0.0625
326	Tpa_5563_1	19.92	0.589473684210526	0.00892857142857143	0.991071428571429	G,A	0.01,0.99	0
327	Tpa_5565_1	496.094736842105	0.957894736842105	0.148351648351648	0.851648351648352	G,T	0.85,0.15	0.2
328	Tpa_5570_1	5.2962962962963	0.0842105263157895	0	1	G,A	0,1	NA
329	Tpa_5574_1	7.14634146341463	0.157894736842105	0.0333333333333333	0.966666666666667	C,T	0.97,0.03	0
330	Tpa_5588_1	13.3150684931507	0.526315789473684	0.04	0.96	C,T	0.96,0.04	0
331	Tpa_5594_1	48.3181818181818	0.768421052631579	0.00684931506849315	0.993150684931507	G,A	0.99,0.01	0
332	Tpa_5601_1	106.311111111111	0.842105263157895	0.08125	0.91875	C,A	0.08,0.92	0.222222222222222
333	Tpa_5609_1	6.88888888888889	0.221052631578947	0.142857142857143	0.857142857142857	A,G	0.86,0.14	0.25
334	Tpa_5623_1	32.126582278481	0.6	0	1	C,T	1,0	NA
335	Tpa_5636_1	33.1153846153846	0.515789473684211	0.0510204081632653	0.948979591836735	A,G	0.05,0.95	0
336	Tpa_5651_1	55.8620689655172	0.736842105263158	0.135714285714286	0.864285714285714	T,C	0.14,0.86	0.157894736842105
337	Tpa_5679_1	21.7413793103448	0.431578947368421	0.0365853658536585	0.963414634146341	G,A	0.04,0.96	0
338	Tpa_5741_1	9.35	0.315789473684211	0.0333333333333333	0.966666666666667	C,T	0.97,0.03	0
339	Tpa_5747_1	870.872340425532	0.989473684210526	0.159574468085106	0.840425531914894	G,C	0.84,0.16	0.166666666666667
340	Tpa_5761_1	114.820224719101	0.863157894736842	0.0426829268292683	0.957317073170732	G,A	0.04,0.96	0
341	Tpa_5774_1	116.880434782609	0.884210526315789	0.0119047619047619	0.988095238095238	T,C	0.01,0.99	0
342	Tpa_5786_1	52.7857142857143	0.726315789473684	0.0289855072463768	0.971014492753623	G,C	0.03,0.97	0.5
343	Tpa_5795_1	3.25	0.0210526315789474	0.5	0.5	G,T	0.5,0.5	0
344	Tpa_5796_1	40.4125	0.673684210526316	0.1875	0.8125	A,G	0.81,0.19	0
345	Tpa_5823_1	486.968085106383	0.968421052631579	0.0380434782608696	0.96195652173913	A,G	0.04,0.96	0.285714285714286
346	Tpa_5827_1	73.1666666666667	0.821052631578947	0.115384615384615	0.884615384615385	T,G	0.12,0.88	0
347	Tpa_5829_1	107.511363636364	0.810526315789474	0.11038961038961	0.88961038961039	C,T	0.89,0.11	0
348	Tpa_5838_1	61.1176470588235	0.684210526315789	0.0153846153846154	0.984615384615385	T,C	0.98,0.02	0
349	Tpa_5854_1	1.5	0	NA	NA	T,G	NaN,NaN	NA
350	Tpa_5856_1	22.780487804878	0.663157894736842	0.103174603174603	0.896825396825397	C,T	0.1,0.9	0.0909090909090909
351	Tpa_5863_1	49.4659090909091	0.778947368421053	0.310810810810811	0.689189189189189	G,A	0.31,0.69	0.0714285714285714
352	Tpa_5868_1	43.7471264367816	0.747368421052632	0.176056338028169	0.823943661971831	C,G	0.82,0.18	0.0476190476190476
353	Tpa_5878_1	34.5476190476191	0.631578947368421	0.191666666666667	0.808333333333333	G,C	0.81,0.19	0.0952380952380952
354	Tpa_5913_1	370.430107526882	0.957894736842105	0.406593406593407	0.593406593406593	G,A	0.59,0.41	0.166666666666667
355	Tpa_5916_1	117.566666666667	0.873684210526316	0.0963855421686747	0.903614457831325	A,G	0.1,0.9	0
356	Tpa_5917_1	49.7894736842105	0.642105263157895	0.139344262295082	0.860655737704918	T,G	0.14,0.86	0
357	Tpa_5942_1	47.9382716049383	0.663157894736842	0.261904761904762	0.738095238095238	G,T	0.74,0.26	0.19047619047619
358	Tpa_5951_1	NA	0	NA	NA	T,A	NaN,NaN	NA
359	Tpa_5961_1	4.8	0.189473684210526	0.0555555555555556	0.944444444444444	T,G	0.06,0.94	0
360	Tpa_5978_1	12.056338028169	0.505263157894737	0.0416666666666667	0.958333333333333	G,A	0.04,0.96	0
361	Tpa_5980_1	14.0144927536232	0.463157894736842	0.136363636363636	0.863636363636364	T,C	0.86,0.14	0
362	Tpa_6003_1	279.574468085106	0.968421052631579	0.0271739130434783	0.972826086956522	T,C	0.03,0.97	0.2
363	Tpa_6016_1	9.24528301886792	0.347368421052632	0.181818181818182	0.818181818181818	C,T	0.82,0.18	0
364	Tpa_6076_1	28.7391304347826	0.505263157894737	0.197916666666667	0.802083333333333	A,G	0.2,0.8	0
365	Tpa_6083_1	57.2705882352941	0.757894736842105	0.0763888888888889	0.923611111111111	A,G	0.92,0.08	0.181818181818182
366	Tpa_6137_1	12.765625	0.4	0.210526315789474	0.789473684210526	A,G	0.21,0.79	0.0625
367	Tpa_6139_1	82.3369565217391	0.852631578947368	0.0740740740740741	0.925925925925926	C,G	0.93,0.07	0
368	Tpa_6150_1	6.17647058823529	0.284210526315789	0.111111111111111	0.888888888888889	A,G	0.89,0.11	0
369	Tpa_6158_1	37.4320987654321	0.705263157894737	0.082089552238806	0.917910447761194	C,T	0.92,0.08	0
370	Tpa_6169_1	44.9647058823529	0.663157894736842	0.0396825396825397	0.96031746031746	A,G	0.04,0.96	0
371	Tpa_6172_1	36.1710526315789	0.621052631578947	0.0169491525423729	0.983050847457627	G,A	0.02,0.98	0
372	Tpa_6204_1	2.6	0.0315789473684211	0	1	T,C	0,1	NA
373	Tpa_6220_1	NA	0	NA	NA	A,G	NaN,NaN	NA
374	Tpa_6222_1	23.7160493827161	0.568421052631579	0.212962962962963	0.787037037037037	G,A	0.21,0.79	0.0526315789473684
375	Tpa_6224_1	115.294736842105	0.936842105263158	0.0168539325842697	0.98314606741573	G,A	0.02,0.98	0
376	Tpa_6265_1	4.28205128205128	0.126315789473684	0.166666666666667	0.833333333333333	A,C	0.83,0.17	0
377	Tpa_6270_1	16.1764705882353	0.494736842105263	0.138297872340426	0.861702127659574	C,T	0.86,0.14	0
378	Tpa_6285_1	4.06060606060606	0.126315789473684	0.125	0.875	A,C	0.88,0.12	0
379	Tpa_6321_1	NA	0	NA	NA	G,A	NaN,NaN	NA
380	Tpa_6352_1	1.94736842105263	0.0210526315789474	0	1	G,C	0,1	NA
381	Tpa_6355_1	74.8275862068966	0.831578947368421	0.158227848101266	0.841772151898734	T,G	0.16,0.84	0
382	Tpa_6384_1	3.80952380952381	0.0842105263157895	0	1	G,A	0,1	NA
383	Tpa_6385_1	15.9420289855072	0.442105263157895	0.0119047619047619	0.988095238095238	C,T	0.99,0.01	0
384	Tpa_6388_1	6.77272727272727	0.210526315789474	0.05	0.95	C,A	0.05,0.95	0
385	Tpa_6391_1	37.5294117647059	0.631578947368421	0.0833333333333333	0.916666666666667	C,T	0.92,0.08	0.1
386	Tpa_6411_1	3.46666666666667	0.0315789473684211	0	1	T,C	0,1	NA
387	Tpa_6422_1	17.7721518987342	0.536842105263158	0	1	C,T	1,0	NA
388	Tpa_6442_1	302.172043010753	0.947368421052632	0.0333333333333333	0.966666666666667	T,C	0.03,0.97	0.333333333333333
389	Tpa_6445_1	2.88888888888889	0.0210526315789474	0	1	G,A	0,1	NA
390	Tpa_6449_1	4.75757575757576	0.126315789473684	0	1	T,C	0,1	NA
391	Tpa_6451_1	6.79245283018868	0.221052631578947	0.0238095238095238	0.976190476190476	C,A	0.02,0.98	0
392	Tpa_6453_1	28.0864197530864	0.6	0.114035087719298	0.885964912280702	C,T	0.89,0.11	0.142857142857143
393	Tpa_6487_1	50.7558139534884	0.789473684210526	0.0333333333333333	0.966666666666667	A,C	0.97,0.03	0
394	Tpa_6493_1	27.7066666666667	0.621052631578947	0.0423728813559322	0.957627118644068	T,C	0.96,0.04	0.2
395	Tpa_6511_1	36.9480519480519	0.6	0.0701754385964912	0.929824561403509	G,A	0.07,0.93	0
396	Tpa_6528_1	10.2950819672131	0.336842105263158	0.03125	0.96875	T,A	0.03,0.97	0
397	Tpa_6543_1	4.44117647058824	0.115789473684211	0.227272727272727	0.772727272727273	C,T	0.77,0.23	0
398	Tpa_6562_1	35.05	0.642105263157895	0	1	C,T	1,0	NA
399	Tpa_6565_1	52.3048780487805	0.673684210526316	0.03125	0.96875	G,A	0.03,0.97	0
400	Tpa_6586_1	21.8382352941176	0.442105263157895	0.0119047619047619	0.988095238095238	G,A	0.01,0.99	0
401	Tpa_6591_1	57.7078651685393	0.768421052631579	0.123287671232877	0.876712328767123	G,C	0.12,0.88	0.0625
402	Tpa_6604_1	1.88888888888889	0.0210526315789474	0	1	C,A	0,1	NA
403	Tpa_6611_1	NA	0	NA	NA	C,T	NaN,NaN	NA
404	Tpa_6630_1	54.5	0.705263157894737	0.261194029850746	0.738805970149254	C,T	0.74,0.26	0.08
405	Tpa_6654_1	4.49180327868852	0.210526315789474	0.15	0.85	G,T	0.85,0.15	0
406	Tpa_6683_1	2.63636363636364	0.0526315789473684	0	1	C,A	1,0	NA
407	Tpa_6687_1	11.4032258064516	0.410526315789474	0.230769230769231	0.769230769230769	C,T	0.77,0.23	0
408	Tpa_6689_1	66.7816091954023	0.726315789473684	0.0942028985507246	0.905797101449275	C,T	0.91,0.09	0.181818181818182
409	Tpa_6713_1	68.2921348314607	0.8	0.131578947368421	0.868421052631579	C,T	0.87,0.13	0
410	Tpa_6733_1	58.3372093023256	0.757894736842105	0.0694444444444444	0.930555555555556	G,T	0.93,0.07	0
411	Tpa_6768_1	213.032258064516	0.936842105263158	0.0393258426966292	0.960674157303371	T,C	0.04,0.96	0.571428571428571
412	Tpa_6773_1	195.537634408602	0.926315789473684	0.0170454545454545	0.982954545454545	G,A	0.02,0.98	1
413	Tpa_6774_1	56.0121951219512	0.778947368421053	0	1	T,C	1,0	NA
414	Tpa_6786_1	147.820224719101	0.852631578947368	0.0185185185185185	0.981481481481482	C,T	0.98,0.02	0
415	Tpa_6814_1	49.9302325581395	0.747368421052632	0.119718309859155	0.880281690140845	G,A	0.12,0.88	0
416	Tpa_6816_1	69.0444444444445	0.810526315789474	0.376623376623377	0.623376623376623	T,G	0.38,0.62	0.0227272727272727
417	Tpa_6853_1	16.8028169014085	0.505263157894737	0.0416666666666667	0.958333333333333	A,G	0.96,0.04	0
418	Tpa_6887_1	30.6329113924051	0.621052631578947	0.0338983050847458	0.966101694915254	C,T	0.97,0.03	0
419	Tpa_6922_1	121.666666666667	0.884210526315789	0.0595238095238095	0.94047619047619	T,G	0.94,0.06	0.125
420	Tpa_6937_1	175.423913043478	0.894736842105263	0.0117647058823529	0.988235294117647	A,G	0.99,0.01	0
421	Tpa_6963_1	234.829545454545	0.905263157894737	0.0348837209302326	0.965116279069767	C,T	0.97,0.03	0.25
422	Tpa_6973_1	100.551724137931	0.821052631578947	0.108974358974359	0.891025641025641	C,T	0.89,0.11	0.2
423	Tpa_7007_1	2.51612903225806	0.126315789473684	0.416666666666667	0.583333333333333	A,G	0.42,0.58	0
424	Tpa_7010_1	227.568421052632	0.926315789473684	0.0738636363636364	0.926136363636364	T,C	0.07,0.93	0.181818181818182
425	Tpa_7018_1	35.8111111111111	0.715789473684211	0.198529411764706	0.801470588235294	G,C	0.8,0.2	0
426	Tpa_7052_1	416.095744680851	0.978947368421053	0.0483870967741935	0.951612903225806	A,T	0.95,0.05	0
427	Tpa_7058_1	45.6265060240964	0.673684210526316	0.0234375	0.9765625	C,T	0.98,0.02	0
428	Tpa_7062_1	43.4117647058824	0.684210526315789	0.176923076923077	0.823076923076923	C,T	0.82,0.18	0
429	Tpa_7080_1	231.021505376344	0.905263157894737	0	1	G,C	0,1	NA
430	Tpa_7082_1	20.958904109589	0.526315789473684	0.09	0.91	G,A	0.09,0.91	0
431	Tpa_7090_1	41.6071428571429	0.715789473684211	0.0735294117647059	0.926470588235294	T,C	0.07,0.93	0
432	Tpa_7106_1	19.6973684210526	0.526315789473684	0.11	0.89	G,A	0.11,0.89	0.181818181818182
433	Tpa_7153_1	5.42857142857143	0.168421052631579	0.0625	0.9375	G,A	0.94,0.06	0
434	Tpa_7157_1	142.692307692308	0.884210526315789	0.285714285714286	0.714285714285714	T,G	0.71,0.29	0
435	Tpa_7201_1	259.663043478261	0.936842105263158	0.0730337078651685	0.926966292134832	G,A	0.07,0.93	0.0769230769230769
436	Tpa_7204_1	101.302325581395	0.789473684210526	0.0466666666666667	0.953333333333333	G,A	0.05,0.95	0.285714285714286
437	Tpa_7210_1	131.468085106383	0.936842105263158	0.0786516853932584	0.921348314606742	T,A	0.08,0.92	0
438	Tpa_7213_1	1524.85227272727	0.905263157894737	0	1	T,G	0,1	NA
439	Tpa_7221_1	37.2528735632184	0.684210526315789	0.2	0.8	G,A	0.2,0.8	0
440	Tpa_7240_1	60.5476190476191	0.778947368421053	0.0743243243243243	0.925675675675676	T,C	0.07,0.93	0.142857142857143
441	Tpa_7289_1	77.3370786516854	0.821052631578947	0	1	C,T	1,0	NA
442	Tpa_7291_1	8.5	0.273684210526316	0.461538461538462	0.538461538461538	A,G	0.54,0.46	0.0625
443	Tpa_7293_1	6.84905660377358	0.305263157894737	0.0862068965517241	0.913793103448276	A,C	0.91,0.09	0
444	Tpa_7331_1	1.88888888888889	0.0210526315789474	0	1	G,T	1,0	NA
445	Tpa_7348_1	24.3289473684211	0.578947368421053	0	1	A,T	1,0	NA
446	Tpa_7352_1	2.5	0.0105263157894737	0	1	G,A	0,1	NA
447	Tpa_7367_1	69.7411764705882	0.736842105263158	0.0714285714285714	0.928571428571429	G,A	0.07,0.93	0
448	Tpa_7375_1	131.911111111111	0.852631578947368	0.246913580246914	0.753086419753086	C,T	0.75,0.25	0
449	Tpa_7391_1	1364.96808510638	0.978947368421053	0.0645161290322581	0.935483870967742	G,A	0.06,0.94	0.333333333333333
450	Tpa_7406_1	1	0	NA	NA	G,A	NaN,NaN	NA
451	Tpa_7413_1	7.34	0.210526315789474	0.025	0.975	T,C	0.03,0.98	0
452	Tpa_7417_1	116.311111111111	0.821052631578947	0.0512820512820513	0.948717948717949	G,A	0.05,0.95	0
453	Tpa_7425_1	58.7710843373494	0.789473684210526	0.02	0.98	G,A	0.02,0.98	0
454	Tpa_7447_1	4.96551724137931	0.0631578947368421	0	1	G,A	0,1	NA
455	Tpa_7450_1	3.4	0.0210526315789474	0	1	A,C	0,1	NA
456	Tpa_7452_1	27.4705882352941	0.610526315789474	0.137931034482759	0.862068965517241	C,G	0.86,0.14	0
457	Tpa_7454_1	131.688888888889	0.852631578947368	0.0617283950617284	0.938271604938272	T,G	0.94,0.06	0
458	Tpa_7461_1	30.9880952380952	0.6	0	1	T,C	0,1	NA
459	Tpa_7477_1	60.3493975903614	0.736842105263158	0.207142857142857	0.792857142857143	C,T	0.79,0.21	0.157894736842105
460	Tpa_7479_1	190.489130434783	0.873684210526316	0.0120481927710843	0.987951807228916	G,A	0.01,0.99	0
461	Tpa_7483_1	378.789473684211	0.957894736842105	0.0549450549450549	0.945054945054945	G,A	0.05,0.95	0.4
462	Tpa_7495_1	19.472972972973	0.515789473684211	0.0408163265306122	0.959183673469388	C,A	0.04,0.96	0
463	Tpa_7496_1	3.82352941176471	0.0631578947368421	0.0833333333333333	0.916666666666667	C,T	0.92,0.08	0
464	Tpa_7533_1	96.2417582417582	0.842105263157895	0.15625	0.84375	A,G	0.84,0.16	0.0434782608695652
465	Tpa_7540_1	167.25	0.884210526315789	0.0238095238095238	0.976190476190476	G,T	0.98,0.02	0
466	Tpa_7553_1	147.078651685393	0.873684210526316	0.072289156626506	0.927710843373494	T,C	0.93,0.07	0.166666666666667
467	Tpa_7560_1	53.578313253012	0.715789473684211	0.0735294117647059	0.926470588235294	T,C	0.07,0.93	0
468	Tpa_7566_1	1161.29787234043	0.978947368421053	0.150537634408602	0.849462365591398	C,T	0.85,0.15	0.25
469	Tpa_7567_1	19.12	0.621052631578947	0.322033898305085	0.677966101694915	A,G	0.68,0.32	0.136363636363636
470	Tpa_7571_1	86.1477272727273	0.810526315789474	0.103896103896104	0.896103896103896	G,A	0.1,0.9	0.0833333333333333
471	Tpa_7586_1	941.606382978723	0.978947368421053	0.279569892473118	0.720430107526882	A,C	0.28,0.72	0.261904761904762
472	Tpa_7594_1	31.5352112676056	0.505263157894737	0.15625	0.84375	T,G	0.84,0.16	0.0909090909090909
473	Tpa_7597_1	390.189473684211	0.968421052631579	0.0108695652173913	0.989130434782609	T,G	0.01,0.99	0
474	Tpa_7601_1	NA	0	NA	NA	C,A	NaN,NaN	NA
475	Tpa_7604_1	34.1014492753623	0.547368421052632	0	1	C,T	1,0	NA
476	Tpa_7605_1	132.032967032967	0.821052631578947	0.115384615384615	0.884615384615385	A,G	0.88,0.12	0
477	Tpa_7615_1	130.163043478261	0.863157894736842	0.00609756097560976	0.99390243902439	C,G	0.99,0.01	0
478	Tpa_7652_1	8.98275862068965	0.273684210526316	0.0384615384615385	0.961538461538462	G,A	0.04,0.96	0
479	Tpa_7653_1	15.4305555555556	0.442105263157895	0.30952380952381	0.69047619047619	C,T	0.31,0.69	0
480	Tpa_7657_1	91.1818181818182	0.768421052631579	0.0273972602739726	0.972602739726027	G,A	0.03,0.97	0
481	Tpa_7665_1	1.69230769230769	0.0105263157894737	0	1	A,T	1,0	NA
482	Tpa_7686_1	1182.70212765957	0.989473684210526	0.287234042553192	0.712765957446808	A,C	0.29,0.71	0.375
483	Tpa_7690_1	1243.54736842105	0.968421052631579	0.114130434782609	0.885869565217391	T,G	0.89,0.11	0.352941176470588
484	Tpa_7691_1	8.76712328767123	0.431578947368421	0.158536585365854	0.841463414634146	T,G	0.16,0.84	0
485	Tpa_7703_1	25.4133333333333	0.505263157894737	0.0520833333333333	0.947916666666667	G,T	0.95,0.05	0.4
486	Tpa_7755_1	53.1219512195122	0.726315789473684	0.0217391304347826	0.978260869565217	C,T	0.98,0.02	0.333333333333333
487	Tpa_7757_1	3.2	0.0315789473684211	0	1	A,T	0,1	NA
488	Tpa_7764_1	239.391304347826	0.884210526315789	0.125	0.875	C,A	0.12,0.88	0.2
489	Tpa_7765_1	13.2058823529412	0.431578947368421	0.0731707317073171	0.926829268292683	A,T	0.07,0.93	0
490	Tpa_7769_1	194.714285714286	0.905263157894737	0.313953488372093	0.686046511627907	C,T	0.31,0.69	0.0833333333333333
491	Tpa_7772_1	1	0	NA	NA	A,G	NaN,NaN	NA
492	Tpa_7798_1	75.5274725274725	0.810526315789474	0.201298701298701	0.798701298701299	C,T	0.8,0.2	0.105263157894737
493	Tpa_7799_1	13.7213114754098	0.368421052631579	0.0714285714285714	0.928571428571429	A,G	0.93,0.07	0
494	Tpa_7805_1	29.9638554216867	0.673684210526316	0.09375	0.90625	G,A	0.09,0.91	0.1
495	Tpa_7807_1	38.25	0.726315789473684	0.0289855072463768	0.971014492753623	C,T	0.97,0.03	0
496	Tpa_7814_1	166.957446808511	0.936842105263158	0.123595505617978	0.876404494382023	C,T	0.88,0.12	0.222222222222222
497	Tpa_7825_1	296.884210526316	0.936842105263158	0.0393258426966292	0.960674157303371	G,A	0.04,0.96	0.4
498	Tpa_7848_1	32.7073170731707	0.652631578947368	0	1	T,C	1,0	NA
499	Tpa_7871_1	11.6769230769231	0.347368421052632	0.0303030303030303	0.96969696969697	C,T	0.97,0.03	0
500	Tpa_7910_1	31.6125	0.610526315789474	0.137931034482759	0.862068965517241	C,T	0.86,0.14	0
