Sample	Total.Reads	Off.target.Reads	Primer.Only.Reads	Primer.Probe.Reads	Off.target.Proportion	Primer.Only.Proportion	Primer.Probe.Proportion	GenotypeRate	Heterozygosity	conScore
1	90763-231_S1_L001_R1_001	588898	50841	105653	432404	0.09	0.18	0.73	0.939	0.153	0.452
2	90763-232_S2_L001_R1_001	217583	34429	57882	125272	0.16	0.27	0.58	0.901	0.13	0.21
3	90763-236_S3_L001_R1_001	4756319	109986	294944	4351389	0.02	0.06	0.91	0.968	0.153	0.699
4	90763-237_S4_L001_R1_001	66181	24946	38868	2367	0.38	0.59	0.04	0.532	0.103	0
5	90763-238_S5_L001_R1_001	149061	41291	72378	35392	0.28	0.49	0.24	0.905	0.126	0.117
6	90768-005_S6_L001_R1_001	377372	47019	93835	236518	0.12	0.25	0.63	0.901	0.132	0.317
7	90768-009_S7_L001_R1_001	99195	39192	58420	1583	0.4	0.59	0.02	0.378	0.061	0
8	90768-014_S8_L001_R1_001	97030	39438	55933	1659	0.41	0.58	0.02	0.399	0.078	0.054
9	90768-015_S9_L001_R1_001	109187	35112	66109	7966	0.32	0.61	0.07	0.763	0.116	0.018
10	90768-018_S10_L001_R1_001	97178	36431	58037	2710	0.37	0.6	0.03	0.42	0.078	0.054
11	90768-027_S11_L001_R1_001	124137	41534	68505	14098	0.33	0.55	0.11	0.788	0.145	0.13
12	90768-029_S12_L001_R1_001	118420	32704	51497	34219	0.28	0.43	0.29	0.792	0.122	0.207
13	90768-034_S13_L001_R1_001	72839	28769	42532	1538	0.39	0.58	0.02	0.332	0.065	0
14	90768-040_S14_L001_R1_001	111228	33713	57705	19810	0.3	0.52	0.18	0.784	0.124	0.085
15	90768-042_S15_L001_R1_001	87526	30450	46018	11058	0.35	0.53	0.13	0.794	0.122	0.052
16	90768-044_S16_L001_R1_001	132868	28150	47510	57208	0.21	0.36	0.43	0.868	0.134	0.141
17	90768-054_S17_L001_R1_001	83460	31863	50737	860	0.38	0.61	0.01	0.231	0.029	0
18	90768-055_S18_L001_R1_001	120800	34429	51060	35311	0.29	0.42	0.29	0.897	0.155	0.054
19	90768-056_S19_L001_R1_001	87832	34411	50737	2684	0.39	0.58	0.03	0.458	0.074	0
20	90768-057_S20_L001_R1_001	100304	35831	55132	9341	0.36	0.55	0.09	0.748	0.128	0.082
21	90768-061_S21_L001_R1_001	105319	41064	62122	2133	0.39	0.59	0.02	0.439	0.076	0
22	90768-064_S22_L001_R1_001	103990	37903	60656	5431	0.36	0.58	0.05	0.674	0.107	0.059
23	90768-067_S23_L001_R1_001	89980	32551	50517	6912	0.36	0.56	0.08	0.733	0.109	0.058
24	90768-075_S24_L001_R1_001	121436	37316	63835	20285	0.31	0.53	0.17	0.876	0.141	0.075
25	90768-076_S25_L001_R1_001	123631	43820	76622	3189	0.35	0.62	0.03	0.569	0.092	0
26	90768-077_S26_L001_R1_001	85266	33677	49393	2196	0.39	0.58	0.03	0.378	0.063	0.033
27	90768-078_S27_L001_R1_001	174904	50582	97638	26684	0.29	0.56	0.15	0.866	0.145	0.043
28	90768-083_S28_L001_R1_001	90044	30043	58314	1687	0.33	0.65	0.02	0.382	0.076	0.028
29	90768-084_S29_L001_R1_001	91927	36639	52207	3081	0.4	0.57	0.03	0.569	0.109	0
30	90768-088_S30_L001_R1_001	83009	31656	49666	1687	0.38	0.6	0.02	0.395	0.069	0.03
31	90768-090_S31_L001_R1_001	78008	30567	47214	227	0.39	0.61	0	0.057	0.023	0
32	90768-104_S32_L001_R1_001	83482	31901	51063	518	0.38	0.61	0.01	0.111	0.013	0
33	90768-107_S33_L001_R1_001	95426	34220	54956	6250	0.36	0.58	0.07	0.689	0.095	0.044
34	90768-109_S34_L001_R1_001	269274	52214	106529	110531	0.19	0.4	0.41	0.905	0.126	0.167
35	90768-114_S35_L001_R1_001	78147	30862	45973	1312	0.39	0.59	0.02	0.305	0.059	0
36	90768-115_S36_L001_R1_001	172516	43897	87298	41321	0.25	0.51	0.24	0.874	0.122	0.172
37	90768-120_S37_L001_R1_001	82611	26796	40128	15687	0.32	0.49	0.19	0.836	0.153	0.068
38	90768-121_S38_L001_R1_001	74406	28095	43197	3114	0.38	0.58	0.04	0.536	0.08	0
39	90768-127_S39_L001_R1_001	126173	36831	57850	31492	0.29	0.46	0.25	0.863	0.128	0.082
40	90768-130_S40_L001_R1_001	129052	38254	67496	23302	0.3	0.52	0.18	0.853	0.132	0.079
41	90768-133_S41_L001_R1_001	209101	41357	72245	95499	0.2	0.35	0.46	0.908	0.122	0.155
42	90768-137_S42_L001_R1_001	89089	30983	50021	8085	0.35	0.56	0.09	0.679	0.124	0.051
43	90768-138_S43_L001_R1_001	133739	43545	76792	13402	0.33	0.57	0.1	0.723	0.134	0.062
44	90768-143_S44_L001_R1_001	131351	45394	85817	140	0.35	0.65	0	0.025	0.004	0
45	90768-152_S45_L001_R1_001	67101	26723	38700	1678	0.4	0.58	0.03	0.347	0.063	0.033
46	90768-155_S46_L001_R1_001	87047	34004	52339	704	0.39	0.6	0.01	0.17	0.036	0
47	90768-156_S47_L001_R1_001	100638	38223	60861	1554	0.38	0.6	0.02	0.374	0.063	0.033
48	90768-160_S48_L001_R1_001	114475	33894	54548	26033	0.3	0.48	0.23	0.876	0.149	0.113
49	90768-161_S49_L001_R1_001	104610	36238	61545	6827	0.35	0.59	0.07	0.735	0.113	0
50	90768-165_S50_L001_R1_001	148834	33428	57167	58239	0.22	0.38	0.39	0.887	0.145	0.116
51	90768-178_S51_L001_R1_001	222721	39848	66542	116331	0.18	0.3	0.52	0.901	0.124	0.237
52	90768-179_S52_L001_R1_001	404622	45389	78346	280887	0.11	0.19	0.69	0.905	0.122	0.293
53	90768-183_S53_L001_R1_001	113689	37271	59459	16959	0.33	0.52	0.15	0.811	0.12	0.053
54	90768-184_S54_L001_R1_001	102074	35681	52336	14057	0.35	0.51	0.14	0.834	0.185	0.057
55	90768-185_S55_L001_R1_001	94199	36746	56479	974	0.39	0.6	0.01	0.242	0.053	0
56	90768-186_S56_L001_R1_001	107380	38524	61051	7805	0.36	0.57	0.07	0.739	0.105	0.12
57	90768-187_S57_L001_R1_001	135534	39078	71307	25149	0.29	0.53	0.19	0.838	0.143	0.118
58	90768-189_S58_L001_R1_001	101984	32822	49291	19871	0.32	0.48	0.19	0.821	0.134	0.094
59	90768-191_S59_L001_R1_001	84219	32267	47790	4162	0.38	0.57	0.05	0.609	0.092	0.023
60	90768-194_S60_L001_R1_001	97654	36779	53765	7110	0.38	0.55	0.07	0.704	0.179	0.2
61	90768-195_S61_L001_R1_001	2329890	71484	190409	2067997	0.03	0.08	0.89	0.975	0.141	0.507
62	90768-196_S62_L001_R1_001	245486	28353	53081	164052	0.12	0.22	0.67	0.899	0.139	0.212
63	90768-199_S63_L001_R1_001	81156	32062	46819	2275	0.4	0.58	0.03	0.456	0.082	0
64	90768-200_S64_L001_R1_001	99173	31530	50244	17399	0.32	0.51	0.18	0.828	0.134	0.125
65	90768-204_S65_L001_R1_001	116434	30183	48756	37495	0.26	0.42	0.32	0.872	0.17	0.086
66	90768-206_S66_L001_R1_001	193395	42797	70359	80239	0.22	0.36	0.41	0.924	0.155	0.23
67	90768-207_S67_L001_R1_001	150434	40099	64301	46034	0.27	0.43	0.31	0.908	0.113	0.093
68	90768-211_S68_L001_R1_001	87512	32187	47155	8170	0.37	0.54	0.09	0.765	0.111	0.038
69	90768-216_S69_L001_R1_001	173660	34919	54117	84624	0.2	0.31	0.49	0.903	0.153	0.164
70	90768-217_S70_L001_R1_001	169756	40142	62015	67599	0.24	0.37	0.4	0.908	0.143	0.235
71	90768-218_S71_L001_R1_001	115815	40120	60198	15497	0.35	0.52	0.13	0.832	0.143	0.074
72	90768-219_S72_L001_R1_001	169710	42662	75590	51458	0.25	0.45	0.3	0.861	0.113	0.13
73	90768-220_S73_L001_R1_001	96630	25860	45158	25612	0.27	0.47	0.27	0.855	0.128	0.033
74	90768-221_S74_L001_R1_001	191460	29957	54731	106772	0.16	0.29	0.56	0.901	0.101	0.229
75	90768-223_S75_L001_R1_001	152760	45932	80405	26423	0.3	0.53	0.17	0.878	0.12	0.053
76	90768-234_S76_L001_R1_001	159285	42696	68464	48125	0.27	0.43	0.3	0.891	0.122	0.138
77	90768-235_S77_L001_R1_001	194623	36078	62013	96532	0.19	0.32	0.5	0.899	0.088	0.19
78	90768-236_S78_L001_R1_001	88712	30875	45507	12330	0.35	0.51	0.14	0.788	0.103	0.082
79	90768-237_S79_L001_R1_001	79539	31337	42154	6048	0.39	0.53	0.08	0.662	0.097	0.022
80	90768-238_S80_L001_R1_001	176550	51974	102359	22217	0.29	0.58	0.13	0.855	0.141	0.104
81	90768-240_S81_L001_R1_001	110266	30831	48231	31204	0.28	0.44	0.28	0.866	0.132	0.095
82	90768-244_S82_L001_R1_001	99114	35421	51145	12548	0.36	0.52	0.13	0.727	0.103	0.061
83	90768-245_S83_L001_R1_001	143320	42133	70901	30286	0.29	0.49	0.21	0.79	0.128	0.098
84	90768-258_S84_L001_R1_001	159712	39578	67598	52536	0.25	0.42	0.33	0.887	0.124	0.186
85	90768-260_S85_L001_R1_001	69286	26468	37990	4828	0.38	0.55	0.07	0.508	0.097	0.022
86	90768-263_S86_L001_R1_001	72668	26109	43622	2937	0.36	0.6	0.04	0.498	0.074	0.029
87	90768-265_S87_L001_R1_001	78742	24499	32455	21788	0.31	0.41	0.28	0.836	0.122	0.052
88	90768-280_S88_L001_R1_001	87009	35357	49981	1671	0.41	0.57	0.02	0.37	0.055	0
89	90768-283_S89_L001_R1_001	116709	34680	53640	28389	0.3	0.46	0.24	0.83	0.113	0.13
90	90768-284_S90_L001_R1_001	88799	34356	52753	1690	0.39	0.59	0.02	0.33	0.059	0.036
91	90768-292_S91_L001_R1_001	155082	51771	100496	2815	0.33	0.65	0.02	0.5	0.09	0.093
92	90768-296_S92_L001_R1_001	212601	58909	117830	35862	0.28	0.55	0.17	0.817	0.12	0.175
93	90768-299_S93_L001_R1_001	106048	37757	58548	9743	0.36	0.55	0.09	0.784	0.137	0.031
94	90768-301_S94_L001_R1_001	82235	28751	42505	10979	0.35	0.52	0.13	0.773	0.122	0.034
95	90768-308_S95_L001_R1_001	129100	36627	53080	39393	0.28	0.41	0.31	0.889	0.176	0.083
