Locus	Primer Reads	Primer Probe Reads	Primer Probe Proportion
Tpa_0010	778	527	0.68
Tpa_0012	1767	403	0.23
Tpa_0024	12998	0	0.00
Tpa_0035	1891	559	0.30
Tpa_0037	6184	121	0.02
Tpa_0095	1953	161	0.08
Tpa_0151	4139	1482	0.36
Tpa_0183	1150	436	0.38
Tpa_0186	21226	323	0.02
Tpa_0215	15757	0	0.00
Tpa_0226	902	854	0.95
Tpa_0228	46381	399	0.01
Tpa_0263	5108	1475	0.29
Tpa_0269	11069	169	0.02
Tpa_0272	2932	18	0.01
Tpa_0301	758	730	0.96
Tpa_0342	917	537	0.59
Tpa_0346	9660	1430	0.15
Tpa_0358	3278	730	0.22
Tpa_0366	54542	51	0.00
Tpa_0367	1642	874	0.53
Tpa_0371	281	34	0.12
Tpa_0395	16	15	0.94
Tpa_0409	62385	18	0.00
Tpa_0427	2535	1930	0.76
Tpa_0429	3827	84	0.02
Tpa_0438	18299	171	0.01
Tpa_0439	49	30	0.61
Tpa_0474	212	55	0.26
Tpa_0492	6746	25	0.00
Tpa_0500	1357	88	0.06
Tpa_0540	142973	2051	0.01
Tpa_0547	2723	18	0.01
Tpa_0556	112069	2463	0.02
Tpa_0569	40	24	0.60
Tpa_0592	4078	284	0.07
Tpa_0650	42175	315	0.01
Tpa_0671	68	63	0.93
Tpa_0678	10844	105	0.01
Tpa_0730	9296	1350	0.15
Tpa_0743	1825	1760	0.96
Tpa_0763	109	1	0.01
Tpa_0768	8661	2235	0.26
Tpa_0826	11207	450	0.04
Tpa_0866	4353	861	0.20
Tpa_0868	4504	42	0.01
Tpa_0882	136	84	0.62
Tpa_0888	22823	31	0.00
Tpa_0895	42094	293	0.01
Tpa_0905	1025	37	0.04
Tpa_0912	37160	200	0.01
Tpa_0929	1294	27	0.02
Tpa_0936	61334	908	0.01
Tpa_0953	38488	1958	0.05
Tpa_0970	39720	3	0.00
Tpa_0973	109198	1	0.00
Tpa_0979	26247	5	0.00
Tpa_1007	597	169	0.28
Tpa_1022	261	1	0.00
Tpa_1042	51	3	0.06
Tpa_1071	19044	388	0.02
Tpa_1077	10292	41	0.00
Tpa_1082	2212	431	0.19
Tpa_1098	200	6	0.03
Tpa_1112	1007	1	0.00
Tpa_1136	12	1	0.08
Tpa_1144	51	3	0.06
Tpa_1154	47	2	0.04
Tpa_1156	2	1	0.50
Tpa_1187	324	235	0.73
Tpa_1268	110	21	0.19
Tpa_1290	2885	230	0.08
Tpa_1304	28	3	0.11
Tpa_1305	32254	0	0.00
Tpa_1310	1195	155	0.13
Tpa_1312	19986	3496	0.17
Tpa_1320	38847	2162	0.06
Tpa_1341	61174	15	0.00
Tpa_1357	1795	52	0.03
Tpa_1359	21736	6786	0.31
Tpa_1394	3314	1329	0.40
Tpa_1443	3156	337	0.11
Tpa_1486	25966	28	0.00
Tpa_1515	11712	126	0.01
Tpa_1528	29884	105	0.00
Tpa_1542	46563	19	0.00
Tpa_1548	46204	1658	0.04
Tpa_1550	725	242	0.33
Tpa_1585	2667	857	0.32
Tpa_1593	1456	498	0.34
Tpa_1606	22353	8601	0.38
Tpa_1638	27121	267	0.01
Tpa_1646	60932	2380	0.04
Tpa_1662	7079	62	0.01
Tpa_1678	2344	90	0.04
Tpa_1689	7569	11	0.00
Tpa_1703	53	1	0.02
Tpa_1731	22826	3003	0.13
Tpa_1774	83	5	0.06
Tpa_1775	152884	6631	0.04
Tpa_1818	8104	166	0.02
Tpa_1831	768	754	0.98
Tpa_1832	725	714	0.98
Tpa_1843	55059	752	0.01
Tpa_1891	1446	1224	0.85
Tpa_1896	88508	638	0.01
Tpa_1917	1183	39	0.03
Tpa_1930	721	632	0.88
Tpa_1966	25	8	0.32
Tpa_2006	39	31	0.79
Tpa_2010	13540	182	0.01
Tpa_2021	24434	2	0.00
Tpa_2034	39	33	0.85
Tpa_2040	251	185	0.74
Tpa_2041	13412	69	0.01
Tpa_2073	78547	337	0.00
Tpa_2076	4530	731	0.16
Tpa_2096	1729	402	0.23
Tpa_2128	12	8	0.67
Tpa_2157	8622	2091	0.24
Tpa_2180	41466	147	0.00
Tpa_2194	174	109	0.63
Tpa_2207	1616	1399	0.87
Tpa_2254	40509	90	0.00
Tpa_2278	426	352	0.83
Tpa_2334	97117	0	0.00
Tpa_2344	12522	2519	0.20
Tpa_2353	4484	1434	0.32
Tpa_2368	34731	55	0.00
Tpa_2412	75842	6016	0.08
Tpa_2417	2229	525	0.24
Tpa_2453	2839	0	0.00
Tpa_2458	2302	24	0.01
Tpa_2460	109159	302	0.00
Tpa_2470	19053	456	0.02
Tpa_2483	26011	1250	0.05
Tpa_2498	21591	61	0.00
Tpa_2509	105	90	0.86
Tpa_2518	11527	851	0.07
Tpa_2519	1467	46	0.03
Tpa_2523	28301	39	0.00
Tpa_2581	6206	1181	0.19
Tpa_2601	6432	6064	0.94
Tpa_2608	55137	2174	0.04
Tpa_2636	2549	1294	0.51
Tpa_2639	49809	22	0.00
Tpa_2664	62911	163	0.00
Tpa_2702	68	15	0.22
Tpa_2712	191	24	0.13
Tpa_2734	3943	148	0.04
Tpa_2741	18	0	0.00
Tpa_2745	10692	411	0.04
Tpa_2763	400	351	0.88
Tpa_2845	564	87	0.15
Tpa_2854	137820	428	0.00
Tpa_2856	48679	885	0.02
Tpa_2861	63443	1181	0.02
Tpa_2868	35627	403	0.01
Tpa_2900	227	34	0.15
Tpa_2907	38523	444	0.01
Tpa_2961	828	593	0.72
Tpa_2970	9448	39	0.00
Tpa_3004	13003	110	0.01
Tpa_3011	72357	305	0.00
Tpa_3018	0	0	NA
Tpa_3047	14004	693	0.05
Tpa_3055	1173	34	0.03
Tpa_3063	25541	76	0.00
Tpa_3129	742	10	0.01
Tpa_3149	292	277	0.95
Tpa_3193	532	0	0.00
Tpa_3197	9731	193	0.02
Tpa_3200	1176	71	0.06
Tpa_3248	629	614	0.98
Tpa_3254	14922	76	0.01
Tpa_3262	26322	2105	0.08
Tpa_3263	122310	605	0.00
Tpa_3310	41273	271	0.01
Tpa_3347	14499	205	0.01
Tpa_3354	1448	1378	0.95
Tpa_3364	15710	458	0.03
Tpa_3385	20	4	0.20
Tpa_3439	979	15	0.02
Tpa_3502	934	3	0.00
Tpa_3561	2064	29	0.01
Tpa_3569	37	32	0.86
Tpa_3583	6466	258	0.04
Tpa_3616	8112	3854	0.48
Tpa_3674	59059	275	0.00
Tpa_3676	7620	15	0.00
Tpa_3679	76	12	0.16
Tpa_3684	26852	18	0.00
Tpa_3705	38833	2921	0.08
Tpa_3723	349	130	0.37
Tpa_3737	12890	155	0.01
Tpa_3745	1041	649	0.62
Tpa_3795	34941	6129	0.18
Tpa_3846	1622	117	0.07
Tpa_3862	4	1	0.25
Tpa_3871	8605	1126	0.13
Tpa_3879	3278	2654	0.81
Tpa_3905	94529	537	0.01
Tpa_3926	150090	62	0.00
Tpa_3937	66	21	0.32
Tpa_3962	1128	164	0.15
Tpa_3974	1089	79	0.07
Tpa_4020	69	58	0.84
Tpa_4021	1476	833	0.56
Tpa_4022	14640	4459	0.30
Tpa_4055	997	101	0.10
Tpa_4077	107895	343	0.00
Tpa_4120	32701	1574	0.05
Tpa_4126	11063	1950	0.18
Tpa_4137	4523	1012	0.22
Tpa_4148	75141	25	0.00
Tpa_4168	12616	170	0.01
Tpa_4176	722	6	0.01
Tpa_4178	10253	1268	0.12
Tpa_4209	8218	584	0.07
Tpa_4221	1280	2	0.00
Tpa_4230	62185	359	0.01
Tpa_4245	55622	0	0.00
Tpa_4246	12168	417	0.03
Tpa_4247	20425	1174	0.06
Tpa_4268	3260	3009	0.92
Tpa_4291	1490	1151	0.77
Tpa_4295	1225	40	0.03
Tpa_4310	74218	268	0.00
Tpa_4316	862	547	0.63
Tpa_4353	28982	3883	0.13
Tpa_4356	6812	4980	0.73
Tpa_4380	1168	15	0.01
Tpa_4384	568	169	0.30
Tpa_4394	2584	78	0.03
Tpa_4416	7351	541	0.07
Tpa_4425	34727	1101	0.03
Tpa_4443	1033	651	0.63
Tpa_4454	66825	224	0.00
Tpa_4467	69493	3	0.00
Tpa_4495	42	23	0.55
Tpa_4506	195	11	0.06
Tpa_4511	7213	0	0.00
Tpa_4549	222684	16	0.00
Tpa_4556	237	166	0.70
Tpa_4569	76299	1098	0.01
Tpa_4582	5037	9	0.00
Tpa_4590	6409	461	0.07
Tpa_4591	429	1	0.00
Tpa_4592	29654	148	0.00
Tpa_4593	82848	293	0.00
Tpa_4595	19	1	0.05
Tpa_4599	3105	2826	0.91
Tpa_4633	8899	3	0.00
Tpa_4637	39667	134	0.00
Tpa_4668	7426	1450	0.20
Tpa_4678	8914	4226	0.47
Tpa_4697	64	34	0.53
Tpa_4713	9246	91	0.01
Tpa_4731	16717	3	0.00
Tpa_4747	23367	2145	0.09
Tpa_4749	739	147	0.20
Tpa_4804	21818	353	0.02
Tpa_4849	2388	76	0.03
Tpa_4885	82555	60	0.00
Tpa_4886	23990	46	0.00
Tpa_4900	1885	14	0.01
Tpa_4920	82780	2	0.00
Tpa_4928	45063	101	0.00
Tpa_4936	880	18	0.02
Tpa_4985	30798	1340	0.04
Tpa_5002	577	68	0.12
Tpa_5015	34	1	0.03
Tpa_5022	9518	9237	0.97
Tpa_5057	849	299	0.35
Tpa_5075	771	193	0.25
Tpa_5104	12930	11104	0.86
Tpa_5106	4058	53	0.01
Tpa_5118	70936	94	0.00
Tpa_5138	17235	157	0.01
Tpa_5144	1145	137	0.12
Tpa_5167	77	3	0.04
Tpa_5196	3408	47	0.01
Tpa_5205	94	9	0.10
Tpa_5206	58624	17	0.00
Tpa_5218	13696	5	0.00
Tpa_5222	332	34	0.10
Tpa_5228	1514	633	0.42
Tpa_5241	986	187	0.19
Tpa_5242	2546	642	0.25
Tpa_5244	10268	3837	0.37
Tpa_5249	349	20	0.06
Tpa_5270	21	11	0.52
Tpa_5278	522	492	0.94
Tpa_5279	6787	126	0.02
Tpa_5292	5177	3752	0.72
Tpa_5298	12444	732	0.06
Tpa_5327	4137	1974	0.48
Tpa_5360	24621	67	0.00
Tpa_5361	4863	459	0.09
Tpa_5373	17101	60	0.00
Tpa_5379	23751	2853	0.12
Tpa_5382	20634	1726	0.08
Tpa_5418	10166	3412	0.34
Tpa_5441	61473	2474	0.04
Tpa_5445	3210	2398	0.75
Tpa_5446	887	795	0.90
Tpa_5454	646	389	0.60
Tpa_5471	35847	18347	0.51
Tpa_5485	23192	906	0.04
Tpa_5501	8341	316	0.04
Tpa_5525	86519	2278	0.03
Tpa_5538	3801	57	0.01
Tpa_5540	801	41	0.05
Tpa_5542	89	8	0.09
Tpa_5563	438	78	0.18
Tpa_5565	29123	7006	0.24
Tpa_5570	71464	194	0.00
Tpa_5574	92540	201	0.00
Tpa_5588	17789	15010	0.84
Tpa_5594	6847	218	0.03
Tpa_5601	40557	985	0.02
Tpa_5609	21248	90	0.00
Tpa_5623	10937	3154	0.29
Tpa_5636	22067	32	0.00
Tpa_5651	495	160	0.32
Tpa_5679	2142	264	0.12
Tpa_5741	17555	391	0.02
Tpa_5761	4728	218	0.05
Tpa_5774	47767	406	0.01
Tpa_5795	127362	7	0.00
Tpa_5796	1954	867	0.44
Tpa_5823	24242	687	0.03
Tpa_5827	5132	461	0.09
Tpa_5829	56	20	0.36
Tpa_5838	3137	2135	0.68
Tpa_5854	11	0	0.00
Tpa_5856	338	209	0.62
Tpa_5863	1378	460	0.33
Tpa_5868	189	18	0.10
Tpa_5878	1653	986	0.60
Tpa_5913	4049	1052	0.26
Tpa_5917	3913	984	0.25
Tpa_5942	108	11	0.10
Tpa_5951	479	175	0.37
Tpa_5961	149	8	0.05
Tpa_5978	52598	1712	0.03
Tpa_5980	12912	1031	0.08
Tpa_6016	46100	1330	0.03
Tpa_6076	5664	49	0.01
Tpa_6083	1408	1200	0.85
Tpa_6137	586	125	0.21
Tpa_6139	38838	903	0.02
Tpa_6150	442	420	0.95
Tpa_6158	30134	2081	0.07
Tpa_6169	12597	1874	0.15
Tpa_6172	39086	1192	0.03
Tpa_6204	62706	72	0.00
Tpa_6220	1815	1650	0.91
Tpa_6222	139	81	0.58
Tpa_6224	6338	333	0.05
Tpa_6265	337	327	0.97
Tpa_6270	1018	304	0.30
Tpa_6321	19	1	0.05
Tpa_6352	7539	57	0.01
Tpa_6355	10393	31	0.00
Tpa_6384	5756	30	0.01
Tpa_6385	39970	74	0.00
Tpa_6388	149	103	0.69
Tpa_6391	2742	447	0.16
Tpa_6411	8	6	0.75
Tpa_6422	40489	3024	0.07
Tpa_6442	65043	517	0.01
Tpa_6449	69	1	0.01
Tpa_6451	51609	542	0.01
Tpa_6453	9125	179	0.02
Tpa_6487	1593	844	0.53
Tpa_6493	21764	450	0.02
Tpa_6511	157587	39998	0.25
Tpa_6543	150015	535	0.00
Tpa_6562	22702	16	0.00
Tpa_6565	20530	14194	0.69
Tpa_6586	760	59	0.08
Tpa_6591	46	34	0.74
Tpa_6604	119	0	0.00
Tpa_6611	228093	81	0.00
Tpa_6630	37845	744	0.02
Tpa_6654	1894	1544	0.82
Tpa_6683	2138	0	0.00
Tpa_6687	4113	65	0.02
Tpa_6713	13005	4	0.00
Tpa_6733	334	305	0.91
Tpa_6768	2547	1450	0.57
Tpa_6773	2517	260	0.10
Tpa_6774	857	263	0.31
Tpa_6786	417	23	0.06
Tpa_6814	8171	3604	0.44
Tpa_6816	810	661	0.82
Tpa_6853	37458	1945	0.05
Tpa_6887	42165	746	0.02
Tpa_6922	26091	377	0.01
Tpa_6937	13324	3215	0.24
Tpa_6963	727	594	0.82
Tpa_6973	4534	843	0.19
Tpa_7007	898	177	0.20
Tpa_7010	2119	451	0.21
Tpa_7018	30	11	0.37
Tpa_7052	1921	1877	0.98
Tpa_7058	11786	826	0.07
Tpa_7062	973	693	0.71
Tpa_7080	450	382	0.85
Tpa_7082	20	20	1.00
Tpa_7090	2734	1900	0.69
Tpa_7153	84	61	0.73
Tpa_7157	1776	94	0.05
Tpa_7201	32158	2571	0.08
Tpa_7204	3273	342	0.10
Tpa_7210	11715	81	0.01
Tpa_7213	8438	3858	0.46
Tpa_7221	35123	266	0.01
Tpa_7240	27924	1856	0.07
Tpa_7289	29603	72	0.00
Tpa_7291	79194	29	0.00
Tpa_7293	12	1	0.08
Tpa_7331	45028	2	0.00
Tpa_7348	105180	2438	0.02
Tpa_7352	1	0	0.00
Tpa_7367	3865	2803	0.73
Tpa_7375	6060	1051	0.17
Tpa_7406	2	0	0.00
Tpa_7413	1749	1673	0.96
Tpa_7417	73	53	0.73
Tpa_7425	46112	1892	0.04
Tpa_7447	12054	159	0.01
Tpa_7450	4345	0	0.00
Tpa_7452	21757	6692	0.31
Tpa_7454	5526	8	0.00
Tpa_7461	12044	57	0.00
Tpa_7477	785	538	0.69
Tpa_7479	6182	1447	0.23
Tpa_7483	4587	677	0.15
Tpa_7495	6998	4927	0.70
Tpa_7533	5476	4966	0.91
Tpa_7540	4596	23	0.01
Tpa_7553	2278	1887	0.83
Tpa_7560	5457	964	0.18
Tpa_7566	2178	2063	0.95
Tpa_7567	23669	14261	0.60
Tpa_7571	5618	3238	0.58
Tpa_7586	5364	2990	0.56
Tpa_7594	100225	35248	0.35
Tpa_7597	22423	21666	0.97
Tpa_7601	120263	1	0.00
Tpa_7604	73940	17091	0.23
Tpa_7605	72286	55	0.00
Tpa_7615	187	131	0.70
Tpa_7652	78029	29694	0.38
Tpa_7653	34509	25907	0.75
Tpa_7657	4328	287	0.07
Tpa_7665	10	0	0.00
Tpa_7686	14973	11916	0.80
Tpa_7690	5011	4438	0.89
Tpa_7691	8130	972	0.12
Tpa_7703	84678	5731	0.07
Tpa_7757	18128	4	0.00
Tpa_7764	28651	1005	0.04
Tpa_7765	50280	296	0.01
Tpa_7769	15	6	0.40
Tpa_7772	93	0	0.00
Tpa_7798	1366	572	0.42
Tpa_7799	4473	153	0.03
Tpa_7805	446	145	0.33
Tpa_7807	19521	78	0.00
Tpa_7814	12210	329	0.03
Tpa_7825	2632	2483	0.94
Tpa_7848	16122	632	0.04
Tpa_7910	19304	655	0.03
