Locus_ID	AvgReadDepth	GenotypeRate	minAF	majAF	alleles	allFreqs	conScore
1	Tpa_0010_1	8.5	0.46875	0.188888888888889	0.811111111111111	A,G	0.81,0.19	0
2	Tpa_0012_1	13.4333333333333	0.104166666666667	0	1	C,A	0,1	NA
3	Tpa_0024_1	NA	0	NA	NA	A,C	NaN,NaN	NA
4	Tpa_0035_1	11.4081632653061	0.270833333333333	0.0769230769230769	0.923076923076923	T,C	0.08,0.92	0.5
5	Tpa_0037_1	3.45714285714286	0.135416666666667	0.384615384615385	0.615384615384615	A,C	0.62,0.38	0.125
6	Tpa_0095_1	6.19230769230769	0.0729166666666667	0	1	G,A	0,1	NA
7	Tpa_0151_1	26	0.375	0.0138888888888889	0.986111111111111	G,A	0.01,0.99	0
8	Tpa_0183_1	12.1111111111111	0.114583333333333	0.181818181818182	0.818181818181818	C,A	0.82,0.18	0
9	Tpa_0186_1	8.5	0.135416666666667	0	1	C,A	0,1	NA
10	Tpa_0215_1	NA	0	NA	NA	A,C	NaN,NaN	NA
11	Tpa_0226_1	11.5405405405405	0.489583333333333	0.0531914893617021	0.946808510638298	C,A	0.05,0.95	0
12	Tpa_0228_1	6.76271186440678	0.333333333333333	0.03125	0.96875	T,A	0.03,0.97	0
13	Tpa_0263_1	22.3484848484848	0.4375	0.333333333333333	0.666666666666667	C,G	0.33,0.67	0.1
14	Tpa_0269_1	6.25925925925926	0.09375	0.277777777777778	0.722222222222222	G,A	0.28,0.72	0
15	Tpa_0272_1	1.63636363636364	0.03125	0.333333333333333	0.666666666666667	A,C	0.67,0.33	0
16	Tpa_0301_1	22.1212121212121	0.197916666666667	0	1	G,T	1,0	NA
17	Tpa_0342_1	13.7692307692308	0.239583333333333	0.217391304347826	0.782608695652174	C,T	0.78,0.22	0
18	Tpa_0346_1	23.4426229508197	0.5	0.0625	0.9375	A,C	0.94,0.06	0
19	Tpa_0358_1	16.2222222222222	0.260416666666667	0	1	A,C	1,0	NA
20	Tpa_0366_1	7.28571428571429	0.0208333333333333	0	1	T,C	1,0	NA
21	Tpa_0367_1	16.1851851851852	0.229166666666667	0	1	C,T	1,0	NA
22	Tpa_0371_1	4.25	0.0104166666666667	0	1	C,T	1,0	NA
23	Tpa_0395_1	3	0.0104166666666667	0	1	G,A	0,1	NA
24	Tpa_0409_1	2.57142857142857	0.0104166666666667	0	1	T,C	1,0	NA
25	Tpa_0427_1	26.0810810810811	0.552083333333333	0.433962264150943	0.566037735849057	C,T	0.57,0.43	0.111111111111111
26	Tpa_0429_1	4.42105263157895	0.0625	0	1	G,C	0,1	NA
27	Tpa_0438_1	4.07142857142857	0.114583333333333	0.0454545454545455	0.954545454545455	A,C	0.05,0.95	0
28	Tpa_0439_1	3.33333333333333	0.0104166666666667	0	1	G,C	1,0	NA
29	Tpa_0474_1	2.03703703703704	0.0520833333333333	0	1	A,T	1,0	NA
30	Tpa_0492_1	2.77777777777778	0.0104166666666667	0	1	C,G	1,0	NA
31	Tpa_0500_1	7.33333333333333	0.03125	0	1	A,C	1,0	NA
32	Tpa_0540_1	26.6363636363636	0.614583333333333	0.245762711864407	0.754237288135593	G,C	0.25,0.75	0
33	Tpa_0547_1	2.57142857142857	0.0208333333333333	0	1	G,A	0,1	NA
34	Tpa_0556_1	35.1857142857143	0.5625	0	1	C,T	1,0	NA
35	Tpa_0569_1	4.8	0.0104166666666667	0	1	A,G	0,1	NA
36	Tpa_0592_1	9.79310344827586	0.104166666666667	0.15	0.85	A,G	0.85,0.15	0
37	Tpa_0650_1	7.5	0.166666666666667	0	1	G,A	0,1	NA
38	Tpa_0671_1	6.3	0.03125	0	1	C,G	1,0	NA
39	Tpa_0678_1	3.28125	0.114583333333333	0	1	G,A	0,1	NA
40	Tpa_0730_1	18.75	0.46875	0.166666666666667	0.833333333333333	G,C	0.17,0.83	0.0909090909090909
41	Tpa_0743_1	25.8823529411765	0.510416666666667	0	1	C,A	0,1	NA
42	Tpa_0763_1	1	0	NA	NA	C,A	NaN,NaN	NA
43	Tpa_0768_1	28.2911392405063	0.697916666666667	0	1	G,A	0,1	NA
44	Tpa_0826_1	10	0.260416666666667	0.06	0.94	G,C	0.06,0.94	0
45	Tpa_0866_1	18.3191489361702	0.229166666666667	0.136363636363636	0.863636363636364	C,T	0.86,0.14	0.166666666666667
46	Tpa_0868_1	2.1	0.0520833333333333	0.2	0.8	A,T	0.8,0.2	0
47	Tpa_0882_1	2.33333333333333	0.125	0.333333333333333	0.666666666666667	A,T	0.67,0.33	0
48	Tpa_0888_1	6.2	0.0104166666666667	0	1	G,A	0,1	NA
49	Tpa_0895_1	7.91891891891892	0.15625	0	1	G,A	0,1	NA
50	Tpa_0905_1	4.625	0.0208333333333333	0	1	T,C	1,0	NA
51	Tpa_0912_1	5	0.197916666666667	0	1	C,A	0,1	NA
52	Tpa_0929_1	2.7	0.0104166666666667	0	1	G,A	0,1	NA
53	Tpa_0936_1	18.530612244898	0.3125	0.0333333333333333	0.966666666666667	C,T	0.97,0.03	NA
54	Tpa_0953_1	25.4285714285714	0.583333333333333	0.0982142857142857	0.901785714285714	C,T	0.9,0.1	0
55	Tpa_0970_1	1	0	NA	NA	A,C	NaN,NaN	NA
56	Tpa_0973_1	1	0	NA	NA	T,G	NaN,NaN	NA
57	Tpa_0979_1	1.25	0.0104166666666667	0.5	0.5	C,G	0.5,0.5	0
58	Tpa_1007_1	8.89473684210526	0.0833333333333333	0.125	0.875	T,C	0.88,0.12	0
59	Tpa_1022_1	1	0	NA	NA	G,A	NaN,NaN	NA
60	Tpa_1042_1	1.5	0	NA	NA	G,A	NaN,NaN	NA
61	Tpa_1071_1	14.3703703703704	0.09375	0.222222222222222	0.777777777777778	A,C	0.78,0.22	0
62	Tpa_1077_1	4.1	0.0208333333333333	0	1	C,T	1,0	NA
63	Tpa_1082_1	9.79545454545454	0.177083333333333	0.0882352941176471	0.911764705882353	C,T	0.91,0.09	0
64	Tpa_1098_1	2	0.0104166666666667	0	1	A,C	1,0	NA
65	Tpa_1112_1	1	0	NA	NA	G,A	NaN,NaN	NA
66	Tpa_1136_1	1	0	NA	NA	T,G	NaN,NaN	NA
67	Tpa_1144_1	3	0.0104166666666667	0	1	G,T	1,0	NA
68	Tpa_1154_1	2	0	NA	NA	C,T	NaN,NaN	NA
69	Tpa_1156_1	1	0	NA	NA	G,A	NaN,NaN	NA
70	Tpa_1187_1	5.34090909090909	0.197916666666667	0.105263157894737	0.894736842105263	C,T	0.89,0.11	0
71	Tpa_1268_1	3	0.0208333333333333	0	1	T,A	0,1	NA
72	Tpa_1290_1	6.21621621621622	0.114583333333333	0.0909090909090909	0.909090909090909	C,T	0.91,0.09	0
73	Tpa_1304_1	3	0.0104166666666667	0	1	A,G	0,1	NA
74	Tpa_1305_1	NA	0	NA	NA	A,T	NaN,NaN	NA
75	Tpa_1310_1	12.9166666666667	0.0416666666666667	0	1	C,T	1,0	NA
76	Tpa_1312_1	41.6190476190476	0.65625	0.0317460317460317	0.968253968253968	C,T	0.97,0.03	0
77	Tpa_1320_1	94	0.15625	0	1	T,C	0,1	NA
78	Tpa_1341_1	2.5	0.0208333333333333	0	1	C,T	1,0	NA
79	Tpa_1357_1	4.72727272727273	0.03125	0	1	G,C	0,1	NA
80	Tpa_1359_1	73.7608695652174	0.854166666666667	0.121951219512195	0.878048780487805	A,G	0.88,0.12	0.0625
81	Tpa_1394_1	17.4868421052632	0.510416666666667	0.183673469387755	0.816326530612245	G,A	0.18,0.82	0
82	Tpa_1443_1	8.02380952380952	0.229166666666667	0.363636363636364	0.636363636363636	A,G	0.36,0.64	0.1
83	Tpa_1486_1	3.11111111111111	0.0104166666666667	0	1	T,C	0,1	NA
84	Tpa_1515_1	3.15	0.125	0.25	0.75	A,C	0.75,0.25	0.25
85	Tpa_1528_1	2.69230769230769	0.135416666666667	0.192307692307692	0.807692307692308	G,T	0.81,0.19	0
86	Tpa_1542_1	2.375	0.0104166666666667	0	1	C,G	1,0	NA
87	Tpa_1548_1	24.3823529411765	0.541666666666667	0.240384615384615	0.759615384615385	T,G	0.24,0.76	0.0952380952380952
88	Tpa_1550_1	12.7368421052632	0.0729166666666667	0	1	C,G	1,0	NA
89	Tpa_1585_1	15.5818181818182	0.21875	0.166666666666667	0.833333333333333	T,C	0.83,0.17	0.2
90	Tpa_1593_1	11.0666666666667	0.21875	0.261904761904762	0.738095238095238	G,A	0.26,0.74	0
91	Tpa_1606_1	95.5666666666667	0.84375	0.0679012345679012	0.932098765432099	T,G	0.07,0.93	0
92	Tpa_1638_1	7.02631578947368	0.1875	0.138888888888889	0.861111111111111	C,G	0.86,0.14	0
93	Tpa_1646_1	34.4927536231884	0.479166666666667	0	1	C,T	1,0	NA
94	Tpa_1662_1	6.88888888888889	0.0520833333333333	0.3	0.7	G,A	0.3,0.7	0
95	Tpa_1678_1	5.625	0.0416666666666667	0	1	C,T	1,0	NA
96	Tpa_1689_1	5.5	0.0104166666666667	0	1	C,T	1,0	NA
97	Tpa_1703_1	1	0	NA	NA	A,G	NaN,NaN	NA
98	Tpa_1731_1	37.5375	0.677083333333333	0.0230769230769231	0.976923076923077	C,A	0.02,0.98	0
99	Tpa_1774_1	5	0.0104166666666667	0	1	C,T	1,0	NA
100	Tpa_1775_1	106.951612903226	0.447916666666667	0.116279069767442	0.883720930232558	C,T	0.88,0.12	NA
101	Tpa_1818_1	4.48648648648649	0.125	0.25	0.75	G,A	0.75,0.25	0
102	Tpa_1831_1	21.5428571428571	0.1875	0.0277777777777778	0.972222222222222	G,T	0.97,0.03	0
103	Tpa_1832_1	11.5161290322581	0.416666666666667	0.075	0.925	A,G	0.92,0.07	0
104	Tpa_1843_1	15.3469387755102	0.322916666666667	0.0483870967741935	0.951612903225806	C,T	0.95,0.05	0.333333333333333
105	Tpa_1891_1	20.0655737704918	0.34375	0.0303030303030303	0.96969696969697	C,A	0.03,0.97	0
106	Tpa_1896_1	12.5098039215686	0.260416666666667	0.04	0.96	A,G	0.04,0.96	0
107	Tpa_1917_1	6.5	0.0208333333333333	0	1	C,T	1,0	NA
108	Tpa_1930_1	14.3636363636364	0.21875	0.380952380952381	0.619047619047619	A,G	0.38,0.62	0
109	Tpa_1966_1	8	0.0104166666666667	0	1	C,T	0,1	NA
110	Tpa_2006_1	2.81818181818182	0.0208333333333333	0.25	0.75	C,T	0.75,0.25	0
111	Tpa_2010_1	5.87096774193548	0.09375	0	1	C,G	1,0	NA
112	Tpa_2021_1	2	0	NA	NA	C,T	NaN,NaN	NA
113	Tpa_2034_1	4.125	0.0208333333333333	0	1	A,T	1,0	NA
114	Tpa_2040_1	8.40909090909091	0.0833333333333333	0.1875	0.8125	T,A	0.19,0.81	0
115	Tpa_2041_1	5.30769230769231	0.0208333333333333	0	1	C,A	0,1	NA
116	Tpa_2073_1	8.02380952380952	0.229166666666667	0.0909090909090909	0.909090909090909	G,A	0.09,0.91	0
117	Tpa_2076_1	11.7903225806452	0.354166666666667	0.147058823529412	0.852941176470588	C,A	0.15,0.85	0
118	Tpa_2096_1	10.3076923076923	0.145833333333333	0.178571428571429	0.821428571428571	G,A	0.18,0.82	0
119	Tpa_2128_1	4	0.0104166666666667	0	1	G,T	1,0	NA
120	Tpa_2157_1	32.1692307692308	0.479166666666667	0.0326086956521739	0.967391304347826	A,C	0.97,0.03	0
121	Tpa_2180_1	6.125	0.0833333333333333	0	1	C,T	0,1	NA
122	Tpa_2194_1	5.73684210526316	0.0625	0.333333333333333	0.666666666666667	A,G	0.67,0.33	0
123	Tpa_2207_1	22.5645161290323	0.427083333333333	0.024390243902439	0.975609756097561	G,T	0.98,0.02	0
124	Tpa_2254_1	4.73684210526316	0.0625	0.416666666666667	0.583333333333333	C,G	0.42,0.58	0
125	Tpa_2278_1	12.1379310344828	0.125	0.208333333333333	0.791666666666667	G,A	0.21,0.79	0
126	Tpa_2334_1	NA	0	NA	NA	C,T	NaN,NaN	NA
127	Tpa_2344_1	35.9857142857143	0.541666666666667	0.153846153846154	0.846153846153846	G,A	0.15,0.85	0.1
128	Tpa_2353_1	21.0882352941176	0.489583333333333	0.170212765957447	0.829787234042553	C,G	0.83,0.17	0
129	Tpa_2368_1	3.92857142857143	0.0208333333333333	0	1	A,G	0,1	NA
130	Tpa_2412_1	68.3636363636364	0.802083333333333	0.038961038961039	0.961038961038961	G,A	0.04,0.96	0
131	Tpa_2417_1	9.90566037735849	0.208333333333333	0.025	0.975	A,G	0.03,0.98	0
132	Tpa_2453_1	NA	0	NA	NA	T,C	NaN,NaN	NA
133	Tpa_2458_1	4	0.0104166666666667	0	1	C,T	1,0	NA
134	Tpa_2460_1	10.4137931034483	0.114583333333333	0	1	G,A	0,1	NA
135	Tpa_2470_1	7.23809523809524	0.354166666666667	0.0147058823529412	0.985294117647059	C,T	0.99,0.01	0
136	Tpa_2483_1	20.4918032786885	0.375	0.125	0.875	C,T	0.88,0.12	0
137	Tpa_2498_1	5.54545454545455	0.0104166666666667	0	1	C,G	1,0	NA
138	Tpa_2509_1	6.42857142857143	0.03125	0.5	0.5	C,T	0.5,0.5	0
139	Tpa_2518_1	12.7014925373134	0.458333333333333	0.25	0.75	T,C	0.25,0.75	0.0555555555555556
140	Tpa_2519_1	2.875	0.0416666666666667	0	1	A,T	1,0	NA
141	Tpa_2523_1	3	0.03125	0	1	A,G	1,0	NA
142	Tpa_2581_1	19.3606557377049	0.28125	0.0740740740740741	0.925925925925926	T,C	0.07,0.93	0.75
143	Tpa_2601_1	69.7011494252874	0.84375	0.432098765432099	0.567901234567901	T,C	0.57,0.43	0.0714285714285714
144	Tpa_2608_1	31.5072463768116	0.53125	0.156862745098039	0.843137254901961	A,C	0.84,0.16	0
145	Tpa_2636_1	17.4864864864865	0.541666666666667	0	1	A,T	1,0	NA
146	Tpa_2639_1	2	0.0104166666666667	0	1	G,A	0,1	NA
147	Tpa_2664_1	4.79411764705882	0.135416666666667	0.0769230769230769	0.923076923076923	C,T	0.92,0.08	0
148	Tpa_2702_1	3.75	0.0104166666666667	0	1	C,T	1,0	NA
149	Tpa_2712_1	4.8	0.0208333333333333	0	1	G,A	0,1	NA
150	Tpa_2734_1	6.43478260869565	0.09375	0.444444444444444	0.555555555555556	T,G	0.44,0.56	NA
151	Tpa_2741_1	NA	0	NA	NA	A,C	NaN,NaN	NA
152	Tpa_2745_1	12.4545454545455	0.15625	0.0666666666666667	0.933333333333333	G,A	0.93,0.07	0
153	Tpa_2763_1	14.625	0.135416666666667	0	1	A,T	1,0	NA
154	Tpa_2845_1	3.10714285714286	0.09375	0	1	T,G	0,1	NA
155	Tpa_2854_1	9.72727272727273	0.322916666666667	0.241935483870968	0.758064516129032	C,T	0.76,0.24	0.142857142857143
156	Tpa_2856_1	12.2916666666667	0.53125	0.176470588235294	0.823529411764706	C,T	0.82,0.18	0.0833333333333333
157	Tpa_2861_1	24.1020408163265	0.364583333333333	0.142857142857143	0.857142857142857	G,A	0.14,0.86	0
158	Tpa_2868_1	8.76086956521739	0.302083333333333	0.155172413793103	0.844827586206897	C,T	0.84,0.16	0
159	Tpa_2900_1	3.09090909090909	0.0208333333333333	0	1	G,A	0,1	NA
160	Tpa_2907_1	12	0.145833333333333	0.428571428571429	0.571428571428571	T,C	0.43,0.57	0
161	Tpa_2961_1	15.6052631578947	0.208333333333333	0	1	A,G	1,0	NA
162	Tpa_2970_1	2.29411764705882	0.0208333333333333	0.5	0.5	C,T	0.5,0.5	0
163	Tpa_3004_1	7.85714285714286	0.0520833333333333	0	1	A,G	0,1	NA
164	Tpa_3011_1	9.24242424242424	0.125	0.0416666666666667	0.958333333333333	G,A	0.04,0.96	0
165	Tpa_3018_1	NA	0	NA	NA	G,T	NaN,NaN	NA
166	Tpa_3047_1	11.948275862069	0.364583333333333	0.0714285714285714	0.928571428571429	C,G	0.93,0.07	0
167	Tpa_3055_1	4.85714285714286	0.0104166666666667	0	1	T,C	1,0	NA
168	Tpa_3063_1	2.53333333333333	0.0833333333333333	0.3125	0.6875	A,T	0.69,0.31	0
169	Tpa_3129_1	3.33333333333333	0.0104166666666667	0	1	G,A	0,1	NA
170	Tpa_3149_1	8.65625	0.09375	0	1	A,G	1,0	NA
171	Tpa_3193_1	NA	0	NA	NA	G,C	NaN,NaN	NA
172	Tpa_3197_1	8.39130434782609	0.0729166666666667	0	1	T,C	0,1	NA
173	Tpa_3200_1	5.91666666666667	0.0208333333333333	0	1	C,T	1,0	NA
174	Tpa_3248_1	13.7555555555556	0.28125	0.0185185185185185	0.981481481481482	C,T	0.02,0.98	1
175	Tpa_3254_1	5.84615384615385	0.0416666666666667	0	1	G,T	1,0	NA
176	Tpa_3262_1	33.4126984126984	0.458333333333333	0.227272727272727	0.772727272727273	G,T	0.77,0.23	0.0714285714285714
177	Tpa_3263_1	10.2542372881356	0.354166666666667	0.0441176470588235	0.955882352941177	A,G	0.96,0.04	0
178	Tpa_3310_1	9.67857142857143	0.0833333333333333	0.125	0.875	C,T	0.88,0.12	0
179	Tpa_3347_1	3.7962962962963	0.239583333333333	0.260869565217391	0.739130434782609	C,T	0.74,0.26	0
180	Tpa_3354_1	18.6216216216216	0.572916666666667	0.0363636363636364	0.963636363636364	T,C	0.04,0.96	0
181	Tpa_3364_1	10.1777777777778	0.177083333333333	0.411764705882353	0.588235294117647	A,G	0.41,0.59	0
182	Tpa_3385_1	2	0.0104166666666667	0	1	C,T	1,0	NA
183	Tpa_3439_1	3	0.0104166666666667	0	1	G,T	1,0	NA
184	Tpa_3502_1	1.5	0	NA	NA	A,G	NaN,NaN	NA
185	Tpa_3561_1	2.41666666666667	0.03125	0	1	G,A	0,1	NA
186	Tpa_3569_1	4.57142857142857	0.0208333333333333	0	1	G,A	0,1	NA
187	Tpa_3583_1	7.37142857142857	0.09375	0.0555555555555556	0.944444444444444	A,G	0.06,0.94	0
188	Tpa_3616_1	47.5802469135802	0.666666666666667	0	1	T,A	0,1	NA
189	Tpa_3674_1	7.63888888888889	0.0833333333333333	0.125	0.875	G,A	0.12,0.88	0
190	Tpa_3676_1	2.5	0.0104166666666667	0	1	C,T	1,0	NA
191	Tpa_3679_1	3	0.0104166666666667	0.5	0.5	C,T	0.5,0.5	0
192	Tpa_3684_1	1.5	0.0208333333333333	0.25	0.75	T,C	0.25,0.75	0
193	Tpa_3705_1	35.6219512195122	0.6875	0.0378787878787879	0.962121212121212	G,T	0.96,0.04	0
194	Tpa_3723_1	3.0952380952381	0.125	0.166666666666667	0.833333333333333	A,G	0.17,0.83	0
195	Tpa_3737_1	3.875	0.09375	0.0555555555555556	0.944444444444444	G,A	0.06,0.94	0
196	Tpa_3745_1	17.5405405405405	0.197916666666667	0	1	G,A	0,1	NA
197	Tpa_3795_1	72.1058823529412	0.802083333333333	0.11038961038961	0.88961038961039	G,A	0.11,0.89	0.0909090909090909
198	Tpa_3846_1	7.8	0.0520833333333333	0.5	0.5	C,T	0.5,0.5	0
199	Tpa_3862_1	1	0	NA	NA	T,C	NaN,NaN	NA
200	Tpa_3871_1	19.0847457627119	0.34375	0.0151515151515152	0.984848484848485	C,T	0.98,0.02	0
201	Tpa_3879_1	31.9759036144578	0.697916666666667	0.0223880597014925	0.977611940298508	T,A	0.02,0.98	0
202	Tpa_3905_1	10.3269230769231	0.354166666666667	0.0735294117647059	0.926470588235294	A,C	0.93,0.07	0.4
203	Tpa_3926_1	2.38461538461538	0.0520833333333333	0	1	C,T	1,0	NA
204	Tpa_3937_1	1.90909090909091	0.0104166666666667	0	1	G,A	0,1	NA
205	Tpa_3962_1	7.1304347826087	0.09375	0.111111111111111	0.888888888888889	C,G	0.89,0.11	0
206	Tpa_3974_1	5.64285714285714	0.03125	0.5	0.5	G,T	0.5,0.5	0
207	Tpa_4020_1	7.25	0.03125	0.166666666666667	0.833333333333333	G,A	0.17,0.83	0
208	Tpa_4021_1	19.3720930232558	0.239583333333333	0.0869565217391304	0.91304347826087	C,T	0.91,0.09	0
209	Tpa_4022_1	53.7228915662651	0.71875	0.304347826086957	0.695652173913043	G,A	0.3,0.7	0.3
210	Tpa_4055_1	2.88571428571429	0.09375	0.111111111111111	0.888888888888889	A,C	0.89,0.11	0
211	Tpa_4077_1	8.575	0.177083333333333	0.0588235294117647	0.941176470588235	A,T	0.94,0.06	0
212	Tpa_4120_1	27.1379310344828	0.427083333333333	0.158536585365854	0.841463414634146	C,T	0.84,0.16	0.222222222222222
213	Tpa_4126_1	24.375	0.635416666666667	0.0491803278688525	0.950819672131147	G,C	0.95,0.05	0.333333333333333
214	Tpa_4137_1	14.6666666666667	0.510416666666667	0.0408163265306122	0.959183673469388	C,A	0.04,0.96	0
215	Tpa_4148_1	3.125	0.0104166666666667	0	1	A,G	0,1	NA
216	Tpa_4168_1	5.15151515151515	0.09375	0	1	C,T	1,0	NA
217	Tpa_4176_1	1.2	0	NA	NA	C,G	NaN,NaN	NA
218	Tpa_4178_1	19.8125	0.4375	0.0714285714285714	0.928571428571429	C,T	0.93,0.07	0
219	Tpa_4209_1	13.9047619047619	0.145833333333333	0	1	G,A	0,1	NA
220	Tpa_4221_1	1	0	NA	NA	T,A	NaN,NaN	NA
221	Tpa_4230_1	8.54761904761905	0.1875	0.305555555555556	0.694444444444444	C,G	0.69,0.31	1
222	Tpa_4245_1	NA	0	NA	NA	G,C	NaN,NaN	NA
223	Tpa_4246_1	7.58181818181818	0.28125	0	1	T,C	0,1	NA
224	Tpa_4247_1	18.0615384615385	0.4375	0.0238095238095238	0.976190476190476	T,A	0.98,0.02	0
225	Tpa_4268_1	38.0886075949367	0.635416666666667	0.0163934426229508	0.983606557377049	C,G	0.98,0.02	0
226	Tpa_4291_1	25.5777777777778	0.197916666666667	0.105263157894737	0.894736842105263	C,T	0.89,0.11	0
227	Tpa_4295_1	3.07692307692308	0.0208333333333333	0	1	C,A	0,1	NA
228	Tpa_4310_1	7.44444444444444	0.125	0.166666666666667	0.833333333333333	G,C	0.83,0.17	0
229	Tpa_4316_1	20.2592592592593	0.104166666666667	0	1	C,T	1,0	NA
230	Tpa_4353_1	57.1029411764706	0.552083333333333	0.00943396226415094	0.990566037735849	G,A	0.01,0.99	0
231	Tpa_4356_1	58.5882352941176	0.75	0.0833333333333333	0.916666666666667	C,T	0.92,0.08	0.25
232	Tpa_4380_1	3.75	0.0104166666666667	0	1	G,T	1,0	NA
233	Tpa_4384_1	7.34782608695652	0.0833333333333333	0	1	G,A	0,1	NA
234	Tpa_4394_1	5.57142857142857	0.03125	0	1	C,T	1,0	NA
235	Tpa_4416_1	11.2708333333333	0.177083333333333	0.0588235294117647	0.941176470588235	G,A	0.06,0.94	0
236	Tpa_4425_1	20.0181818181818	0.427083333333333	0.0365853658536585	0.963414634146341	G,A	0.04,0.96	0
237	Tpa_4443_1	14.4666666666667	0.177083333333333	0	1	C,T	1,0	NA
238	Tpa_4454_1	5.33333333333333	0.114583333333333	0	1	G,A	0,1	NA
239	Tpa_4467_1	1	0	NA	NA	G,C	NaN,NaN	NA
240	Tpa_4495_1	2.55555555555556	0.0104166666666667	0	1	T,C	0,1	NA
241	Tpa_4506_1	2.75	0.0104166666666667	0	1	C,G	1,0	NA
242	Tpa_4511_1	NA	0	NA	NA	G,A	NaN,NaN	NA
243	Tpa_4549_1	1.77777777777778	0.0104166666666667	0	1	A,G	1,0	NA
244	Tpa_4556_1	5.72413793103448	0.125	0	1	A,C	1,0	NA
245	Tpa_4569_1	18	0.458333333333333	0.272727272727273	0.727272727272727	A,C	0.73,0.27	0
246	Tpa_4582_1	2.25	0.0104166666666667	0.5	0.5	A,T	0.5,0.5	0
247	Tpa_4590_1	15.3666666666667	0.177083333333333	0.0588235294117647	0.941176470588235	G,T	0.94,0.06	0
248	Tpa_4591_1	1	0	NA	NA	C,T	NaN,NaN	NA
249	Tpa_4592_1	5.10344827586207	0.135416666666667	0.115384615384615	0.884615384615385	G,C	0.12,0.88	0
250	Tpa_4593_1	7.91891891891892	0.166666666666667	0.03125	0.96875	C,T	0.97,0.03	0
251	Tpa_4595_1	1	0	NA	NA	G,A	NaN,NaN	NA
252	Tpa_4599_1	36.2307692307692	0.635416666666667	0.114754098360656	0.885245901639344	C,T	0.89,0.11	0.5
253	Tpa_4633_1	3	0.0104166666666667	0	1	A,C	0,1	NA
254	Tpa_4637_1	3.11627906976744	0.114583333333333	0.0909090909090909	0.909090909090909	C,A	0.09,0.91	NA
255	Tpa_4668_1	19.5945945945946	0.625	0.0833333333333333	0.916666666666667	C,A	0.92,0.08	0
256	Tpa_4678_1	50.3095238095238	0.729166666666667	0.0428571428571429	0.957142857142857	T,A	0.04,0.96	0
257	Tpa_4697_1	3.77777777777778	0.0208333333333333	0	1	T,C	0,1	NA
258	Tpa_4713_1	7.58333333333333	0.0208333333333333	0	1	G,A	0,1	NA
259	Tpa_4731_1	1	0	NA	NA	C,A	NaN,NaN	NA
260	Tpa_4747_1	31.0869565217391	0.614583333333333	0.0423728813559322	0.957627118644068	C,T	0.96,0.04	0
261	Tpa_4749_1	5.44444444444444	0.125	0.375	0.625	G,T	0.62,0.38	0
262	Tpa_4804_1	8.2093023255814	0.229166666666667	0.454545454545455	0.545454545454545	G,C	0.45,0.55	0.125
263	Tpa_4849_1	5.84615384615385	0.0416666666666667	0.25	0.75	T,C	0.25,0.75	0
264	Tpa_4885_1	3	0.0520833333333333	0.4	0.6	T,G	0.6,0.4	0
265	Tpa_4886_1	2.3	0.0208333333333333	0	1	A,T	1,0	NA
266	Tpa_4900_1	2.8	0.0104166666666667	0.5	0.5	C,T	0.5,0.5	0
267	Tpa_4920_1	1	0	NA	NA	G,C	NaN,NaN	NA
268	Tpa_4928_1	5.61111111111111	0.0625	0.416666666666667	0.583333333333333	C,T	0.42,0.58	0.2
269	Tpa_4936_1	3.6	0.0208333333333333	0	1	C,T	1,0	NA
270	Tpa_4985_1	21.6129032258065	0.46875	0.0333333333333333	0.966666666666667	A,G	0.03,0.97	0
271	Tpa_5002_1	4.53333333333333	0.0208333333333333	0.5	0.5	C,T	0.5,0.5	0
272	Tpa_5015_1	1	0	NA	NA	A,G	NaN,NaN	NA
273	Tpa_5022_1	101.505494505495	0.916666666666667	0.0340909090909091	0.965909090909091	C,T	0.97,0.03	0
274	Tpa_5057_1	10.6785714285714	0.114583333333333	0	1	T,G	1,0	NA
275	Tpa_5075_1	8.77272727272727	0.0625	0.333333333333333	0.666666666666667	A,G	0.67,0.33	0
276	Tpa_5104_1	123.377777777778	0.895833333333333	0	1	G,A	0,1	NA
277	Tpa_5106_1	2.94444444444444	0.0104166666666667	0.5	0.5	C,G	0.5,0.5	1
278	Tpa_5118_1	2.68571428571429	0.104166666666667	0	1	C,T	1,0	NA
279	Tpa_5138_1	10.4666666666667	0.0625	0	1	C,T	1,0	NA
280	Tpa_5144_1	6.52380952380952	0.0625	0.0833333333333333	0.916666666666667	T,G	0.08,0.92	0
281	Tpa_5167_1	3	0.0104166666666667	0	1	C,T	1,0	NA
282	Tpa_5196_1	3.13333333333333	0.03125	0	1	G,A	0,1	NA
283	Tpa_5205_1	2.25	0.0104166666666667	0	1	G,T	1,0	NA
284	Tpa_5206_1	1.88888888888889	0.0208333333333333	0.25	0.75	G,A	0.25,0.75	0
285	Tpa_5218_1	1.25	0	NA	NA	C,G	NaN,NaN	NA
286	Tpa_5222_1	4.85714285714286	0.0104166666666667	0.5	0.5	G,A	0.5,0.5	0
287	Tpa_5228_1	11.1052631578947	0.375	0.0833333333333333	0.916666666666667	C,T	0.92,0.08	0
288	Tpa_5241_1	8.5	0.0729166666666667	0.142857142857143	0.857142857142857	C,T	0.86,0.14	NA
289	Tpa_5242_1	11.4642857142857	0.28125	0.222222222222222	0.777777777777778	C,T	0.78,0.22	0
290	Tpa_5244_1	43.6022727272727	0.71875	0.108695652173913	0.891304347826087	A,C	0.89,0.11	0.2
291	Tpa_5249_1	2	0.0104166666666667	0	1	T,C	1,0	NA
292	Tpa_5270_1	1.83333333333333	0.0104166666666667	0	1	C,A	0,1	NA
293	Tpa_5278_1	16.4	0.145833333333333	0.214285714285714	0.785714285714286	G,A	0.21,0.79	NA
294	Tpa_5279_1	5.47826086956522	0.0729166666666667	0	1	C,T	1,0	NA
295	Tpa_5292_1	47.4936708860759	0.697916666666667	0.156716417910448	0.843283582089552	C,T	0.16,0.84	0.142857142857143
296	Tpa_5298_1	17.8536585365854	0.177083333333333	0.147058823529412	0.852941176470588	G,A	0.15,0.85	0
297	Tpa_5327_1	27.041095890411	0.5	0.0208333333333333	0.979166666666667	C,G	0.98,0.02	0.5
298	Tpa_5360_1	3.35	0.0416666666666667	0.125	0.875	G,A	0.12,0.88	0
299	Tpa_5361_1	11.1951219512195	0.166666666666667	0.25	0.75	A,C	0.75,0.25	0.166666666666667
300	Tpa_5373_1	5.45454545454545	0.0416666666666667	0.125	0.875	C,T	0.88,0.12	0
301	Tpa_5379_1	37.0519480519481	0.489583333333333	0.0531914893617021	0.946808510638298	C,G	0.95,0.05	0
302	Tpa_5382_1	21.575	0.635416666666667	0	1	A,G	1,0	NA
303	Tpa_5418_1	43.1898734177215	0.635416666666667	0.147540983606557	0.852459016393443	C,T	0.85,0.15	0.125
304	Tpa_5441_1	33.4324324324324	0.489583333333333	0	1	G,A	0,1	NA
305	Tpa_5445_1	32.4054054054054	0.541666666666667	0.336538461538462	0.663461538461538	T,C	0.34,0.66	0
306	Tpa_5446_1	21.4864864864865	0.197916666666667	0.0263157894736842	0.973684210526316	G,T	0.97,0.03	0
307	Tpa_5454_1	11.7878787878788	0.114583333333333	0.318181818181818	0.681818181818182	A,G	0.32,0.68	0
308	Tpa_5471_1	223.743902439024	0.739583333333333	0.0422535211267606	0.957746478873239	G,T	0.96,0.04	0.666666666666667
309	Tpa_5485_1	14.6129032258065	0.458333333333333	0.0340909090909091	0.965909090909091	A,C	0.97,0.03	0
310	Tpa_5501_1	9.57575757575758	0.145833333333333	0.142857142857143	0.857142857142857	G,A	0.14,0.86	0
311	Tpa_5525_1	31.2054794520548	0.520833333333333	0.17	0.83	T,A	0.17,0.83	0
312	Tpa_5538_1	2.47826086956522	0.0833333333333333	0.125	0.875	C,T	0.12,0.88	0
313	Tpa_5540_1	4.55555555555556	0.03125	0.166666666666667	0.833333333333333	A,G	0.83,0.17	0
314	Tpa_5542_1	2	0.0104166666666667	0	1	C,T	1,0	NA
315	Tpa_5563_1	3.9	0.03125	0	1	G,A	0,1	NA
316	Tpa_5565_1	83.4047619047619	0.760416666666667	0.212328767123288	0.787671232876712	G,T	0.79,0.21	0.08
317	Tpa_5570_1	6.25806451612903	0.125	0.291666666666667	0.708333333333333	G,A	0.29,0.71	0
318	Tpa_5574_1	4.90243902439024	0.177083333333333	0.294117647058824	0.705882352941177	C,T	0.71,0.29	0
319	Tpa_5588_1	166.777777777778	0.90625	0.0517241379310345	0.948275862068966	C,T	0.95,0.05	0.222222222222222
320	Tpa_5594_1	6.05555555555556	0.104166666666667	0	1	G,A	1,0	NA
321	Tpa_5601_1	20.5208333333333	0.270833333333333	0.211538461538462	0.788461538461538	C,A	0.21,0.79	0
322	Tpa_5609_1	2.72727272727273	0.104166666666667	0	1	A,G	1,0	NA
323	Tpa_5623_1	40.4358974358974	0.604166666666667	0	1	C,T	1,0	NA
324	Tpa_5636_1	2.46153846153846	0.0208333333333333	0	1	A,G	0,1	NA
325	Tpa_5651_1	5.92592592592593	0.0833333333333333	0	1	T,C	0,1	NA
326	Tpa_5679_1	5.86666666666667	0.197916666666667	0.0526315789473684	0.947368421052632	G,A	0.05,0.95	0
327	Tpa_5741_1	7.66666666666667	0.208333333333333	0.025	0.975	C,T	0.98,0.03	0
328	Tpa_5761_1	7.78571428571429	0.0833333333333333	0	1	G,A	0,1	NA
329	Tpa_5774_1	9.90243902439024	0.145833333333333	0	1	T,C	0,1	NA
330	Tpa_5795_1	1.75	0.0104166666666667	0	1	G,T	1,0	NA
331	Tpa_5796_1	18.4468085106383	0.291666666666667	0.303571428571429	0.696428571428571	A,G	0.7,0.3	0
332	Tpa_5823_1	17.6153846153846	0.166666666666667	0	1	A,G	0,1	NA
333	Tpa_5827_1	11.2439024390244	0.15625	0.233333333333333	0.766666666666667	T,G	0.23,0.77	0
334	Tpa_5829_1	2.85714285714286	0.03125	0.333333333333333	0.666666666666667	C,T	0.67,0.33	0
335	Tpa_5838_1	34.4354838709677	0.375	0.0416666666666667	0.958333333333333	T,C	0.96,0.04	0.666666666666667
336	Tpa_5854_1	NA	0	NA	NA	T,G	NaN,NaN	NA
337	Tpa_5856_1	8.36	0.0625	0.5	0.5	C,T	0.5,0.5	NA
338	Tpa_5863_1	10.6976744186047	0.1875	0.166666666666667	0.833333333333333	G,A	0.17,0.83	0
339	Tpa_5868_1	2.25	0.0104166666666667	0	1	C,G	1,0	NA
340	Tpa_5878_1	21.4347826086957	0.28125	0.148148148148148	0.851851851851852	G,C	0.85,0.15	0
341	Tpa_5913_1	17.5333333333333	0.364583333333333	0.457142857142857	0.542857142857143	G,A	0.54,0.46	0.166666666666667
342	Tpa_5917_1	19.68	0.3125	0.183333333333333	0.816666666666667	T,G	0.18,0.82	0.111111111111111
343	Tpa_5942_1	3.66666666666667	0	NA	NA	G,T	NaN,NaN	NA
344	Tpa_5951_1	4.16666666666667	0.135416666666667	0	1	T,A	0,1	NA
345	Tpa_5961_1	2	0.0104166666666667	0	1	T,G	0,1	NA
346	Tpa_5978_1	23.1351351351351	0.572916666666667	0.00909090909090909	0.990909090909091	G,A	0.01,0.99	0
347	Tpa_5980_1	21.4791666666667	0.260416666666667	0.34	0.66	T,C	0.66,0.34	0.230769230769231
348	Tpa_6016_1	25.0943396226415	0.291666666666667	0.214285714285714	0.785714285714286	C,T	0.79,0.21	0
349	Tpa_6076_1	4.45454545454545	0.03125	0.166666666666667	0.833333333333333	A,G	0.17,0.83	0
350	Tpa_6083_1	17.6470588235294	0.5625	0.0185185185185185	0.981481481481482	A,G	0.98,0.02	NA
351	Tpa_6137_1	8.33333333333333	0.0520833333333333	0.3	0.7	A,G	0.3,0.7	0
352	Tpa_6139_1	16.125	0.333333333333333	0.09375	0.90625	C,G	0.91,0.09	0
353	Tpa_6150_1	7.77777777777778	0.385416666666667	0.108108108108108	0.891891891891892	A,G	0.89,0.11	0.25
354	Tpa_6158_1	27.7466666666667	0.5625	0.0555555555555556	0.944444444444444	C,T	0.94,0.06	0.166666666666667
355	Tpa_6169_1	28.8307692307692	0.46875	0.1	0.9	A,G	0.1,0.9	0
356	Tpa_6172_1	20.9122807017544	0.34375	0	1	G,A	0,1	NA
357	Tpa_6204_1	2.05714285714286	0.0729166666666667	0.357142857142857	0.642857142857143	T,C	0.36,0.64	0
358	Tpa_6220_1	26.1904761904762	0.4375	0.25	0.75	A,G	0.75,0.25	0.266666666666667
359	Tpa_6222_1	5.0625	0.03125	0	1	G,A	0,1	NA
360	Tpa_6224_1	6.79591836734694	0.166666666666667	0.03125	0.96875	G,A	0.03,0.97	0
361	Tpa_6265_1	4.73913043478261	0.40625	0.153846153846154	0.846153846153846	A,C	0.85,0.15	0
362	Tpa_6270_1	9.5	0.145833333333333	0.25	0.75	C,T	0.75,0.25	0
363	Tpa_6321_1	1	0	NA	NA	G,A	NaN,NaN	NA
364	Tpa_6352_1	2.375	0.0729166666666667	0.0714285714285714	0.928571428571429	G,C	0.07,0.93	0
365	Tpa_6355_1	2.38461538461538	0.0104166666666667	0	1	T,G	0,1	NA
366	Tpa_6384_1	2	0.03125	0	1	G,A	0,1	NA
367	Tpa_6385_1	3.52380952380952	0.0416666666666667	0	1	C,T	1,0	NA
368	Tpa_6388_1	4.29166666666667	0.0520833333333333	0	1	C,A	0,1	NA
369	Tpa_6391_1	13.96875	0.135416666666667	0.153846153846154	0.846153846153846	C,T	0.85,0.15	0
370	Tpa_6411_1	1.2	0	NA	NA	T,C	NaN,NaN	NA
371	Tpa_6422_1	43.2	0.552083333333333	0	1	C,T	1,0	NA
372	Tpa_6442_1	17.2333333333333	0.166666666666667	0.1875	0.8125	T,C	0.19,0.81	0
373	Tpa_6449_1	1	0	NA	NA	T,C	NaN,NaN	NA
374	Tpa_6451_1	7.52777777777778	0.4375	0.0357142857142857	0.964285714285714	C,A	0.04,0.96	0
375	Tpa_6453_1	7.16	0.0729166666666667	0.0714285714285714	0.928571428571429	C,T	0.93,0.07	0
376	Tpa_6487_1	13.8360655737705	0.510416666666667	0.0102040816326531	0.989795918367347	A,C	0.99,0.01	1
377	Tpa_6493_1	8.18181818181818	0.28125	0	1	T,C	1,0	NA
378	Tpa_6511_1	421.031578947368	0.96875	0.0645161290322581	0.935483870967742	G,A	0.06,0.94	0.25
379	Tpa_6543_1	15.2857142857143	0.166666666666667	0.03125	0.96875	C,T	0.97,0.03	0
380	Tpa_6562_1	2.28571428571429	0.0208333333333333	0	1	C,T	1,0	NA
381	Tpa_6565_1	154.282608695652	0.927083333333333	0.0168539325842697	0.98314606741573	G,A	0.02,0.98	0.333333333333333
382	Tpa_6586_1	5.9	0.0208333333333333	0	1	G,A	0,1	NA
383	Tpa_6591_1	4.25	0.0208333333333333	0	1	G,C	0,1	NA
384	Tpa_6604_1	NA	0	NA	NA	C,A	NaN,NaN	NA
385	Tpa_6611_1	2.7	0.09375	0	1	C,T	1,0	NA
386	Tpa_6630_1	11.625	0.4375	0.321428571428571	0.678571428571429	C,T	0.68,0.32	0
387	Tpa_6654_1	21.7464788732394	0.572916666666667	0.0363636363636364	0.963636363636364	G,T	0.96,0.04	0
388	Tpa_6683_1	NA	0	NA	NA	C,A	NaN,NaN	NA
389	Tpa_6687_1	3.61111111111111	0.0520833333333333	0.3	0.7	C,T	0.7,0.3	0
390	Tpa_6713_1	1.33333333333333	0	NA	NA	C,T	NaN,NaN	NA
391	Tpa_6733_1	5.86538461538461	0.25	0.0833333333333333	0.916666666666667	G,T	0.92,0.08	0
392	Tpa_6768_1	24.5762711864407	0.302083333333333	0.0344827586206897	0.96551724137931	T,C	0.03,0.97	0
393	Tpa_6773_1	9.28571428571429	0.114583333333333	0.0454545454545455	0.954545454545455	G,A	0.05,0.95	0
394	Tpa_6774_1	15.4705882352941	0.0625	0	1	T,C	1,0	NA
395	Tpa_6786_1	2.875	0.0104166666666667	0	1	C,T	1,0	NA
396	Tpa_6814_1	49.3698630136986	0.614583333333333	0.0593220338983051	0.940677966101695	G,A	0.06,0.94	0
397	Tpa_6816_1	13.7708333333333	0.25	0.395833333333333	0.604166666666667	T,G	0.4,0.6	0.142857142857143
398	Tpa_6853_1	27.0138888888889	0.583333333333333	0.0178571428571429	0.982142857142857	A,G	0.98,0.02	0
399	Tpa_6887_1	12.6440677966102	0.354166666666667	0.0294117647058824	0.970588235294118	C,T	0.97,0.03	0
400	Tpa_6922_1	10.4722222222222	0.177083333333333	0.205882352941176	0.794117647058823	T,G	0.79,0.21	0
401	Tpa_6937_1	42.8666666666667	0.614583333333333	0	1	A,G	1,0	NA
402	Tpa_6963_1	14.4878048780488	0.197916666666667	0	1	C,T	1,0	NA
403	Tpa_6973_1	19.1590909090909	0.239583333333333	0.0652173913043478	0.934782608695652	C,T	0.93,0.07	0
404	Tpa_7007_1	8.42857142857143	0.0729166666666667	0.285714285714286	0.714285714285714	A,G	0.29,0.71	0
405	Tpa_7010_1	15.551724137931	0.114583333333333	0	1	T,C	0,1	NA
406	Tpa_7018_1	2.75	0.0104166666666667	0.5	0.5	G,C	0.5,0.5	0
407	Tpa_7052_1	24.3766233766234	0.604166666666667	0.0517241379310345	0.948275862068966	A,T	0.95,0.05	0
408	Tpa_7058_1	15.0181818181818	0.322916666666667	0.032258064516129	0.967741935483871	C,T	0.97,0.03	0
409	Tpa_7062_1	15.0652173913043	0.260416666666667	0.12	0.88	C,T	0.88,0.12	0
410	Tpa_7080_1	10.9142857142857	0.15625	0	1	G,C	0,1	NA
411	Tpa_7082_1	4	0.0104166666666667	0.5	0.5	G,A	0.5,0.5	0
412	Tpa_7090_1	28.3582089552239	0.427083333333333	0.0609756097560976	0.939024390243902	T,C	0.06,0.94	0.2
413	Tpa_7153_1	2.54166666666667	0.0520833333333333	0	1	G,A	1,0	NA
414	Tpa_7157_1	5.875	0.0416666666666667	0.125	0.875	T,G	0.88,0.12	0
415	Tpa_7201_1	38.3731343283582	0.489583333333333	0.138297872340426	0.861702127659574	G,A	0.14,0.86	0.153846153846154
416	Tpa_7204_1	11.0322580645161	0.09375	0	1	G,A	0,1	NA
417	Tpa_7210_1	4.05	0.03125	0	1	T,A	0,1	NA
418	Tpa_7213_1	45.3882352941176	0.760416666666667	0	1	T,G	0,1	NA
419	Tpa_7221_1	6.48780487804878	0.177083333333333	0.294117647058824	0.705882352941177	G,A	0.29,0.71	0
420	Tpa_7240_1	22.3614457831325	0.708333333333333	0.0220588235294118	0.977941176470588	T,C	0.02,0.98	1
421	Tpa_7289_1	7.2	0.0208333333333333	0	1	C,T	1,0	NA
422	Tpa_7291_1	2.23076923076923	0.0416666666666667	0.375	0.625	A,G	0.62,0.38	0
423	Tpa_7293_1	1	0	NA	NA	A,C	NaN,NaN	NA
424	Tpa_7331_1	1	0	NA	NA	G,T	NaN,NaN	NA
425	Tpa_7348_1	32.0789473684211	0.614583333333333	0.0508474576271186	0.949152542372881	A,T	0.95,0.05	0
426	Tpa_7352_1	NA	0	NA	NA	G,A	NaN,NaN	NA
427	Tpa_7367_1	37.8783783783784	0.541666666666667	0.0865384615384615	0.913461538461538	G,A	0.09,0.91	0
428	Tpa_7375_1	19.1090909090909	0.385416666666667	0.22972972972973	0.77027027027027	C,T	0.77,0.23	0
429	Tpa_7406_1	NA	0	NA	NA	G,A	NaN,NaN	NA
430	Tpa_7413_1	167.3	0.0416666666666667	0	1	T,C	0,1	NA
431	Tpa_7417_1	4.81818181818182	0.0208333333333333	0	1	G,A	0,1	NA
432	Tpa_7425_1	25.9178082191781	0.572916666666667	0.0727272727272727	0.927272727272727	G,A	0.07,0.93	0
433	Tpa_7447_1	7.22727272727273	0.114583333333333	0	1	G,A	0,1	NA
434	Tpa_7450_1	NA	0	NA	NA	A,C	NaN,NaN	NA
435	Tpa_7452_1	77.8139534883721	0.802083333333333	0.0714285714285714	0.928571428571429	C,G	0.93,0.07	0.142857142857143
436	Tpa_7454_1	2.66666666666667	0.0104166666666667	0.5	0.5	T,G	0.5,0.5	0
437	Tpa_7461_1	3.8	0.0416666666666667	0	1	T,C	0,1	NA
438	Tpa_7477_1	12.5116279069767	0.28125	0.185185185185185	0.814814814814815	C,T	0.81,0.19	0.1
439	Tpa_7479_1	26.7962962962963	0.291666666666667	0.0357142857142857	0.964285714285714	G,A	0.04,0.96	NA
440	Tpa_7483_1	15.3863636363636	0.1875	0.0277777777777778	0.972222222222222	G,A	0.03,0.97	0
441	Tpa_7495_1	55.9886363636364	0.822916666666667	0.0316455696202532	0.968354430379747	C,A	0.03,0.97	0
442	Tpa_7533_1	57.0804597701149	0.802083333333333	0.12987012987013	0.87012987012987	A,G	0.87,0.13	0.0714285714285714
443	Tpa_7540_1	3.28571428571429	0.0208333333333333	0	1	G,T	1,0	NA
444	Tpa_7553_1	25.8493150684932	0.53125	0.0784313725490196	0.92156862745098	T,C	0.92,0.08	0
445	Tpa_7560_1	19.28	0.229166666666667	0.0227272727272727	0.977272727272727	T,C	0.02,0.98	0
446	Tpa_7566_1	30.7910447761194	0.447916666666667	0.127906976744186	0.872093023255814	C,T	0.87,0.13	0
447	Tpa_7567_1	158.455555555556	0.916666666666667	0.414772727272727	0.585227272727273	A,G	0.59,0.41	0.346938775510204
448	Tpa_7571_1	41.5128205128205	0.583333333333333	0.196428571428571	0.803571428571429	G,A	0.2,0.8	0.0625
449	Tpa_7586_1	36.0240963855422	0.583333333333333	0.285714285714286	0.714285714285714	A,C	0.29,0.71	0
450	Tpa_7594_1	374.978723404255	0.947916666666667	0.115384615384615	0.884615384615385	T,G	0.88,0.12	0.571428571428571
451	Tpa_7597_1	235.5	0.958333333333333	0.016304347826087	0.983695652173913	T,G	0.02,0.98	0
452	Tpa_7601_1	1	0	NA	NA	C,A	NaN,NaN	NA
453	Tpa_7604_1	227.88	0.697916666666667	0	1	C,T	1,0	NA
454	Tpa_7605_1	3.92857142857143	0.0416666666666667	0.375	0.625	A,G	0.62,0.38	0
455	Tpa_7615_1	5.45833333333333	0.0520833333333333	0	1	C,G	1,0	NA
456	Tpa_7652_1	315.893617021277	0.927083333333333	0.050561797752809	0.949438202247191	G,A	0.05,0.95	0.555555555555556
457	Tpa_7653_1	278.569892473118	0.96875	0.295698924731183	0.704301075268817	C,T	0.3,0.7	0.243243243243243
458	Tpa_7657_1	9.89655172413793	0.114583333333333	0	1	G,A	0,1	NA
459	Tpa_7665_1	NA	0	NA	NA	A,T	NaN,NaN	NA
460	Tpa_7686_1	129.521739130435	0.916666666666667	0.357954545454545	0.642045454545455	A,C	0.36,0.64	0.553191489361702
461	Tpa_7690_1	54.1219512195122	0.75	0.118055555555556	0.881944444444444	T,G	0.88,0.12	0
462	Tpa_7691_1	18.6923076923077	0.270833333333333	0.153846153846154	0.846153846153846	T,G	0.15,0.85	0
463	Tpa_7703_1	72.5443037974684	0.635416666666667	0.0491803278688525	0.950819672131147	G,T	0.95,0.05	0
464	Tpa_7757_1	1.33333333333333	0	NA	NA	A,T	NaN,NaN	NA
465	Tpa_7764_1	17.0338983050847	0.333333333333333	0.203125	0.796875	C,A	0.2,0.8	0.153846153846154
466	Tpa_7765_1	7.04761904761905	0.21875	0.0714285714285714	0.928571428571429	A,T	0.07,0.93	0
467	Tpa_7769_1	2	0.0104166666666667	0	1	C,T	0,1	NA
468	Tpa_7772_1	NA	0	NA	NA	A,G	NaN,NaN	NA
469	Tpa_7798_1	17.875	0.114583333333333	0.181818181818182	0.818181818181818	C,T	0.82,0.18	0
470	Tpa_7799_1	5.27586206896552	0.114583333333333	0	1	A,G	1,0	NA
471	Tpa_7805_1	4.26470588235294	0.125	0.125	0.875	G,A	0.12,0.88	0
472	Tpa_7807_1	3.39130434782609	0.0520833333333333	0	1	C,T	1,0	NA
473	Tpa_7814_1	9.96969696969697	0.15625	0.166666666666667	0.833333333333333	C,T	0.83,0.17	0
474	Tpa_7825_1	30.6543209876543	0.729166666666667	0	1	G,A	0,1	NA
475	Tpa_7848_1	10.031746031746	0.489583333333333	0.0106382978723404	0.98936170212766	T,C	0.99,0.01	0
476	Tpa_7910_1	12.843137254902	0.239583333333333	0.282608695652174	0.717391304347826	C,T	0.72,0.28	0
