Locus	Primer Reads	Primer Probe Reads	Primer Probe Proportion
Tpa_0010	1270	1106	0.87
Tpa_0012	9271	3629	0.39
Tpa_0024	1768	9	0.01
Tpa_0035	1431	819	0.57
Tpa_0037	3741	309	0.08
Tpa_0095	55169	33582	0.61
Tpa_0151	93205	80009	0.86
Tpa_0183	37955	31604	0.83
Tpa_0186	3847	1505	0.39
Tpa_0215	197	2	0.01
Tpa_0226	165	119	0.72
Tpa_0228	3182	162	0.05
Tpa_0263	12054	1163	0.10
Tpa_0269	4440	552	0.12
Tpa_0272	92	30	0.33
Tpa_0301	46910	45577	0.97
Tpa_0342	6095	5504	0.90
Tpa_0346	3421	1020	0.30
Tpa_0358	2394	2127	0.89
Tpa_0366	114183	2772	0.02
Tpa_0367	1648	1211	0.73
Tpa_0371	5691	4497	0.79
Tpa_0395	4188	3708	0.89
Tpa_0409	2751	235	0.09
Tpa_0427	2120	2018	0.95
Tpa_0429	2864	796	0.28
Tpa_0438	6633	662	0.10
Tpa_0439	25669	24747	0.96
Tpa_0474	1228	47	0.04
Tpa_0492	3604	637	0.18
Tpa_0500	34175	316	0.01
Tpa_0540	27265	324	0.01
Tpa_0547	15898	6193	0.39
Tpa_0556	13337	303	0.02
Tpa_0569	5650	3917	0.69
Tpa_0584	10271	3076	0.30
Tpa_0592	42542	30808	0.72
Tpa_0650	66080	391	0.01
Tpa_0671	3574	3442	0.96
Tpa_0678	128	29	0.23
Tpa_0687	3522	2943	0.84
Tpa_0730	2405	1015	0.42
Tpa_0743	1704	1638	0.96
Tpa_0763	4013	3145	0.78
Tpa_0768	11437	146	0.01
Tpa_0791	32185	4860	0.15
Tpa_0826	1462	183	0.13
Tpa_0866	85856	76714	0.89
Tpa_0868	23	8	0.35
Tpa_0882	112	105	0.94
Tpa_0888	109261	3261	0.03
Tpa_0895	3880	945	0.24
Tpa_0905	7419	3636	0.49
Tpa_0912	2525	82	0.03
Tpa_0929	4324	249	0.06
Tpa_0936	37434	1023	0.03
Tpa_0953	161545	21532	0.13
Tpa_0970	70	14	0.20
Tpa_0973	145817	29	0.00
Tpa_0979	105718	3073	0.03
Tpa_1007	4287	1621	0.38
Tpa_1022	89346	2939	0.03
Tpa_1042	942	455	0.48
Tpa_1071	4632	735	0.16
Tpa_1077	43792	2174	0.05
Tpa_1082	92276	83540	0.91
Tpa_1098	45	29	0.64
Tpa_1112	6709	2943	0.44
Tpa_1136	39	5	0.13
Tpa_1144	2806	2017	0.72
Tpa_1154	20928	3768	0.18
Tpa_1156	61	10	0.16
Tpa_1187	1623	1514	0.93
Tpa_1268	3116	2143	0.69
Tpa_1290	0	0	NA
Tpa_1304	9414	2884	0.31
Tpa_1305	917	5	0.01
Tpa_1310	6896	1073	0.16
Tpa_1312	25610	4541	0.18
Tpa_1320	6916	212	0.03
Tpa_1341	13885	298	0.02
Tpa_1357	7808	4228	0.54
Tpa_1359	1419	760	0.54
Tpa_1394	236	225	0.95
Tpa_1404	417201	95	0.00
Tpa_1443	371	72	0.19
Tpa_1486	104397	2009	0.02
Tpa_1515	3240	1028	0.32
Tpa_1528	7947	568	0.07
Tpa_1542	96984	4847	0.05
Tpa_1548	1804	324	0.18
Tpa_1550	18228	3753	0.21
Tpa_1585	70902	64754	0.91
Tpa_1593	3641	1045	0.29
Tpa_1606	22419	670	0.03
Tpa_1638	6221	412	0.07
Tpa_1646	43275	1806	0.04
Tpa_1662	30972	4634	0.15
Tpa_1678	16138	10760	0.67
Tpa_1689	7588	1773	0.23
Tpa_1703	117	2	0.02
Tpa_1731	33393	7322	0.22
Tpa_1774	7194	5262	0.73
Tpa_1775	17682	628	0.04
Tpa_1804	412510	10398	0.03
Tpa_1818	25934	420	0.02
Tpa_1831	4474	4333	0.97
Tpa_1832	910	893	0.98
Tpa_1843	44283	1277	0.03
Tpa_1847	227173	4	0.00
Tpa_1891	3847	2454	0.64
Tpa_1896	5380	897	0.17
Tpa_1917	1332	294	0.22
Tpa_1930	1534	1413	0.92
Tpa_1966	6280	2273	0.36
Tpa_2006	16047	15416	0.96
Tpa_2010	46174	2975	0.06
Tpa_2021	128597	8587	0.07
Tpa_2034	2167	1998	0.92
Tpa_2040	16016	12508	0.78
Tpa_2041	104988	6120	0.06
Tpa_2073	2352	116	0.05
Tpa_2076	12545	1354	0.11
Tpa_2096	1625	1550	0.95
Tpa_2128	5925	5377	0.91
Tpa_2157	4164	3442	0.83
Tpa_2180	10586	1489	0.14
Tpa_2194	1342	1283	0.96
Tpa_2207	2116	2034	0.96
Tpa_2254	6558	1782	0.27
Tpa_2278	2881	2649	0.92
Tpa_2334	34871	9	0.00
Tpa_2344	27550	6662	0.24
Tpa_2353	2481	2153	0.87
Tpa_2368	66657	8599	0.13
Tpa_2412	30555	754	0.02
Tpa_2417	2123	1185	0.56
Tpa_2453	568	0	0.00
Tpa_2458	10282	6083	0.59
Tpa_2460	77823	171	0.00
Tpa_2470	34843	1842	0.05
Tpa_2483	71959	986	0.01
Tpa_2498	6383	413	0.06
Tpa_2509	9950	9545	0.96
Tpa_2518	1749	486	0.28
Tpa_2519	1351	533	0.39
Tpa_2523	32345	98	0.00
Tpa_2581	10480	8908	0.85
Tpa_2601	19504	18958	0.97
Tpa_2608	97359	4454	0.05
Tpa_2636	44408	337	0.01
Tpa_2639	87336	293	0.00
Tpa_2664	48417	313	0.01
Tpa_2702	17029	5941	0.35
Tpa_2712	48125	14518	0.30
Tpa_2734	18159	8165	0.45
Tpa_2741	163	31	0.19
Tpa_2745	46858	16403	0.35
Tpa_2763	5349	5182	0.97
Tpa_2845	90	71	0.79
Tpa_2854	7557	182	0.02
Tpa_2856	8315	939	0.11
Tpa_2861	3338	366	0.11
Tpa_2868	12700	216	0.02
Tpa_2900	10211	6970	0.68
Tpa_2907	4267	388	0.09
Tpa_2961	782	624	0.80
Tpa_2970	4234	379	0.09
Tpa_3004	24768	8722	0.35
Tpa_3011	46213	305	0.01
Tpa_3018	7856	1773	0.23
Tpa_3047	8971	680	0.08
Tpa_3055	17031	492	0.03
Tpa_3063	1294	133	0.10
Tpa_3129	5986	4310	0.72
Tpa_3149	28089	27350	0.97
Tpa_3193	4	3	0.75
Tpa_3197	189885	22876	0.12
Tpa_3200	6589	4722	0.72
Tpa_3235	1774	914	0.52
Tpa_3248	3128	2856	0.91
Tpa_3254	8205	1454	0.18
Tpa_3262	7719	5772	0.75
Tpa_3263	83067	239	0.00
Tpa_3310	98044	3822	0.04
Tpa_3347	625	195	0.31
Tpa_3354	643	629	0.98
Tpa_3364	4795	2973	0.62
Tpa_3385	476	348	0.73
Tpa_3414	167229	23	0.00
Tpa_3439	14424	6272	0.43
Tpa_3502	35	8	0.23
Tpa_3561	213	139	0.65
Tpa_3569	1339	1300	0.97
Tpa_3578	35605	3447	0.10
Tpa_3583	2149	954	0.44
Tpa_3616	1812	1092	0.60
Tpa_3674	14453	7398	0.51
Tpa_3676	19750	2107	0.11
Tpa_3679	1983	547	0.28
Tpa_3684	2762	27	0.01
Tpa_3705	33394	1448	0.04
Tpa_3723	129	116	0.90
Tpa_3737	3684	198	0.05
Tpa_3745	22341	16889	0.76
Tpa_3795	3375	778	0.23
Tpa_3846	16654	8129	0.49
Tpa_3862	452	154	0.34
Tpa_3871	21523	2781	0.13
Tpa_3879	7660	6790	0.89
Tpa_3905	7745	256	0.03
Tpa_3926	69959	688	0.01
Tpa_3937	9722	7990	0.82
Tpa_3962	22908	19859	0.87
Tpa_3974	4090	2396	0.59
Tpa_4020	1401	1257	0.90
Tpa_4021	2830	2398	0.85
Tpa_4022	5498	3720	0.68
Tpa_4055	9975	470	0.05
Tpa_4077	118882	778	0.01
Tpa_4120	11899	4682	0.39
Tpa_4126	4774	1827	0.38
Tpa_4137	10033	6873	0.69
Tpa_4148	103901	364	0.00
Tpa_4168	7328	525	0.07
Tpa_4176	3701	1004	0.27
Tpa_4178	3038	469	0.15
Tpa_4209	3381	1379	0.41
Tpa_4221	1935	60	0.03
Tpa_4230	67916	2422	0.04
Tpa_4245	11818	21	0.00
Tpa_4246	12112	5623	0.46
Tpa_4247	7528	1145	0.15
Tpa_4268	335766	321934	0.96
Tpa_4291	4839	4296	0.89
Tpa_4295	2007	1581	0.79
Tpa_4310	91875	2258	0.02
Tpa_4316	7250	4422	0.61
Tpa_4353	19424	3609	0.19
Tpa_4356	19005	12750	0.67
Tpa_4380	13510	10952	0.81
Tpa_4384	72408	65765	0.91
Tpa_4394	27109	22045	0.81
Tpa_4416	16694	5375	0.32
Tpa_4425	47949	243	0.01
Tpa_4443	5615	5143	0.92
Tpa_4454	21609	2711	0.13
Tpa_4467	128050	859	0.01
Tpa_4495	15314	14518	0.95
Tpa_4506	1619	268	0.17
Tpa_4511	22775	4962	0.22
Tpa_4549	169953	173	0.00
Tpa_4556	2204	2059	0.93
Tpa_4569	40511	2745	0.07
Tpa_4582	38916	3956	0.10
Tpa_4590	142626	88332	0.62
Tpa_4591	35398	6827	0.19
Tpa_4592	42158	1171	0.03
Tpa_4593	18285	2597	0.14
Tpa_4595	2203	1585	0.72
Tpa_4599	332294	313448	0.94
Tpa_4633	50248	3784	0.08
Tpa_4637	15331	286	0.02
Tpa_4668	17636	468	0.03
Tpa_4678	46328	14680	0.32
Tpa_4697	9278	8817	0.95
Tpa_4713	90375	28622	0.32
Tpa_4731	19547	677	0.03
Tpa_4747	5822	559	0.10
Tpa_4749	1854	814	0.44
Tpa_4804	8042	1174	0.15
Tpa_4849	4242	1836	0.43
Tpa_4862	21923	8073	0.37
Tpa_4885	11954	134	0.01
Tpa_4886	77580	487	0.01
Tpa_4900	21235	4368	0.21
Tpa_4920	83097	28	0.00
Tpa_4928	154247	27201	0.18
Tpa_4936	17595	14996	0.85
Tpa_4985	6732	564	0.08
Tpa_5002	34226	12882	0.38
Tpa_5015	959	131	0.14
Tpa_5022	3538	3441	0.97
Tpa_5057	9966	8410	0.84
Tpa_5069	784293	2725	0.00
Tpa_5075	4287	3980	0.93
Tpa_5104	428	382	0.89
Tpa_5106	22705	9342	0.41
Tpa_5118	28351	152	0.01
Tpa_5138	119036	22473	0.19
Tpa_5144	4059	1813	0.45
Tpa_5167	4209	2102	0.50
Tpa_5196	1683	560	0.33
Tpa_5205	6769	3917	0.58
Tpa_5206	127886	1698	0.01
Tpa_5218	19493	7960	0.41
Tpa_5222	15096	12988	0.86
Tpa_5228	1297	1033	0.80
Tpa_5241	4884	4456	0.91
Tpa_5242	8488	5786	0.68
Tpa_5244	16631	13507	0.81
Tpa_5249	30749	13808	0.45
Tpa_5270	246	238	0.97
Tpa_5278	10102	9472	0.94
Tpa_5279	19445	1873	0.10
Tpa_5292	18023	14415	0.80
Tpa_5298	31909	4429	0.14
Tpa_5327	11074	8560	0.77
Tpa_5360	80673	5977	0.07
Tpa_5361	12401	5069	0.41
Tpa_5373	11831	1758	0.15
Tpa_5379	508819	304488	0.60
Tpa_5382	78772	65092	0.83
Tpa_5418	13012	7079	0.54
Tpa_5441	21180	6117	0.29
Tpa_5445	4899	4660	0.95
Tpa_5446	2307	1591	0.69
Tpa_5454	59159	55680	0.94
Tpa_5471	13475	6207	0.46
Tpa_5485	3822	454	0.12
Tpa_5501	119725	13635	0.11
Tpa_5525	175556	4937	0.03
Tpa_5538	271	259	0.96
Tpa_5540	37909	15148	0.40
Tpa_5542	11119	8826	0.79
Tpa_5563	1978	1590	0.80
Tpa_5565	152417	74082	0.49
Tpa_5570	17846	148	0.01
Tpa_5574	115919	316	0.00
Tpa_5588	2358	1321	0.56
Tpa_5594	15454	5530	0.36
Tpa_5601	147953	12949	0.09
Tpa_5609	2505	375	0.15
Tpa_5623	4597	2895	0.63
Tpa_5636	10272	2619	0.25
Tpa_5651	9199	5861	0.64
Tpa_5679	2452	1480	0.60
Tpa_5741	40591	770	0.02
Tpa_5747	332217	104835	0.32
Tpa_5761	20384	14541	0.71
Tpa_5774	86017	12975	0.15
Tpa_5786	5350	4932	0.92
Tpa_5795	118621	26	0.00
Tpa_5796	4508	3501	0.78
Tpa_5823	121189	60025	0.50
Tpa_5827	27424	11284	0.41
Tpa_5829	11226	10419	0.93
Tpa_5838	8013	6269	0.78
Tpa_5854	327	3	0.01
Tpa_5856	2552	2064	0.81
Tpa_5863	8560	6659	0.78
Tpa_5868	7522	4156	0.55
Tpa_5878	149211	3226	0.02
Tpa_5913	56808	44193	0.78
Tpa_5916	21078	14743	0.70
Tpa_5917	6553	4266	0.65
Tpa_5942	9245	5172	0.56
Tpa_5951	0	0	NA
Tpa_5961	1930	223	0.12
Tpa_5978	86731	1031	0.01
Tpa_5980	1723	1010	0.59
Tpa_6003	976800	28289	0.03
Tpa_6016	45532	538	0.01
Tpa_6076	17553	2034	0.12
Tpa_6083	5647	5046	0.89
Tpa_6137	1547	872	0.56
Tpa_6139	54001	10906	0.20
Tpa_6150	383	340	0.89
Tpa_6158	29845	3533	0.12
Tpa_6169	119812	4327	0.04
Tpa_6172	83409	3420	0.04
Tpa_6204	5271	56	0.01
Tpa_6220	0	0	NA
Tpa_6222	2157	1961	0.91
Tpa_6224	45146	26219	0.58
Tpa_6265	544	304	0.56
Tpa_6270	6973	1166	0.17
Tpa_6285	516	138	0.27
Tpa_6321	0	0	NA
Tpa_6352	336	48	0.14
Tpa_6355	131546	8333	0.06
Tpa_6384	2018	164	0.08
Tpa_6385	71152	1135	0.02
Tpa_6388	318	303	0.95
Tpa_6391	10326	3361	0.33
Tpa_6411	450	55	0.12
Tpa_6422	117092	1881	0.02
Tpa_6442	114073	34379	0.30
Tpa_6445	384	26	0.07
Tpa_6449	3192	159	0.05
Tpa_6451	5877	403	0.07
Tpa_6453	6175	2321	0.38
Tpa_6487	12780	5694	0.45
Tpa_6493	68460	2570	0.04
Tpa_6511	93033	2971	0.03
Tpa_6528	42743	685	0.02
Tpa_6543	125716	153	0.00
Tpa_6562	118846	2930	0.02
Tpa_6565	14247	11637	0.82
Tpa_6586	6712	1957	0.29
Tpa_6591	7421	7010	0.94
Tpa_6604	599	17	0.03
Tpa_6611	31	0	0.00
Tpa_6630	58049	5702	0.10
Tpa_6654	485	313	0.65
Tpa_6683	469	29	0.06
Tpa_6687	2194	740	0.34
Tpa_6689	552831	6347	0.01
Tpa_6713	103906	6333	0.06
Tpa_6733	6099	5926	0.97
Tpa_6768	45188	39705	0.88
Tpa_6773	138506	33949	0.25
Tpa_6774	6752	4631	0.69
Tpa_6786	26864	15150	0.56
Tpa_6814	22037	5040	0.23
Tpa_6816	12771	11688	0.92
Tpa_6853	181194	1352	0.01
Tpa_6887	20186	2708	0.13
Tpa_6922	167059	18043	0.11
Tpa_6937	56789	26834	0.47
Tpa_6963	27539	26566	0.96
Tpa_6973	13147	10062	0.77
Tpa_7007	989	85	0.09
Tpa_7010	37958	34297	0.90
Tpa_7018	5146	3249	0.63
Tpa_7052	121643	119401	0.98
Tpa_7058	63388	4179	0.07
Tpa_7062	5206	4242	0.81
Tpa_7080	43744	33423	0.76
Tpa_7082	1627	1588	0.98
Tpa_7090	5042	4678	0.93
Tpa_7106	254479	1643	0.01
Tpa_7153	323	279	0.86
Tpa_7157	39952	17823	0.45
Tpa_7201	156231	44873	0.29
Tpa_7204	49085	17971	0.37
Tpa_7210	55443	13233	0.24
Tpa_7213	179410	152267	0.85
Tpa_7221	94282	3569	0.04
Tpa_7240	95614	7310	0.08
Tpa_7289	183198	10445	0.06
Tpa_7291	159758	538	0.00
Tpa_7293	2853	372	0.13
Tpa_7331	464	17	0.04
Tpa_7348	134241	2392	0.02
Tpa_7352	219	17	0.08
Tpa_7367	14685	12513	0.85
Tpa_7375	79041	24872	0.31
Tpa_7391	389536	160223	0.41
Tpa_7406	198	3	0.02
Tpa_7413	385	367	0.95
Tpa_7417	10903	10602	0.97
Tpa_7425	54883	6662	0.12
Tpa_7447	6556	160	0.02
Tpa_7450	689	17	0.02
Tpa_7452	7971	2411	0.30
Tpa_7454	78476	13657	0.17
Tpa_7461	19816	2622	0.13
Tpa_7477	8432	6162	0.73
Tpa_7479	26712	21891	0.82
Tpa_7483	106571	48908	0.46
Tpa_7495	1854	1720	0.93
Tpa_7496	809776	143	0.00
Tpa_7533	15068	13879	0.92
Tpa_7540	25845	18707	0.72
Tpa_7553	20309	18159	0.89
Tpa_7560	13958	6564	0.47
Tpa_7566	157452	152314	0.97
Tpa_7567	19609	2008	0.10
Tpa_7571	24315	10973	0.45
Tpa_7586	139082	130905	0.94
Tpa_7594	2501	2361	0.94
Tpa_7597	109747	107328	0.98
Tpa_7601	31975	0	0.00
Tpa_7604	28422	4747	0.17
Tpa_7605	206633	12278	0.06
Tpa_7615	22793	21189	0.93
Tpa_7652	606	538	0.89
Tpa_7653	1706	1273	0.75
Tpa_7657	9556	8218	0.86
Tpa_7665	51	24	0.47
Tpa_7686	331338	318451	0.96
Tpa_7690	203048	197470	0.97
Tpa_7691	9428	671	0.07
Tpa_7703	37640	1946	0.05
Tpa_7755	273149	5483	0.02
Tpa_7757	1245	34	0.03
Tpa_7764	136621	47395	0.35
Tpa_7765	35959	1018	0.03
Tpa_7769	33165	31069	0.94
Tpa_7772	4240	1	0.00
Tpa_7798	72579	7471	0.10
Tpa_7799	57306	1087	0.02
Tpa_7805	2873	2588	0.90
Tpa_7807	32482	3357	0.10
Tpa_7814	142738	21842	0.15
Tpa_7825	63938	61189	0.96
Tpa_7848	13140	4088	0.31
Tpa_7871	5500	779	0.14
Tpa_7910	12329	2847	0.23
