Locus_ID	AvgReadDepth	GenotypeRate	minAF	majAF	alleles	allFreqs	conScore
1	Tpa_0010_1	10.7378640776699	0.294736842105263	0.1875	0.8125	A,G	0.81,0.19	0.0588235294117647
2	Tpa_0012_1	25.3776223776224	0.5	0.0157894736842105	0.984210526315789	C,A	0.02,0.98	0
3	Tpa_0024_1	1.8	0.00526315789473684	0	1	A,C	1,0	NA
4	Tpa_0035_1	9.75	0.226315789473684	0	1	T,C	0,1	NA
5	Tpa_0037_1	5.23728813559322	0.126315789473684	0.333333333333333	0.666666666666667	A,C	0.67,0.33	0
6	Tpa_0095_1	182.510869565217	0.926315789473684	0.0681818181818182	0.931818181818182	G,A	0.07,0.93	0.15
7	Tpa_0151_1	432.481081081081	0.957894736842105	0.0384615384615385	0.961538461538462	G,A	0.04,0.96	0.0714285714285714
8	Tpa_0183_1	190.385542168675	0.684210526315789	0.192307692307692	0.807692307692308	C,A	0.81,0.19	0.131578947368421
9	Tpa_0186_1	15.3571428571429	0.278947368421053	0.0754716981132075	0.924528301886792	C,A	0.08,0.92	0
10	Tpa_0215_1	1	0	NA	NA	A,C	NaN,NaN	NA
11	Tpa_0226_1	3.30555555555556	0.0263157894736842	0.1	0.9	C,A	0.1,0.9	0
12	Tpa_0228_1	3.17647058823529	0.068421052631579	0.0769230769230769	0.923076923076923	T,A	0.08,0.92	0
13	Tpa_0263_1	12.7802197802198	0.278947368421053	0.245283018867925	0.754716981132076	C,G	0.25,0.75	0
14	Tpa_0269_1	7.77464788732394	0.173684210526316	0.287878787878788	0.712121212121212	G,A	0.29,0.71	0
15	Tpa_0272_1	4.28571428571429	0.0105263157894737	0	1	A,C	1,0	NA
16	Tpa_0301_1	243.727272727273	0.936842105263158	0.0196629213483146	0.980337078651685	G,T	0.98,0.02	0.714285714285714
17	Tpa_0342_1	33.7668711656442	0.678947368421053	0.248062015503876	0.751937984496124	C,T	0.75,0.25	0.0416666666666667
18	Tpa_0346_1	13.7837837837838	0.226315789473684	0.104651162790698	0.895348837209302	A,C	0.9,0.1	0.111111111111111
19	Tpa_0358_1	17.4344262295082	0.352631578947368	0.0746268656716418	0.925373134328358	A,C	0.93,0.07	0
20	Tpa_0366_1	17.2173913043478	0.626315789473684	0.0588235294117647	0.941176470588235	T,C	0.94,0.06	0
21	Tpa_0367_1	11.990099009901	0.263157894736842	0.03	0.97	C,T	0.97,0.03	0
22	Tpa_0371_1	30.5918367346939	0.5	0.0315789473684211	0.968421052631579	C,T	0.97,0.03	0
23	Tpa_0395_1	27.6716417910448	0.457894736842105	0.0114942528735632	0.988505747126437	G,A	0.01,0.99	0
24	Tpa_0409_1	5.59523809523809	0.0894736842105263	0.235294117647059	0.764705882352941	T,C	0.76,0.24	0
25	Tpa_0427_1	16.4065040650407	0.415789473684211	0.493670886075949	0.506329113924051	C,T	0.51,0.49	0.0952380952380952
26	Tpa_0429_1	9.82716049382716	0.210526315789474	0	1	G,C	0,1	NA
27	Tpa_0438_1	7.52272727272727	0.184210526315789	0.1	0.9	A,C	0.1,0.9	0
28	Tpa_0439_1	157.624203821656	0.678947368421053	0.255813953488372	0.744186046511628	G,C	0.74,0.26	0.0869565217391304
29	Tpa_0474_1	3.35714285714286	0.0105263157894737	0	1	A,T	1,0	NA
30	Tpa_0492_1	9.953125	0.178947368421053	0	1	C,G	1,0	NA
31	Tpa_0500_1	6.58333333333333	0.0894736842105263	0.205882352941176	0.794117647058823	A,C	0.79,0.21	0
32	Tpa_0540_1	6.23076923076923	0.110526315789474	0.261904761904762	0.738095238095238	G,C	0.26,0.74	0
33	Tpa_0547_1	43.3076923076923	0.542105263157895	0.0436893203883495	0.956310679611651	G,A	0.04,0.96	0
34	Tpa_0556_1	5.82692307692308	0.0947368421052632	0	1	C,T	1,0	NA
35	Tpa_0569_1	25.9403973509934	0.58421052631579	0.279279279279279	0.720720720720721	A,G	0.72,0.28	0.134615384615385
36	Tpa_0584_1	30.76	0.373684210526316	0.0422535211267606	0.957746478873239	C,G	0.96,0.04	0
37	Tpa_0592_1	172.111731843575	0.884210526315789	0.0863095238095238	0.913690476190476	A,G	0.91,0.09	0.172413793103448
38	Tpa_0650_1	6.20634920634921	0.121052631578947	0.0652173913043478	0.934782608695652	G,A	0.07,0.93	1
39	Tpa_0671_1	24.4113475177305	0.457894736842105	0.137931034482759	0.862068965517241	C,G	0.86,0.14	0.166666666666667
40	Tpa_0678_1	1.93333333333333	0.0157894736842105	0.333333333333333	0.666666666666667	G,A	0.33,0.67	NA
41	Tpa_0687_1	26.2767857142857	0.394736842105263	0.126666666666667	0.873333333333333	C,T	0.87,0.13	0.0666666666666667
42	Tpa_0730_1	11.5340909090909	0.236842105263158	0.177777777777778	0.822222222222222	G,C	0.18,0.82	0.1
43	Tpa_0743_1	12.8976377952756	0.378947368421053	0	1	C,A	0,1	NA
44	Tpa_0763_1	26.6525423728814	0.415789473684211	0.139240506329114	0.860759493670886	C,A	0.14,0.86	0.0625
45	Tpa_0768_1	2.51724137931034	0.110526315789474	0	1	G,A	0,1	NA
46	Tpa_0791_1	34.9640287769784	0.5	0.0473684210526316	0.952631578947368	G,A	0.05,0.95	0.222222222222222
47	Tpa_0826_1	2.50684931506849	0.1	0.157894736842105	0.842105263157895	G,C	0.16,0.84	0
48	Tpa_0866_1	405.89417989418	0.984210526315789	0.0775401069518717	0.922459893048128	C,T	0.92,0.08	0.76
49	Tpa_0868_1	1.14285714285714	0.00526315789473684	0.5	0.5	A,T	0.5,0.5	0
50	Tpa_0882_1	4.375	0.0263157894736842	0.5	0.5	A,T	0.5,0.5	0
51	Tpa_0888_1	22.8041958041958	0.442105263157895	0.0238095238095238	0.976190476190476	G,A	0.02,0.98	0
52	Tpa_0895_1	12.4342105263158	0.2	0.0131578947368421	0.986842105263158	G,A	0.01,0.99	0
53	Tpa_0905_1	26.3478260869565	0.505263157894737	0.0833333333333333	0.916666666666667	T,C	0.92,0.08	0
54	Tpa_0912_1	3.15384615384615	0.0210526315789474	0	1	C,A	0,1	NA
55	Tpa_0929_1	5.65909090909091	0.1	0	1	G,A	0,1	NA
56	Tpa_0936_1	12.3253012048193	0.236842105263158	0.0777777777777778	0.922222222222222	C,T	0.92,0.08	0
57	Tpa_0953_1	119.622222222222	0.910526315789474	0.0809248554913295	0.919075144508671	C,T	0.92,0.08	0.107142857142857
58	Tpa_0970_1	2	0.0105263157894737	0	1	A,C	1,0	NA
59	Tpa_0973_1	2.41666666666667	0.0105263157894737	0	1	T,G	0,1	NA
60	Tpa_0979_1	32.0104166666667	0.3	0.0526315789473684	0.947368421052632	C,G	0.95,0.05	0
61	Tpa_1007_1	20.5189873417722	0.268421052631579	0.323529411764706	0.676470588235294	T,C	0.68,0.32	0
62	Tpa_1022_1	28.8137254901961	0.373684210526316	0	1	G,A	0,1	NA
63	Tpa_1042_1	9.28571428571429	0.0894736842105263	0.0294117647058824	0.970588235294118	G,A	0.03,0.97	0
64	Tpa_1071_1	10.3521126760563	0.205263157894737	0.192307692307692	0.807692307692308	A,C	0.81,0.19	0
65	Tpa_1077_1	15.2027972027972	0.531578947368421	0.118811881188119	0.881188118811881	C,T	0.88,0.12	0.0555555555555556
66	Tpa_1082_1	446.737967914439	0.978947368421053	0.0860215053763441	0.913978494623656	C,T	0.91,0.09	0.6875
67	Tpa_1098_1	2.41666666666667	0.0210526315789474	0.125	0.875	A,C	0.88,0.12	0
68	Tpa_1112_1	29.1386138613861	0.326315789473684	0.104838709677419	0.895161290322581	G,A	0.1,0.9	0.0769230769230769
69	Tpa_1136_1	1.25	0	NA	NA	T,G	NaN,NaN	NA
70	Tpa_1144_1	16.0079365079365	0.363157894736842	0.123188405797101	0.876811594202899	G,T	0.88,0.12	0
71	Tpa_1154_1	31.6638655462185	0.421052631578947	0.25625	0.74375	C,T	0.26,0.74	0.16
72	Tpa_1156_1	1.25	0.00526315789473684	0	1	G,A	0,1	NA
73	Tpa_1187_1	15.9368421052632	0.310526315789474	0.0677966101694915	0.932203389830508	C,T	0.93,0.07	0
74	Tpa_1268_1	18.7982456140351	0.368421052631579	0.0285714285714286	0.971428571428571	T,A	0.03,0.97	0
75	Tpa_1290_1	NA	0	NA	NA	C,T	NaN,NaN	NA
76	Tpa_1304_1	32.7727272727273	0.315789473684211	0.175	0.825	A,G	0.17,0.82	0.0476190476190476
77	Tpa_1305_1	1.66666666666667	0	NA	NA	A,T	NaN,NaN	NA
78	Tpa_1310_1	15.112676056338	0.242105263157895	0.0543478260869565	0.945652173913043	C,T	0.95,0.05	0
79	Tpa_1312_1	30.6824324324324	0.552631578947368	0.019047619047619	0.980952380952381	C,T	0.98,0.02	0
80	Tpa_1320_1	16.3076923076923	0.0315789473684211	0	1	T,C	0,1	NA
81	Tpa_1341_1	6.20833333333333	0.110526315789474	0.0476190476190476	0.952380952380952	C,T	0.95,0.05	0
82	Tpa_1357_1	33.5555555555556	0.457894736842105	0.0229885057471264	0.977011494252874	G,C	0.02,0.98	0
83	Tpa_1359_1	8.17204301075269	0.257894736842105	0.0918367346938776	0.908163265306122	A,G	0.91,0.09	0.111111111111111
84	Tpa_1394_1	5	0.0736842105263158	0.214285714285714	0.785714285714286	G,A	0.21,0.79	0.166666666666667
85	Tpa_1404_1	3.16666666666667	0.0368421052631579	0	1	C,T	1,0	NA
86	Tpa_1443_1	2.25	0.0368421052631579	0.285714285714286	0.714285714285714	A,G	0.29,0.71	0
87	Tpa_1486_1	16.7416666666667	0.378947368421053	0.0902777777777778	0.909722222222222	T,C	0.09,0.91	0
88	Tpa_1515_1	9.60747663551402	0.278947368421053	0.207547169811321	0.792452830188679	A,C	0.79,0.21	0.166666666666667
89	Tpa_1528_1	7.37662337662338	0.178947368421053	0.191176470588235	0.808823529411765	G,T	0.81,0.19	0
90	Tpa_1542_1	35.3795620437956	0.536842105263158	0.0147058823529412	0.985294117647059	C,G	0.99,0.01	0
91	Tpa_1548_1	5.49152542372881	0.115789473684211	0.25	0.75	T,G	0.25,0.75	0
92	Tpa_1550_1	24.6907894736842	0.594736842105263	0.0265486725663717	0.973451327433628	C,G	0.97,0.03	0.333333333333333
93	Tpa_1585_1	344.436170212766	0.978947368421053	0.0752688172043011	0.924731182795699	T,C	0.92,0.08	0.1875
94	Tpa_1593_1	10.6632653061224	0.278947368421053	0.320754716981132	0.679245283018868	G,A	0.32,0.68	0
95	Tpa_1606_1	6.97916666666667	0.215789473684211	0.0975609756097561	0.902439024390244	T,G	0.1,0.9	0
96	Tpa_1638_1	6.05882352941176	0.142105263157895	0.0925925925925926	0.907407407407407	C,G	0.91,0.09	0
97	Tpa_1646_1	12.9928057553957	0.5	0.0473684210526316	0.952631578947368	C,T	0.95,0.05	0.2
98	Tpa_1662_1	32.4055944055944	0.536842105263158	0.0931372549019608	0.906862745098039	G,A	0.09,0.91	0.0666666666666667
99	Tpa_1678_1	60.7909604519774	0.778947368421053	0.0574324324324324	0.942567567567568	C,T	0.94,0.06	0.0666666666666667
100	Tpa_1689_1	13.7441860465116	0.378947368421053	0.152777777777778	0.847222222222222	C,T	0.85,0.15	0.0625
101	Tpa_1703_1	1	0	NA	NA	A,G	NaN,NaN	NA
102	Tpa_1731_1	43.0705882352941	0.721052631578947	0.0255474452554745	0.974452554744526	C,A	0.03,0.97	0.142857142857143
103	Tpa_1774_1	32.4814814814815	0.573684210526316	0.00917431192660551	0.990825688073395	C,T	0.99,0.01	0
104	Tpa_1775_1	11.4181818181818	0.194736842105263	0.216216216216216	0.783783783783784	C,T	0.78,0.22	NA
105	Tpa_1804_1	61.8928571428571	0.710526315789474	0.222222222222222	0.777777777777778	C,G	0.78,0.22	0.15
106	Tpa_1818_1	6.88524590163934	0.152631578947368	0.206896551724138	0.793103448275862	G,A	0.79,0.21	0
107	Tpa_1831_1	27.775641025641	0.5	0.0526315789473684	0.947368421052632	G,T	0.95,0.05	0
108	Tpa_1832_1	11.5974025974026	0.189473684210526	0.0277777777777778	0.972222222222222	A,G	0.97,0.03	0
109	Tpa_1843_1	13.1649484536082	0.273684210526316	0.0576923076923077	0.942307692307692	C,T	0.94,0.06	0
110	Tpa_1847_1	1	0	NA	NA	T,A	NaN,NaN	NA
111	Tpa_1891_1	18.0441176470588	0.4	0.0263157894736842	0.973684210526316	C,A	0.03,0.97	0
112	Tpa_1896_1	9.34375	0.268421052631579	0.0392156862745098	0.96078431372549	A,G	0.04,0.96	0
113	Tpa_1917_1	5.44444444444444	0.136842105263158	0.365384615384615	0.634615384615385	C,T	0.63,0.37	0
114	Tpa_1930_1	12.6160714285714	0.326315789473684	0.258064516129032	0.741935483870968	A,G	0.26,0.74	0
115	Tpa_1966_1	41.3272727272727	0.178947368421053	0.205882352941176	0.794117647058823	C,T	0.21,0.79	0.5
116	Tpa_2006_1	86.6067415730337	0.857894736842105	0.116564417177914	0.883435582822086	C,T	0.88,0.12	0.117647058823529
117	Tpa_2010_1	27.0454545454545	0.352631578947368	0	1	C,G	1,0	NA
118	Tpa_2021_1	51.7289156626506	0.752631578947368	0.0664335664335664	0.933566433566434	C,T	0.93,0.07	0
119	Tpa_2034_1	24.6666666666667	0.3	0	1	A,T	1,0	NA
120	Tpa_2040_1	71.0681818181818	0.831578947368421	0.151898734177215	0.848101265822785	T,A	0.15,0.85	0.0789473684210526
121	Tpa_2041_1	35.3757225433526	0.736842105263158	0.00357142857142857	0.996428571428571	C,A	0,1	0
122	Tpa_2073_1	3.625	0.0368421052631579	0.142857142857143	0.857142857142857	G,A	0.14,0.86	0
123	Tpa_2076_1	9.7410071942446	0.347368421052632	0.0454545454545455	0.954545454545455	C,A	0.05,0.95	0
124	Tpa_2096_1	16.8478260869565	0.273684210526316	0.0865384615384615	0.913461538461538	G,A	0.09,0.91	0
125	Tpa_2128_1	53.2376237623762	0.384210526315789	0.0753424657534247	0.924657534246575	G,T	0.92,0.08	0.181818181818182
126	Tpa_2157_1	23.2567567567568	0.536842105263158	0.0490196078431373	0.950980392156863	A,C	0.95,0.05	0
127	Tpa_2180_1	12.008064516129	0.384210526315789	0.0479452054794521	0.952054794520548	C,T	0.05,0.95	0.142857142857143
128	Tpa_2194_1	14.7471264367816	0.268421052631579	0.343137254901961	0.656862745098039	A,G	0.66,0.34	0
129	Tpa_2207_1	16.95	0.336842105263158	0.203125	0.796875	G,T	0.8,0.2	0
130	Tpa_2254_1	18.9574468085106	0.273684210526316	0.134615384615385	0.865384615384615	C,G	0.87,0.13	0
131	Tpa_2278_1	21.8925619834711	0.347368421052632	0.143939393939394	0.856060606060606	G,A	0.14,0.86	0.0666666666666667
132	Tpa_2334_1	1.5	0.00526315789473684	0	1	C,T	1,0	NA
133	Tpa_2344_1	40.3757575757576	0.731578947368421	0.0287769784172662	0.971223021582734	G,A	0.03,0.97	0
134	Tpa_2353_1	14.7465753424658	0.526315789473684	0.11	0.89	C,G	0.89,0.11	0
135	Tpa_2368_1	52.4329268292683	0.715789473684211	0	1	A,G	0,1	NA
136	Tpa_2412_1	7.69387755102041	0.236842105263158	0.0111111111111111	0.988888888888889	G,A	0.01,0.99	0
137	Tpa_2417_1	9.48	0.315789473684211	0.0166666666666667	0.983333333333333	A,G	0.02,0.98	0
138	Tpa_2453_1	NA	0	NA	NA	T,C	NaN,NaN	NA
139	Tpa_2458_1	49.4552845528455	0.5	0.0315789473684211	0.968421052631579	C,T	0.97,0.03	0
140	Tpa_2460_1	5.7	0.0578947368421053	0	1	G,A	0,1	NA
141	Tpa_2470_1	12.9718309859155	0.442105263157895	0.0654761904761905	0.93452380952381	C,T	0.93,0.07	0
142	Tpa_2483_1	10.8351648351648	0.289473684210526	0.1	0.9	C,T	0.9,0.1	0
143	Tpa_2498_1	7.375	0.121052631578947	0.152173913043478	0.847826086956522	C,G	0.85,0.15	0
144	Tpa_2509_1	55.4941860465116	0.8	0.194078947368421	0.805921052631579	C,T	0.81,0.19	0.0784313725490196
145	Tpa_2518_1	5.78571428571429	0.157894736842105	0.15	0.85	T,C	0.15,0.85	0
146	Tpa_2519_1	7.95522388059702	0.178947368421053	0.0294117647058824	0.970588235294118	A,T	0.97,0.03	0
147	Tpa_2523_1	3.5	0.0315789473684211	0.0833333333333333	0.916666666666667	A,G	0.92,0.08	0
148	Tpa_2581_1	58.6052631578947	0.615789473684211	0.115384615384615	0.884615384615385	T,C	0.12,0.88	0.12
149	Tpa_2601_1	102.475675675676	0.905263157894737	0.409883720930233	0.590116279069767	T,C	0.59,0.41	0.188235294117647
150	Tpa_2608_1	26.9939393939394	0.710526315789474	0.233333333333333	0.766666666666667	A,C	0.77,0.23	0.024390243902439
151	Tpa_2636_1	5.81034482758621	0.121052631578947	0	1	A,T	1,0	NA
152	Tpa_2639_1	5.74509803921569	0.1	0.0526315789473684	0.947368421052632	G,A	0.05,0.95	0
153	Tpa_2664_1	6.01923076923077	0.1	0.0263157894736842	0.973684210526316	C,T	0.97,0.03	0
154	Tpa_2702_1	38.5779220779221	0.605263157894737	0.0565217391304348	0.943478260869565	C,T	0.94,0.06	0
155	Tpa_2712_1	79.7692307692308	0.873684210526316	0.0421686746987952	0.957831325301205	G,A	0.04,0.96	0.0714285714285714
156	Tpa_2734_1	64.2913385826772	0.431578947368421	0.182926829268293	0.817073170731707	T,G	0.82,0.18	0.571428571428571
157	Tpa_2741_1	2.81818181818182	0.0210526315789474	0.125	0.875	A,C	0.12,0.88	0
158	Tpa_2745_1	89.1467391304348	0.910526315789474	0.248554913294798	0.751445086705202	G,A	0.75,0.25	0
159	Tpa_2763_1	41.456	0.426315789473684	0.0185185185185185	0.981481481481482	A,T	0.98,0.02	0
160	Tpa_2845_1	2.62962962962963	0.0157894736842105	0	1	T,G	0,1	NA
161	Tpa_2854_1	5.87096774193548	0.0631578947368421	0.125	0.875	C,T	0.88,0.12	0
162	Tpa_2856_1	12.3552631578947	0.210526315789474	0.15	0.85	C,T	0.85,0.15	0
163	Tpa_2861_1	7.78723404255319	0.136842105263158	0.0192307692307692	0.980769230769231	G,A	0.02,0.98	0
164	Tpa_2868_1	6.17142857142857	0.068421052631579	0.0384615384615385	0.961538461538462	C,T	0.96,0.04	0
165	Tpa_2900_1	42.5	0.721052631578947	0.0364963503649635	0.963503649635037	G,A	0.04,0.96	0.125
166	Tpa_2907_1	7.18518518518519	0.136842105263158	0.211538461538462	0.788461538461538	T,C	0.21,0.79	0
167	Tpa_2961_1	12.48	0.147368421052632	0.0357142857142857	0.964285714285714	A,G	0.96,0.04	0
168	Tpa_2970_1	6.21311475409836	0.178947368421053	0.0882352941176471	0.911764705882353	C,T	0.91,0.09	0
169	Tpa_3004_1	50.7093023255814	0.805263157894737	0.127450980392157	0.872549019607843	A,G	0.13,0.87	0.0967741935483871
170	Tpa_3011_1	8.02631578947368	0.0789473684210526	0.0666666666666667	0.933333333333333	G,A	0.07,0.93	0
171	Tpa_3018_1	15.972972972973	0.326315789473684	0.0241935483870968	0.975806451612903	G,T	0.98,0.02	0
172	Tpa_3047_1	7.81609195402299	0.205263157894737	0.153846153846154	0.846153846153846	C,G	0.85,0.15	0.25
173	Tpa_3055_1	8.33898305084746	0.142105263157895	0.0555555555555556	0.944444444444444	T,C	0.94,0.06	0
174	Tpa_3063_1	2.82978723404255	0.0368421052631579	0.214285714285714	0.785714285714286	A,T	0.79,0.21	0
175	Tpa_3129_1	31.231884057971	0.489473684210526	0.129032258064516	0.870967741935484	G,A	0.13,0.87	0
176	Tpa_3149_1	147.043010752688	0.942105263157895	0.106145251396648	0.893854748603352	A,G	0.89,0.11	0.0526315789473684
177	Tpa_3193_1	1.5	0	NA	NA	G,C	NaN,NaN	NA
178	Tpa_3197_1	125.692307692308	0.9	0.0380116959064327	0.961988304093567	T,C	0.04,0.96	0
179	Tpa_3200_1	29.6981132075472	0.621052631578947	0.13135593220339	0.86864406779661	C,T	0.87,0.13	0
180	Tpa_3235_1	14.28125	0.194736842105263	0.0945945945945946	0.905405405405405	C,T	0.91,0.09	0.142857142857143
181	Tpa_3248_1	18.2325581395349	0.678947368421053	0.12015503875969	0.87984496124031	C,T	0.12,0.88	0.290322580645161
182	Tpa_3254_1	15.3052631578947	0.284210526315789	0.037037037037037	0.962962962962963	G,T	0.96,0.04	0
183	Tpa_3262_1	35.8509316770186	0.657894736842105	0.228	0.772	G,T	0.77,0.23	0.162790697674419
184	Tpa_3263_1	4.50943396226415	0.0947368421052632	0.111111111111111	0.888888888888889	A,G	0.89,0.11	0
185	Tpa_3310_1	24.9803921568627	0.568421052631579	0.0648148148148148	0.935185185185185	C,T	0.94,0.06	0
186	Tpa_3347_1	4.23913043478261	0.068421052631579	0.423076923076923	0.576923076923077	C,T	0.42,0.58	0
187	Tpa_3354_1	7.48809523809524	0.157894736842105	0.0666666666666667	0.933333333333333	T,C	0.07,0.93	0
188	Tpa_3364_1	24.775	0.389473684210526	0.486486486486487	0.513513513513513	A,G	0.49,0.51	0.025
189	Tpa_3385_1	6.82352941176471	0.0842105263157895	0.0625	0.9375	C,T	0.94,0.06	0.5
190	Tpa_3414_1	1.53333333333333	0.0105263157894737	0	1	A,C	1,0	NA
191	Tpa_3439_1	40.2051282051282	0.6	0.0350877192982456	0.964912280701754	G,T	0.96,0.04	NA
192	Tpa_3502_1	1.14285714285714	0	NA	NA	A,G	NaN,NaN	NA
193	Tpa_3561_1	4.21212121212121	0.0368421052631579	0.0714285714285714	0.928571428571429	G,A	0.07,0.93	0
194	Tpa_3569_1	15.1162790697674	0.247368421052632	0.074468085106383	0.925531914893617	G,A	0.07,0.93	0
195	Tpa_3578_1	25.1605839416058	0.494736842105263	0.0372340425531915	0.962765957446808	G,A	0.04,0.96	0.142857142857143
196	Tpa_3583_1	11.3571428571429	0.221052631578947	0.0238095238095238	0.976190476190476	A,G	0.02,0.98	0
197	Tpa_3616_1	12.6976744186047	0.247368421052632	0	1	T,A	0,1	NA
198	Tpa_3674_1	47.4230769230769	0.626315789473684	0.0168067226890756	0.983193277310924	G,A	0.02,0.98	0
199	Tpa_3676_1	19.877358490566	0.326315789473684	0.00806451612903226	0.991935483870968	C,T	0.99,0.01	0
200	Tpa_3679_1	8.41538461538462	0.221052631578947	0.166666666666667	0.833333333333333	C,T	0.83,0.17	0.0833333333333333
201	Tpa_3684_1	1.92857142857143	0.0105263157894737	0	1	T,C	0,1	NA
202	Tpa_3705_1	15.9120879120879	0.289473684210526	0.0454545454545455	0.954545454545455	G,T	0.95,0.05	0
203	Tpa_3723_1	3.13513513513514	0.0473684210526316	0.333333333333333	0.666666666666667	A,G	0.33,0.67	0
204	Tpa_3737_1	4.95	0.0631578947368421	0.125	0.875	G,A	0.12,0.88	0
205	Tpa_3745_1	92.7967032967033	0.884210526315789	0.0416666666666667	0.958333333333333	G,A	0.04,0.96	0
206	Tpa_3795_1	8.64444444444444	0.205263157894737	0.166666666666667	0.833333333333333	G,A	0.17,0.83	0
207	Tpa_3846_1	45.6685393258427	0.815789473684211	0.132258064516129	0.867741935483871	C,T	0.87,0.13	0.0769230769230769
208	Tpa_3862_1	3.94871794871795	0.0368421052631579	0.142857142857143	0.857142857142857	T,C	0.14,0.86	NA
209	Tpa_3871_1	20.7537313432836	0.505263157894737	0.0833333333333333	0.916666666666667	C,T	0.92,0.08	0
210	Tpa_3879_1	38.5795454545455	0.752631578947368	0.013986013986014	0.986013986013986	T,A	0.01,0.99	0
211	Tpa_3905_1	5.95348837209302	0.0947368421052632	0	1	A,C	1,0	NA
212	Tpa_3926_1	10.1176470588235	0.152631578947368	0.0517241379310345	0.948275862068966	C,T	0.95,0.05	0
213	Tpa_3937_1	46.453488372093	0.773684210526316	0.17687074829932	0.82312925170068	G,A	0.18,0.82	0.0454545454545455
214	Tpa_3962_1	109.115384615385	0.936842105263158	0.132022471910112	0.867977528089888	C,G	0.87,0.13	0.0638297872340425
215	Tpa_3974_1	15.5584415584416	0.526315789473684	0.23	0.77	G,T	0.23,0.77	0.03125
216	Tpa_4020_1	16.1153846153846	0.226315789473684	0.174418604651163	0.825581395348837	G,A	0.17,0.83	0
217	Tpa_4021_1	16.312925170068	0.505263157894737	0.046875	0.953125	C,T	0.95,0.05	0
218	Tpa_4022_1	26.9565217391304	0.468421052631579	0.303370786516854	0.696629213483146	G,A	0.3,0.7	0.117647058823529
219	Tpa_4055_1	6.71428571428571	0.136842105263158	0.0192307692307692	0.980769230769231	A,C	0.98,0.02	0
220	Tpa_4077_1	8.84090909090909	0.226315789473684	0.0697674418604651	0.930232558139535	A,T	0.93,0.07	0
221	Tpa_4120_1	32.9718309859155	0.515789473684211	0.137755102040816	0.862244897959184	C,T	0.86,0.14	0.0434782608695652
222	Tpa_4126_1	14.8536585365854	0.368421052631579	0.0785714285714286	0.921428571428571	G,C	0.92,0.08	0
223	Tpa_4137_1	42.6894409937888	0.626315789473684	0.0210084033613445	0.978991596638655	C,A	0.02,0.98	0
224	Tpa_4148_1	6.74074074074074	0.126315789473684	0.333333333333333	0.666666666666667	A,G	0.33,0.67	0
225	Tpa_4168_1	8.89830508474576	0.163157894736842	0.0161290322580645	0.983870967741935	C,T	0.98,0.02	0
226	Tpa_4176_1	12.7088607594937	0.189473684210526	0	1	C,G	1,0	NA
227	Tpa_4178_1	7	0.194736842105263	0.175675675675676	0.824324324324324	C,T	0.82,0.18	0
228	Tpa_4209_1	11.1209677419355	0.331578947368421	0.0555555555555556	0.944444444444444	G,A	0.06,0.94	0.285714285714286
229	Tpa_4221_1	2.85714285714286	0.0315789473684211	0.416666666666667	0.583333333333333	T,A	0.42,0.58	0
230	Tpa_4230_1	17.5507246376812	0.452631578947368	0.145348837209302	0.854651162790698	C,G	0.85,0.15	0.133333333333333
231	Tpa_4245_1	1.90909090909091	0.0105263157894737	0.5	0.5	G,C	0.5,0.5	0
232	Tpa_4246_1	37.9932432432432	0.536842105263158	0	1	T,C	0,1	NA
233	Tpa_4247_1	8.41911764705882	0.389473684210526	0.0472972972972973	0.952702702702703	T,A	0.95,0.05	0.142857142857143
234	Tpa_4268_1	1694.38947368421	0.994736842105263	0.0476190476190476	0.952380952380952	C,G	0.95,0.05	0.777777777777778
235	Tpa_4291_1	29.2244897959184	0.547368421052632	0.0769230769230769	0.923076923076923	C,T	0.92,0.08	0
236	Tpa_4295_1	13.9911504424779	0.289473684210526	0	1	C,A	0,1	NA
237	Tpa_4310_1	20.7155963302752	0.331578947368421	0.0317460317460317	0.968253968253968	G,C	0.97,0.03	0
238	Tpa_4316_1	30.4965517241379	0.536842105263158	0.0294117647058824	0.970588235294118	C,T	0.97,0.03	0
239	Tpa_4353_1	24.2214765100671	0.589473684210526	0.0223214285714286	0.977678571428571	G,A	0.02,0.98	1
240	Tpa_4356_1	72.4431818181818	0.805263157894737	0.0784313725490196	0.92156862745098	C,T	0.92,0.08	0.25
241	Tpa_4380_1	62.5828571428571	0.794736842105263	0.0298013245033113	0.970198675496689	G,T	0.97,0.03	0
242	Tpa_4384_1	349.813829787234	0.978947368421053	0.0591397849462366	0.940860215053763	G,A	0.06,0.94	0.1
243	Tpa_4394_1	132.801204819277	0.736842105263158	0.00714285714285714	0.992857142857143	C,T	0.99,0.01	0
244	Tpa_4416_1	36.3175675675676	0.542105263157895	0.0485436893203883	0.951456310679612	G,A	0.05,0.95	0
245	Tpa_4425_1	4.5	0.1	0.105263157894737	0.894736842105263	G,A	0.11,0.89	0
246	Tpa_4443_1	33.8355263157895	0.557894736842105	0.00943396226415094	0.990566037735849	C,T	0.99,0.01	0
247	Tpa_4454_1	23.5739130434783	0.431578947368421	0.146341463414634	0.853658536585366	G,A	0.15,0.85	0.208333333333333
248	Tpa_4467_1	13.421875	0.205263157894737	0.0897435897435897	0.91025641025641	G,C	0.09,0.91	0
249	Tpa_4495_1	78.9021739130435	0.91578947368421	0.126436781609195	0.873563218390805	T,C	0.13,0.87	0.0263157894736842
250	Tpa_4506_1	6.53658536585366	0.0631578947368421	0.0833333333333333	0.916666666666667	C,G	0.92,0.08	0
251	Tpa_4511_1	45.5229357798165	0.394736842105263	0.04	0.96	G,A	0.04,0.96	0.333333333333333
252	Tpa_4549_1	4.55263157894737	0.0789473684210526	0.2	0.8	A,G	0.8,0.2	0
253	Tpa_4556_1	12.86875	0.642105263157895	0.0450819672131148	0.954918032786885	A,C	0.95,0.05	0
254	Tpa_4569_1	20.3333333333333	0.442105263157895	0.357142857142857	0.642857142857143	A,C	0.64,0.36	0.0227272727272727
255	Tpa_4582_1	27.6643356643357	0.505263157894737	0.046875	0.953125	A,T	0.95,0.05	0
256	Tpa_4590_1	467.365079365079	0.994736842105263	0.0476190476190476	0.952380952380952	G,T	0.95,0.05	0.928571428571429
257	Tpa_4591_1	40.6369047619048	0.721052631578947	0.0291970802919708	0.970802919708029	C,T	0.97,0.03	0
258	Tpa_4592_1	15.2077922077922	0.263157894736842	0.09	0.91	G,C	0.09,0.91	0
259	Tpa_4593_1	18.55	0.452631578947368	0.0523255813953488	0.947674418604651	C,T	0.95,0.05	0
260	Tpa_4595_1	23.3088235294118	0.221052631578947	0	1	G,A	0,1	NA
261	Tpa_4599_1	1658.45502645503	0.994736842105263	0.0740740740740741	0.925925925925926	C,T	0.93,0.07	0.464285714285714
262	Tpa_4633_1	24.7320261437909	0.573684210526316	0.0688073394495413	0.931192660550459	A,C	0.07,0.93	0.142857142857143
263	Tpa_4637_1	5.10714285714286	0.110526315789474	0.119047619047619	0.880952380952381	C,A	0.12,0.88	0
264	Tpa_4668_1	5.50588235294118	0.184210526315789	0.2	0.8	C,A	0.8,0.2	0
265	Tpa_4678_1	82.0111731843575	0.894736842105263	0.00588235294117647	0.994117647058824	T,A	0.01,0.99	0
266	Tpa_4697_1	52.7964071856287	0.731578947368421	0.0251798561151079	0.974820143884892	T,C	0.03,0.97	0
267	Tpa_4713_1	155.554347826087	0.910526315789474	0.0578034682080925	0.942196531791908	G,A	0.06,0.94	0.05
268	Tpa_4731_1	9.02666666666667	0.226315789473684	0.0697674418604651	0.930232558139535	C,A	0.07,0.93	0
269	Tpa_4747_1	5.88421052631579	0.226315789473684	0.0348837209302326	0.965116279069767	C,T	0.97,0.03	0.333333333333333
270	Tpa_4749_1	8.30612244897959	0.242105263157895	0.0543478260869565	0.945652173913043	G,T	0.95,0.05	0
271	Tpa_4804_1	12.4893617021277	0.268421052631579	0.303921568627451	0.696078431372549	G,C	0.3,0.7	0
272	Tpa_4849_1	21.6	0.294736842105263	0.0982142857142857	0.901785714285714	T,C	0.1,0.9	0
273	Tpa_4862_1	48.6325301204819	0.731578947368421	0.18705035971223	0.81294964028777	C,G	0.81,0.19	0.173913043478261
274	Tpa_4885_1	4.1875	0.0526315789473684	0.3	0.7	T,G	0.7,0.3	0
275	Tpa_4886_1	7.73015873015873	0.147368421052632	0	1	A,T	1,0	NA
276	Tpa_4900_1	35.8032786885246	0.426315789473684	0.0555555555555556	0.944444444444444	C,T	0.94,0.06	0
277	Tpa_4920_1	2	0.0157894736842105	0	1	G,C	0,1	NA
278	Tpa_4928_1	149.456043956044	0.91578947368421	0.155172413793103	0.844827586206897	C,T	0.84,0.16	0.477272727272727
279	Tpa_4936_1	85.2045454545455	0.842105263157895	0.1125	0.8875	C,T	0.89,0.11	0.25
280	Tpa_4985_1	8.95238095238095	0.157894736842105	0.0833333333333333	0.916666666666667	A,G	0.08,0.92	0
281	Tpa_5002_1	70.0108695652174	0.884210526315789	0.0178571428571429	0.982142857142857	C,T	0.98,0.02	0
282	Tpa_5015_1	4.2258064516129	0.0578947368421053	0	1	A,G	1,0	NA
283	Tpa_5022_1	20.6047904191617	0.663157894736842	0.0357142857142857	0.964285714285714	C,T	0.96,0.04	0.111111111111111
284	Tpa_5057_1	58	0.58421052631579	0.036036036036036	0.963963963963964	T,G	0.96,0.04	0.5
285	Tpa_5069_1	19.7463768115942	0.489473684210526	0.0483870967741935	0.951612903225806	C,A	0.05,0.95	0.285714285714286
286	Tpa_5075_1	29.7014925373134	0.426315789473684	0.265432098765432	0.734567901234568	A,G	0.73,0.27	0.0689655172413793
287	Tpa_5104_1	4.60240963855422	0.163157894736842	0.0161290322580645	0.983870967741935	G,A	0.02,0.98	0
288	Tpa_5106_1	52.7796610169492	0.821052631578947	0.355769230769231	0.644230769230769	C,G	0.64,0.36	0.0298507462686567
289	Tpa_5118_1	2.86792452830189	0.0842105263157895	0.1875	0.8125	C,T	0.81,0.19	0
290	Tpa_5138_1	124.85	0.878947368421053	0.029940119760479	0.970059880239521	C,T	0.97,0.03	0.2
291	Tpa_5144_1	20.3707865168539	0.310526315789474	0.0508474576271186	0.949152542372881	T,G	0.05,0.95	0
292	Tpa_5167_1	27.6578947368421	0.315789473684211	0.166666666666667	0.833333333333333	C,T	0.83,0.17	0
293	Tpa_5196_1	8.75	0.163157894736842	0	1	G,A	0,1	NA
294	Tpa_5205_1	41.2315789473684	0.352631578947368	0	1	G,T	1,0	NA
295	Tpa_5206_1	15.8691588785047	0.336842105263158	0.1484375	0.8515625	G,A	0.15,0.85	0
296	Tpa_5218_1	53.0666666666667	0.636842105263158	0.479338842975207	0.520661157024793	C,G	0.52,0.48	0.289473684210526
297	Tpa_5222_1	71.3626373626374	0.873684210526316	0.0391566265060241	0.960843373493976	G,A	0.04,0.96	0
298	Tpa_5228_1	9.30630630630631	0.294736842105263	0.0892857142857143	0.910714285714286	C,T	0.91,0.09	0
299	Tpa_5241_1	29.5099337748344	0.557894736842105	0.0613207547169811	0.938679245283019	C,T	0.94,0.06	0
300	Tpa_5242_1	36.620253164557	0.673684210526316	0.1640625	0.8359375	C,T	0.84,0.16	0.0833333333333333
301	Tpa_5244_1	75.4581005586592	0.884210526315789	0.0714285714285714	0.928571428571429	A,C	0.93,0.07	0.125
302	Tpa_5249_1	83.1807228915663	0.752631578947368	0.167832167832168	0.832167832167832	T,C	0.83,0.17	0.0454545454545455
303	Tpa_5270_1	6.1025641025641	0.068421052631579	0.0769230769230769	0.923076923076923	C,A	0.08,0.92	0
304	Tpa_5278_1	64	0.615789473684211	0.115384615384615	0.884615384615385	G,A	0.12,0.88	0.0769230769230769
305	Tpa_5279_1	15.7394957983193	0.326315789473684	0.0403225806451613	0.959677419354839	C,T	0.96,0.04	0
306	Tpa_5292_1	80.9831460674157	0.857894736842105	0.134969325153374	0.865030674846626	C,T	0.13,0.87	0.0277777777777778
307	Tpa_5298_1	34.8740157480315	0.421052631578947	0.08125	0.91875	G,A	0.08,0.92	0
308	Tpa_5327_1	49.4797687861272	0.752631578947368	0.0454545454545455	0.954545454545455	C,G	0.95,0.05	0.153846153846154
309	Tpa_5360_1	34.953216374269	0.742105263157895	0.0780141843971631	0.921985815602837	G,A	0.08,0.92	0.222222222222222
310	Tpa_5361_1	29.9940828402367	0.726315789473684	0.159420289855072	0.840579710144927	A,C	0.84,0.16	0.1
311	Tpa_5373_1	15.6964285714286	0.352631578947368	0.0447761194029851	0.955223880597015	C,T	0.96,0.04	0
312	Tpa_5379_1	1602.56842105263	0.994736842105263	0.0317460317460317	0.968253968253968	C,G	0.97,0.03	0.5
313	Tpa_5382_1	346.234042553192	0.957894736842105	0	1	A,G	1,0	NA
314	Tpa_5418_1	41.6411764705882	0.784210526315789	0.0906040268456376	0.909395973154362	C,T	0.91,0.09	0.185185185185185
315	Tpa_5441_1	35.9823529411765	0.747368421052632	0.00704225352112676	0.992957746478873	G,A	0.01,0.99	0
316	Tpa_5445_1	27.2514619883041	0.784210526315789	0.453020134228188	0.546979865771812	T,C	0.45,0.55	0.0144927536231884
317	Tpa_5446_1	12.3333333333333	0.373684210526316	0.0774647887323944	0.922535211267606	G,T	0.92,0.08	0.0909090909090909
318	Tpa_5454_1	294.603174603175	0.989473684210526	0.289893617021277	0.710106382978723	A,G	0.29,0.71	0.0649350649350649
319	Tpa_5471_1	41.6577181208054	0.678947368421053	0	1	G,T	1,0	NA
320	Tpa_5485_1	6.3943661971831	0.126315789473684	0	1	A,C	1,0	NA
321	Tpa_5501_1	77.4715909090909	0.878947368421053	0.107784431137725	0.892215568862275	G,A	0.11,0.89	0.03125
322	Tpa_5525_1	31.4458598726115	0.621052631578947	0.101694915254237	0.898305084745763	T,A	0.1,0.9	0.0454545454545455
323	Tpa_5538_1	7	0.0631578947368421	0.125	0.875	C,T	0.12,0.88	0
324	Tpa_5540_1	84.6256983240224	0.863157894736842	0.265243902439024	0.734756097560976	A,G	0.73,0.27	0.0508474576271186
325	Tpa_5542_1	54.1472392638037	0.694736842105263	0.117424242424242	0.882575757575758	C,T	0.88,0.12	0.0344827586206897
326	Tpa_5563_1	14.4545454545455	0.363157894736842	0.0217391304347826	0.978260869565217	G,A	0.02,0.98	0
327	Tpa_5565_1	394.053191489362	0.936842105263158	0.143258426966292	0.856741573033708	G,T	0.86,0.14	0.241379310344828
328	Tpa_5570_1	4.7741935483871	0.0421052631578947	0	1	G,A	0,1	NA
329	Tpa_5574_1	5.9622641509434	0.0947368421052632	0.0277777777777778	0.972222222222222	C,T	0.97,0.03	0
330	Tpa_5588_1	9.43571428571429	0.468421052631579	0.0674157303370786	0.932584269662921	C,T	0.93,0.07	0
331	Tpa_5594_1	33.9263803680982	0.715789473684211	0.00367647058823529	0.996323529411765	G,A	1,0	0
332	Tpa_5601_1	74.849710982659	0.789473684210526	0.0933333333333333	0.906666666666667	C,A	0.09,0.91	0.277777777777778
333	Tpa_5609_1	6.57894736842105	0.110526315789474	0.142857142857143	0.857142857142857	A,G	0.86,0.14	0.25
334	Tpa_5623_1	20.9782608695652	0.484210526315789	0.00543478260869565	0.994565217391304	C,T	0.99,0.01	0
335	Tpa_5636_1	28.4673913043478	0.268421052631579	0.0490196078431373	0.950980392156863	A,G	0.05,0.95	0
336	Tpa_5651_1	36.4037267080745	0.684210526315789	0.126923076923077	0.873076923076923	T,C	0.13,0.87	0.0909090909090909
337	Tpa_5679_1	13.5779816513761	0.326315789473684	0.0403225806451613	0.959677419354839	G,A	0.04,0.96	0
338	Tpa_5741_1	7.12962962962963	0.263157894736842	0.02	0.98	C,T	0.98,0.02	0
339	Tpa_5747_1	551.763157894737	0.994736842105263	0.153439153439153	0.846560846560847	G,C	0.85,0.15	0.103448275862069
340	Tpa_5761_1	82.1525423728814	0.847368421052632	0.0434782608695652	0.956521739130435	G,A	0.04,0.96	0.0714285714285714
341	Tpa_5774_1	74.5689655172414	0.8	0.00328947368421053	0.996710526315789	T,C	0,1	0
342	Tpa_5786_1	33.1006711409396	0.552631578947368	0.0285714285714286	0.971428571428571	G,C	0.03,0.97	0.25
343	Tpa_5795_1	3.25	0.0105263157894737	0.5	0.5	G,T	0.5,0.5	0
344	Tpa_5796_1	25.7426470588235	0.489473684210526	0.198924731182796	0.801075268817204	A,G	0.8,0.2	0
345	Tpa_5823_1	317.592592592593	0.989473684210526	0.0345744680851064	0.965425531914894	A,G	0.03,0.97	0.307692307692308
346	Tpa_5827_1	63.7514124293785	0.863157894736842	0.109756097560976	0.890243902439024	T,G	0.11,0.89	0.05
347	Tpa_5829_1	70.8775510204082	0.610526315789474	0.112068965517241	0.887931034482759	C,T	0.89,0.11	0
348	Tpa_5838_1	40.4451612903226	0.594736842105263	0.00884955752212389	0.991150442477876	T,C	0.99,0.01	0
349	Tpa_5854_1	1.5	0	NA	NA	T,G	NaN,NaN	NA
350	Tpa_5856_1	16	0.431578947368421	0.103658536585366	0.896341463414634	C,T	0.1,0.9	0.0666666666666667
351	Tpa_5863_1	38.7151162790698	0.810526315789474	0.269480519480519	0.730519480519481	G,A	0.27,0.73	0.137254901960784
352	Tpa_5868_1	28.6620689655172	0.510526315789474	0.195876288659794	0.804123711340206	C,G	0.8,0.2	0.0333333333333333
353	Tpa_5878_1	23.8962962962963	0.468421052631579	0.179775280898876	0.820224719101124	G,C	0.82,0.18	0.0666666666666667
354	Tpa_5913_1	245.516666666667	0.905263157894737	0.40406976744186	0.595930232558139	G,A	0.6,0.4	0.241379310344828
355	Tpa_5916_1	84.7298850574713	0.857894736842105	0.101226993865031	0.898773006134969	A,G	0.1,0.9	0.0344827586206897
356	Tpa_5917_1	30.4714285714286	0.5	0.147368421052632	0.852631578947368	T,G	0.15,0.85	0
357	Tpa_5942_1	30.0697674418605	0.715789473684211	0.25	0.75	G,T	0.75,0.25	0.130434782608696
358	Tpa_5951_1	NA	0	NA	NA	T,A	NaN,NaN	NA
359	Tpa_5961_1	4.46	0.0947368421052632	0.0555555555555556	0.944444444444444	T,G	0.06,0.94	0
360	Tpa_5978_1	8.66386554621849	0.331578947368421	0.0317460317460317	0.968253968253968	G,A	0.03,0.97	0
361	Tpa_5980_1	11.3483146067416	0.252631578947368	0.15625	0.84375	T,C	0.84,0.16	0
362	Tpa_6003_1	169.395209580838	0.757894736842105	0.03125	0.96875	T,C	0.03,0.97	0.222222222222222
363	Tpa_6016_1	6.98701298701299	0.2	0.184210526315789	0.815789473684211	C,T	0.82,0.18	0
364	Tpa_6076_1	23.9294117647059	0.278947368421053	0.188679245283019	0.811320754716981	A,G	0.19,0.81	0
365	Tpa_6083_1	40.0476190476191	0.457894736842105	0.0919540229885057	0.908045977011494	A,G	0.91,0.09	0.125
366	Tpa_6137_1	10.2588235294118	0.226315789473684	0.209302325581395	0.790697674418605	A,G	0.21,0.79	0.0555555555555556
367	Tpa_6139_1	62.32	0.805263157894737	0.0718954248366013	0.928104575163399	C,G	0.93,0.07	0
368	Tpa_6150_1	5	0.147368421052632	0.125	0.875	A,G	0.88,0.12	0
369	Tpa_6158_1	23.8716216216216	0.6	0.0921052631578947	0.907894736842105	C,T	0.91,0.09	0
370	Tpa_6169_1	28.8466666666667	0.552631578947368	0.0428571428571429	0.957142857142857	A,G	0.04,0.96	0.142857142857143
371	Tpa_6172_1	23.1081081081081	0.542105263157895	0.0145631067961165	0.985436893203884	G,A	0.01,0.99	0
372	Tpa_6204_1	2.33333333333333	0.0157894736842105	0	1	T,C	0,1	NA
373	Tpa_6220_1	NA	0	NA	NA	A,G	NaN,NaN	NA
374	Tpa_6222_1	19.2254901960784	0.310526315789474	0.211864406779661	0.788135593220339	G,A	0.21,0.79	0.0526315789473684
375	Tpa_6224_1	138.724867724868	0.973684210526316	0.0108108108108108	0.989189189189189	G,A	0.01,0.99	0.25
376	Tpa_6265_1	3.26881720430108	0.131578947368421	0.26	0.74	A,C	0.74,0.26	0
377	Tpa_6270_1	12.2736842105263	0.268421052631579	0.156862745098039	0.843137254901961	C,T	0.84,0.16	0
378	Tpa_6285_1	3.72972972972973	0.0631578947368421	0.125	0.875	A,C	0.88,0.12	0
379	Tpa_6321_1	NA	0	NA	NA	G,A	NaN,NaN	NA
380	Tpa_6352_1	1.84615384615385	0.0157894736842105	0	1	G,C	0,1	NA
381	Tpa_6355_1	48.4476744186046	0.773684210526316	0.163265306122449	0.836734693877551	T,G	0.16,0.84	0.0434782608695652
382	Tpa_6384_1	3.72727272727273	0.0421052631578947	0	1	G,A	0,1	NA
383	Tpa_6385_1	12.8977272727273	0.236842105263158	0.0111111111111111	0.988888888888889	C,T	0.99,0.01	0
384	Tpa_6388_1	6.4468085106383	0.105263157894737	0.05	0.95	C,A	0.05,0.95	0
385	Tpa_6391_1	25.6564885496183	0.405263157894737	0.116883116883117	0.883116883116883	C,T	0.88,0.12	0.0555555555555556
386	Tpa_6411_1	3.05555555555556	0.0157894736842105	0	1	T,C	0,1	NA
387	Tpa_6422_1	14.25	0.405263157894737	0	1	C,T	1,0	NA
388	Tpa_6442_1	193.140449438202	0.873684210526316	0.036144578313253	0.963855421686747	T,C	0.04,0.96	0.583333333333333
389	Tpa_6445_1	2.88888888888889	0.0105263157894737	0	1	G,A	0,1	NA
390	Tpa_6449_1	4.67647058823529	0.0631578947368421	0	1	T,C	0,1	NA
391	Tpa_6451_1	5.0375	0.121052631578947	0.0434782608695652	0.956521739130435	C,A	0.04,0.96	0
392	Tpa_6453_1	22.980198019802	0.336842105263158	0.1171875	0.8828125	C,T	0.88,0.12	0.142857142857143
393	Tpa_6487_1	31.8100558659218	0.768421052631579	0.0308219178082192	0.969178082191781	A,C	0.97,0.03	0.142857142857143
394	Tpa_6493_1	18.4892086330935	0.473684210526316	0.0444444444444444	0.955555555555556	T,C	0.96,0.04	0.125
395	Tpa_6511_1	25.8347826086957	0.373684210526316	0.0563380281690141	0.943661971830986	G,A	0.06,0.94	0
396	Tpa_6528_1	8.35365853658537	0.2	0.0526315789473684	0.947368421052632	T,A	0.05,0.95	0
397	Tpa_6543_1	4.25	0.0578947368421053	0.227272727272727	0.772727272727273	C,T	0.77,0.23	0
398	Tpa_6562_1	24.016393442623	0.389473684210526	0	1	C,T	1,0	NA
399	Tpa_6565_1	65.7457627118644	0.836842105263158	0.0251572327044025	0.974842767295597	G,A	0.03,0.97	0
400	Tpa_6586_1	14.1811594202899	0.431578947368421	0.00609756097560976	0.99390243902439	G,A	0.01,0.99	0
401	Tpa_6591_1	40.0571428571429	0.773684210526316	0.139455782312925	0.860544217687075	G,C	0.14,0.86	0.0303030303030303
402	Tpa_6604_1	1.88888888888889	0.0105263157894737	0	1	C,A	0,1	NA
403	Tpa_6611_1	NA	0	NA	NA	C,T	NaN,NaN	NA
404	Tpa_6630_1	34.9815950920245	0.663157894736842	0.234126984126984	0.765873015873016	C,T	0.77,0.23	0.0222222222222222
405	Tpa_6654_1	3.81707317073171	0.136842105263158	0.153846153846154	0.846153846153846	G,T	0.85,0.15	0
406	Tpa_6683_1	2.63636363636364	0.0263157894736842	0	1	C,A	1,0	NA
407	Tpa_6687_1	9.48717948717949	0.210526315789474	0.2125	0.7875	C,T	0.79,0.21	0
408	Tpa_6689_1	45.3357142857143	0.531578947368421	0.103960396039604	0.896039603960396	C,T	0.9,0.1	0.133333333333333
409	Tpa_6713_1	44.5985915492958	0.505263157894737	0.114583333333333	0.885416666666667	C,T	0.89,0.11	0
410	Tpa_6733_1	34.8588235294118	0.642105263157895	0.0655737704918033	0.934426229508197	G,T	0.93,0.07	0
411	Tpa_6768_1	213.467741935484	0.936842105263158	0.0393258426966292	0.960674157303371	T,C	0.04,0.96	0.642857142857143
412	Tpa_6773_1	181.545454545455	0.947368421052632	0.0222222222222222	0.977777777777778	G,A	0.02,0.98	0.75
413	Tpa_6774_1	49.7956989247312	0.405263157894737	0	1	T,C	1,0	NA
414	Tpa_6786_1	96.4968152866242	0.673684210526316	0.0234375	0.9765625	C,T	0.98,0.02	0
415	Tpa_6814_1	33.1578947368421	0.578947368421053	0.109090909090909	0.890909090909091	G,A	0.11,0.89	0
416	Tpa_6816_1	62.8387096774194	0.878947368421053	0.362275449101796	0.637724550898204	T,G	0.36,0.64	0.183908045977011
417	Tpa_6853_1	12.8761904761905	0.315789473684211	0.0333333333333333	0.966666666666667	A,G	0.97,0.03	0
418	Tpa_6887_1	19.9117647058824	0.494736842105263	0.0265957446808511	0.973404255319149	C,T	0.97,0.03	0
419	Tpa_6922_1	100.238888888889	0.878947368421053	0.0538922155688623	0.946107784431138	T,G	0.95,0.05	0
420	Tpa_6937_1	144.268817204301	0.91578947368421	0.0114942528735632	0.988505747126437	A,G	0.99,0.01	0
421	Tpa_6963_1	150.943181818182	0.852631578947368	0.037037037037037	0.962962962962963	C,T	0.96,0.04	0.5
422	Tpa_6973_1	60.9818181818182	0.689473684210526	0.110687022900763	0.889312977099237	C,T	0.89,0.11	0.12
423	Tpa_7007_1	2.36111111111111	0.0631578947368421	0.416666666666667	0.583333333333333	A,G	0.42,0.58	0
424	Tpa_7010_1	184.39247311828	0.947368421052632	0.0833333333333333	0.916666666666667	T,C	0.08,0.92	0.115384615384615
425	Tpa_7018_1	34.563829787234	0.373684210526316	0.204225352112676	0.795774647887324	G,C	0.8,0.2	0
426	Tpa_7052_1	631.751322751323	0.994736842105263	0.0476190476190476	0.952380952380952	A,T	0.95,0.05	0.357142857142857
427	Tpa_7058_1	29.85	0.484210526315789	0.0217391304347826	0.978260869565217	C,T	0.98,0.02	0
428	Tpa_7062_1	27.7254901960784	0.594736842105263	0.163716814159292	0.836283185840708	C,T	0.84,0.16	0
429	Tpa_7080_1	183.642857142857	0.910526315789474	0	1	G,C	0,1	NA
430	Tpa_7082_1	16.040404040404	0.294736842105263	0.0803571428571429	0.919642857142857	G,A	0.08,0.92	0
431	Tpa_7090_1	28.5243902439024	0.673684210526316	0.05859375	0.94140625	T,C	0.06,0.94	0
432	Tpa_7106_1	13.5785123966942	0.363157894736842	0.130434782608696	0.869565217391304	G,A	0.13,0.87	0.142857142857143
433	Tpa_7153_1	4.98214285714286	0.0894736842105263	0.0588235294117647	0.941176470588235	G,A	0.94,0.06	0
434	Tpa_7157_1	98.4696132596685	0.889473684210526	0.269230769230769	0.730769230769231	T,G	0.73,0.27	0.0204081632653061
435	Tpa_7201_1	238.686170212766	0.936842105263158	0.0842696629213483	0.915730337078652	G,A	0.08,0.92	0.0666666666666667
436	Tpa_7204_1	100.396648044693	0.873684210526316	0.0451807228915663	0.954819277108434	G,A	0.05,0.95	0.133333333333333
437	Tpa_7210_1	84.2866242038217	0.673684210526316	0.0703125	0.9296875	T,A	0.07,0.93	0
438	Tpa_7213_1	855.432584269663	0.894736842105263	0	1	T,G	0,1	NA
439	Tpa_7221_1	24.4452054794521	0.536842105263158	0.17156862745098	0.82843137254902	G,A	0.17,0.83	0
440	Tpa_7240_1	41.7714285714286	0.805263157894737	0.065359477124183	0.934640522875817	T,C	0.07,0.93	0.0833333333333333
441	Tpa_7289_1	58.6797752808989	0.826315789473684	0	1	C,T	1,0	NA
442	Tpa_7291_1	8.02985074626866	0.147368421052632	0.464285714285714	0.535714285714286	A,G	0.54,0.46	0.0555555555555556
443	Tpa_7293_1	6.52631578947368	0.157894736842105	0.1	0.9	A,C	0.9,0.1	0
444	Tpa_7331_1	1.88888888888889	0.0105263157894737	0	1	G,T	1,0	NA
445	Tpa_7348_1	15.9466666666667	0.494736842105263	0	1	A,T	1,0	NA
446	Tpa_7352_1	2.125	0.00526315789473684	0	1	G,A	0,1	NA
447	Tpa_7367_1	71.9137931034483	0.842105263157895	0.1	0.9	G,A	0.1,0.9	0.0833333333333333
448	Tpa_7375_1	138.177777777778	0.910526315789474	0.236994219653179	0.763005780346821	C,T	0.76,0.24	0.0172413793103448
449	Tpa_7391_1	852.25	0.984210526315789	0.0641711229946524	0.935828877005348	G,A	0.06,0.94	0.5
450	Tpa_7406_1	1	0	NA	NA	G,A	NaN,NaN	NA
451	Tpa_7413_1	7.34	0.105263157894737	0.025	0.975	T,C	0.03,0.98	0
452	Tpa_7417_1	89.8474576271186	0.463157894736842	0.0454545454545455	0.954545454545455	G,A	0.05,0.95	0
453	Tpa_7425_1	39.1882352941176	0.773684210526316	0.0272108843537415	0.972789115646258	G,A	0.03,0.97	0
454	Tpa_7447_1	4	0.0368421052631579	0	1	G,A	0,1	NA
455	Tpa_7450_1	3.4	0.0105263157894737	0	1	A,C	0,1	NA
456	Tpa_7452_1	17.5985401459854	0.478947368421053	0.131868131868132	0.868131868131868	C,G	0.87,0.13	0
457	Tpa_7454_1	82.2710843373494	0.742105263157895	0.0602836879432624	0.939716312056738	T,G	0.94,0.06	0.0769230769230769
458	Tpa_7461_1	28.1935483870968	0.305263157894737	0	1	T,C	0,1	NA
459	Tpa_7477_1	41.6351351351351	0.589473684210526	0.209821428571429	0.790178571428571	C,T	0.79,0.21	0.0645161290322581
460	Tpa_7479_1	124.380681818182	0.831578947368421	0.0126582278481013	0.987341772151899	G,A	0.01,0.99	0
461	Tpa_7483_1	260.148936170213	0.942105263157895	0.058659217877095	0.941340782122905	G,A	0.06,0.94	0.333333333333333
462	Tpa_7495_1	13.1297709923664	0.405263157894737	0.0454545454545455	0.954545454545455	C,A	0.05,0.95	0
463	Tpa_7496_1	3.25	0.0368421052631579	0.0714285714285714	0.928571428571429	C,T	0.93,0.07	0
464	Tpa_7533_1	75.8415300546448	0.873684210526316	0.153614457831325	0.846385542168675	A,G	0.85,0.15	0.0851063829787234
465	Tpa_7540_1	109.397660818713	0.789473684210526	0.02	0.98	G,T	0.98,0.02	0
466	Tpa_7553_1	101.446927374302	0.873684210526316	0.0692771084337349	0.930722891566265	T,C	0.93,0.07	0.0869565217391304
467	Tpa_7560_1	38.6117647058824	0.763157894736842	0.0827586206896552	0.917241379310345	T,C	0.08,0.92	0.05
468	Tpa_7566_1	814.513368983957	0.984210526315789	0.149732620320856	0.850267379679144	C,T	0.85,0.15	0.15
469	Tpa_7567_1	13.038961038961	0.568421052631579	0.300925925925926	0.699074074074074	A,G	0.7,0.3	0.0810810810810811
470	Tpa_7571_1	63.796511627907	0.778947368421053	0.097972972972973	0.902027027027027	G,A	0.1,0.9	0.0434782608695652
471	Tpa_7586_1	696.303191489362	0.973684210526316	0.275675675675676	0.724324324324324	A,C	0.28,0.72	0.134146341463415
472	Tpa_7594_1	24.59375	0.305263157894737	0.146551724137931	0.853448275862069	T,G	0.85,0.15	0
473	Tpa_7597_1	564.884210526316	0.994736842105263	0.0105820105820106	0.989417989417989	T,G	0.01,0.99	0.5
474	Tpa_7601_1	NA	0	NA	NA	C,A	NaN,NaN	NA
475	Tpa_7604_1	34.1510791366906	0.605263157894737	0.00869565217391304	0.991304347826087	C,T	0.99,0.01	0
476	Tpa_7605_1	93.7251908396947	0.489473684210526	0.123655913978495	0.876344086021505	A,G	0.88,0.12	0
477	Tpa_7615_1	115.157608695652	0.921052631578947	0.00285714285714286	0.997142857142857	C,G	1,0	0
478	Tpa_7652_1	8.02985074626866	0.152631578947368	0.0344827586206897	0.96551724137931	G,A	0.03,0.97	0
479	Tpa_7653_1	10.6083333333333	0.310526315789474	0.296610169491525	0.703389830508475	C,T	0.3,0.7	0
480	Tpa_7657_1	61.3283582089552	0.463157894736842	0.0284090909090909	0.971590909090909	G,A	0.03,0.97	0
481	Tpa_7665_1	1.6	0.00526315789473684	0	1	A,T	1,0	NA
482	Tpa_7686_1	1676.05789473684	0.994736842105263	0.28042328042328	0.71957671957672	A,C	0.28,0.72	0.9625
483	Tpa_7690_1	1044.81481481481	0.994736842105263	0.111111111111111	0.888888888888889	T,G	0.89,0.11	0.970588235294118
484	Tpa_7691_1	7.37362637362637	0.231578947368421	0.147727272727273	0.852272727272727	T,G	0.15,0.85	0
485	Tpa_7703_1	20.7021276595745	0.284210526315789	0.0555555555555556	0.944444444444444	G,T	0.94,0.06	0.333333333333333
486	Tpa_7755_1	34.26875	0.657894736842105	0.016	0.984	C,T	0.98,0.02	0.25
487	Tpa_7757_1	3.09090909090909	0.0157894736842105	0	1	A,T	0,1	NA
488	Tpa_7764_1	257.58152173913	0.942105263157895	0.128491620111732	0.871508379888268	C,A	0.13,0.87	0.5
489	Tpa_7765_1	9.69523809523809	0.3	0.087719298245614	0.912280701754386	A,T	0.09,0.91	0
490	Tpa_7769_1	170.708791208791	0.91578947368421	0.32183908045977	0.67816091954023	C,T	0.32,0.68	0.0789473684210526
491	Tpa_7772_1	1	0	NA	NA	A,G	NaN,NaN	NA
492	Tpa_7798_1	51.1712328767123	0.542105263157895	0.203883495145631	0.796116504854369	C,T	0.8,0.2	0.0833333333333333
493	Tpa_7799_1	9.1344537815126	0.3	0.0614035087719298	0.93859649122807	A,G	0.94,0.06	0
494	Tpa_7805_1	22.9026548672566	0.384210526315789	0.102739726027397	0.897260273972603	G,A	0.1,0.9	0.0769230769230769
495	Tpa_7807_1	25.2406015037594	0.442105263157895	0.0297619047619048	0.970238095238095	C,T	0.97,0.03	0
496	Tpa_7814_1	119.355191256831	0.91578947368421	0.120689655172414	0.879310344827586	C,T	0.88,0.12	0.157894736842105
497	Tpa_7825_1	325.473404255319	0.963157894736842	0.0382513661202186	0.961748633879781	G,A	0.04,0.96	0.7
498	Tpa_7848_1	24.9268292682927	0.710526315789474	0	1	T,C	1,0	NA
499	Tpa_7871_1	10.1168831168831	0.178947368421053	0.0294117647058824	0.970588235294118	C,T	0.97,0.03	0
500	Tpa_7910_1	20.4820143884892	0.463157894736842	0.153409090909091	0.846590909090909	C,T	0.85,0.15	0
