Locus	Primer Reads	Primer Probe Reads	Primer Probe Proportion
Tpa_0010	85	50	0.59
Tpa_0012	4030	270	0.07
Tpa_0024	193	0	0.00
Tpa_0035	421	45	0.11
Tpa_0037	1166	13	0.01
Tpa_0095	20472	6490	0.32
Tpa_0151	12584	10335	0.82
Tpa_0183	1454	970	0.67
Tpa_0186	1633	52	0.03
Tpa_0215	106	0	0.00
Tpa_0226	7	4	0.57
Tpa_0228	1561	8	0.01
Tpa_0263	482	44	0.09
Tpa_0269	2740	16	0.01
Tpa_0272	42	0	0.00
Tpa_0301	8212	8008	0.98
Tpa_0342	971	814	0.84
Tpa_0346	1665	20	0.01
Tpa_0358	286	138	0.48
Tpa_0366	74606	541	0.01
Tpa_0367	267	61	0.23
Tpa_0371	947	255	0.27
Tpa_0395	316	257	0.81
Tpa_0409	1771	1	0.00
Tpa_0427	174	137	0.79
Tpa_0429	1276	24	0.02
Tpa_0438	4012	27	0.01
Tpa_0439	661	543	0.82
Tpa_0474	44	2	0.05
Tpa_0492	1744	4	0.00
Tpa_0500	843	2	0.00
Tpa_0540	11065	8	0.00
Tpa_0547	4268	236	0.06
Tpa_0556	4266	3	0.00
Tpa_0569	791	497	0.63
Tpa_0584	3622	29	0.01
Tpa_0592	11592	4727	0.41
Tpa_0650	44612	17	0.00
Tpa_0671	244	216	0.89
Tpa_0678	34	3	0.09
Tpa_0687	402	59	0.15
Tpa_0730	880	33	0.04
Tpa_0743	144	140	0.97
Tpa_0763	680	145	0.21
Tpa_0768	356	25	0.07
Tpa_0791	18510	202	0.01
Tpa_0826	918	26	0.03
Tpa_0866	16657	12559	0.75
Tpa_0868	3	0	0.00
Tpa_0882	1	1	1.00
Tpa_0888	71825	218	0.00
Tpa_0895	898	11	0.01
Tpa_0905	2747	251	0.09
Tpa_0912	466	0	0.00
Tpa_0929	1720	5	0.00
Tpa_0936	23674	48	0.00
Tpa_0953	103163	5404	0.05
Tpa_0970	38	0	0.00
Tpa_0973	66894	0	0.00
Tpa_0979	65189	24	0.00
Tpa_1007	202	8	0.04
Tpa_1022	1810	44	0.02
Tpa_1042	14	1	0.07
Tpa_1071	2657	33	0.01
Tpa_1077	29530	345	0.01
Tpa_1082	23557	19409	0.82
Tpa_1098	11	0	0.00
Tpa_1112	1797	42	0.02
Tpa_1136	1	1	1.00
Tpa_1144	545	74	0.14
Tpa_1154	722	89	0.12
Tpa_1156	2	0	0.00
Tpa_1187	81	54	0.67
Tpa_1268	768	111	0.14
Tpa_1290	0	0	NA
Tpa_1304	175	15	0.09
Tpa_1305	209	0	0.00
Tpa_1310	639	9	0.01
Tpa_1312	15307	391	0.03
Tpa_1320	524	5	0.01
Tpa_1341	8955	2	0.00
Tpa_1357	2587	155	0.06
Tpa_1359	496	45	0.09
Tpa_1394	6	4	0.67
Tpa_1404	144465	1	0.00
Tpa_1443	185	2	0.01
Tpa_1486	59902	138	0.00
Tpa_1515	1611	75	0.05
Tpa_1528	5279	22	0.00
Tpa_1542	60448	273	0.00
Tpa_1548	609	13	0.02
Tpa_1550	10439	673	0.06
Tpa_1585	17870	14852	0.83
Tpa_1593	1022	60	0.06
Tpa_1606	925	45	0.05
Tpa_1638	4000	17	0.00
Tpa_1646	25273	339	0.01
Tpa_1662	12630	215	0.02
Tpa_1678	5017	1422	0.28
Tpa_1689	4223	165	0.04
Tpa_1703	6	0	0.00
Tpa_1731	18874	1434	0.08
Tpa_1774	1151	324	0.28
Tpa_1775	7098	132	0.02
Tpa_1804	78806	1310	0.02
Tpa_1818	1760	8	0.00
Tpa_1831	473	445	0.94
Tpa_1832	11	11	1.00
Tpa_1843	30084	27	0.00
Tpa_1847	43656	0	0.00
Tpa_1891	1152	182	0.16
Tpa_1896	3214	42	0.01
Tpa_1917	654	6	0.01
Tpa_1930	102	76	0.75
Tpa_1966	377	69	0.18
Tpa_2006	4021	3822	0.95
Tpa_2010	30745	41	0.00
Tpa_2021	83786	1027	0.01
Tpa_2034	18	15	0.83
Tpa_2040	2917	1816	0.62
Tpa_2041	24549	888	0.04
Tpa_2073	1613	1	0.00
Tpa_2076	1401	226	0.16
Tpa_2096	52	32	0.62
Tpa_2128	49	28	0.57
Tpa_2157	885	534	0.60
Tpa_2180	5364	106	0.02
Tpa_2194	37	22	0.59
Tpa_2207	101	86	0.85
Tpa_2254	2627	24	0.01
Tpa_2278	182	78	0.43
Tpa_2334	23228	0	0.00
Tpa_2344	15974	1961	0.12
Tpa_2353	550	351	0.64
Tpa_2368	41172	1316	0.03
Tpa_2412	20486	83	0.00
Tpa_2417	415	102	0.25
Tpa_2453	138	0	0.00
Tpa_2458	1284	233	0.18
Tpa_2460	51408	0	0.00
Tpa_2470	23305	221	0.01
Tpa_2483	50628	47	0.00
Tpa_2498	3995	7	0.00
Tpa_2509	2260	2134	0.94
Tpa_2518	878	25	0.03
Tpa_2519	474	10	0.02
Tpa_2523	23047	0	0.00
Tpa_2581	1248	603	0.48
Tpa_2601	4074	3932	0.97
Tpa_2608	66638	940	0.01
Tpa_2636	723	15	0.02
Tpa_2639	60302	2	0.00
Tpa_2664	34407	16	0.00
Tpa_2702	8045	543	0.07
Tpa_2712	27862	4302	0.15
Tpa_2734	7095	443	0.06
Tpa_2741	2	0	0.00
Tpa_2745	23481	2669	0.11
Tpa_2763	194	156	0.80
Tpa_2845	15	1	0.07
Tpa_2854	4429	0	0.00
Tpa_2856	5234	18	0.00
Tpa_2861	2016	1	0.00
Tpa_2868	8728	1	0.00
Tpa_2900	2980	998	0.33
Tpa_2907	514	5	0.01
Tpa_2961	9	4	0.44
Tpa_2970	2545	10	0.00
Tpa_3004	13347	2492	0.19
Tpa_3011	32533	1	0.00
Tpa_3018	4023	80	0.02
Tpa_3047	5296	162	0.03
Tpa_3055	1058	2	0.00
Tpa_3063	464	7	0.02
Tpa_3129	1365	245	0.18
Tpa_3149	8225	7988	0.97
Tpa_3193	1	0	0.00
Tpa_3197	127876	9272	0.07
Tpa_3200	1827	628	0.34
Tpa_3235	500	6	0.01
Tpa_3248	1045	1015	0.97
Tpa_3254	4505	28	0.01
Tpa_3262	1769	916	0.52
Tpa_3263	52227	15	0.00
Tpa_3310	64235	712	0.01
Tpa_3347	275	5	0.02
Tpa_3354	35	33	0.94
Tpa_3364	1086	96	0.09
Tpa_3385	7	1	0.14
Tpa_3414	73074	3	0.00
Tpa_3439	6104	758	0.12
Tpa_3502	7	0	0.00
Tpa_3561	34	2	0.06
Tpa_3569	16	15	0.94
Tpa_3578	23043	325	0.01
Tpa_3583	796	29	0.04
Tpa_3616	402	34	0.08
Tpa_3674	4309	520	0.12
Tpa_3676	12308	55	0.00
Tpa_3679	79	14	0.18
Tpa_3684	437	1	0.00
Tpa_3705	22150	45	0.00
Tpa_3723	16	10	0.62
Tpa_3737	349	2	0.01
Tpa_3745	7873	4340	0.55
Tpa_3795	1582	44	0.03
Tpa_3846	4824	2177	0.45
Tpa_3862	7	0	0.00
Tpa_3871	13537	348	0.03
Tpa_3879	2287	1854	0.81
Tpa_3905	5299	3	0.00
Tpa_3926	39585	3	0.00
Tpa_3937	1822	749	0.41
Tpa_3962	5013	3250	0.65
Tpa_3974	987	320	0.32
Tpa_4020	14	11	0.79
Tpa_4021	369	288	0.78
Tpa_4022	1318	135	0.10
Tpa_4055	452	21	0.05
Tpa_4077	73332	55	0.00
Tpa_4120	4385	283	0.06
Tpa_4126	2120	106	0.05
Tpa_4137	2161	353	0.16
Tpa_4148	73470	3	0.00
Tpa_4168	4481	3	0.00
Tpa_4176	260	13	0.05
Tpa_4178	994	22	0.02
Tpa_4209	1073	128	0.12
Tpa_4221	506	1	0.00
Tpa_4230	29845	309	0.01
Tpa_4245	7672	1	0.00
Tpa_4246	4159	284	0.07
Tpa_4247	4789	284	0.06
Tpa_4268	56820	51722	0.91
Tpa_4291	385	322	0.84
Tpa_4295	352	80	0.23
Tpa_4310	63992	64	0.00
Tpa_4316	1905	325	0.17
Tpa_4353	8074	759	0.09
Tpa_4356	7649	3555	0.46
Tpa_4380	2993	1666	0.56
Tpa_4384	26123	22040	0.84
Tpa_4394	4330	1740	0.40
Tpa_4416	7882	258	0.03
Tpa_4425	34020	23	0.00
Tpa_4443	565	385	0.68
Tpa_4454	13395	95	0.01
Tpa_4467	89857	4	0.00
Tpa_4495	4999	4534	0.91
Tpa_4506	99	3	0.03
Tpa_4511	10927	46	0.00
Tpa_4549	118917	2	0.00
Tpa_4556	564	513	0.91
Tpa_4569	26785	243	0.01
Tpa_4582	24984	211	0.01
Tpa_4590	54881	25086	0.46
Tpa_4591	14711	819	0.06
Tpa_4592	23733	17	0.00
Tpa_4593	11146	208	0.02
Tpa_4595	28	4	0.14
Tpa_4599	94882	86245	0.91
Tpa_4633	32730	280	0.01
Tpa_4637	10481	6	0.00
Tpa_4668	12283	43	0.00
Tpa_4678	23632	5317	0.22
Tpa_4697	1107	928	0.84
Tpa_4713	51412	7780	0.15
Tpa_4731	3277	18	0.01
Tpa_4747	3566	59	0.02
Tpa_4749	601	51	0.08
Tpa_4804	2228	46	0.02
Tpa_4849	173	15	0.09
Tpa_4862	10933	1473	0.13
Tpa_4885	8242	1	0.00
Tpa_4886	42766	21	0.00
Tpa_4900	12019	105	0.01
Tpa_4920	48474	1	0.00
Tpa_4928	97458	7619	0.08
Tpa_4936	3550	2551	0.72
Tpa_4985	4131	5	0.00
Tpa_5002	18510	3403	0.18
Tpa_5015	28	2	0.07
Tpa_5022	869	847	0.97
Tpa_5057	2296	1640	0.71
Tpa_5069	92889	415	0.00
Tpa_5075	262	130	0.50
Tpa_5104	69	56	0.81
Tpa_5106	10718	1411	0.13
Tpa_5118	19423	12	0.00
Tpa_5138	73486	5153	0.07
Tpa_5144	571	30	0.05
Tpa_5167	101	4	0.04
Tpa_5196	561	13	0.02
Tpa_5205	220	26	0.12
Tpa_5206	84635	49	0.00
Tpa_5218	8803	1144	0.13
Tpa_5222	5915	4712	0.80
Tpa_5228	273	138	0.51
Tpa_5241	549	337	0.61
Tpa_5242	2260	466	0.21
Tpa_5244	6451	4419	0.69
Tpa_5249	13864	2056	0.15
Tpa_5270	6	4	0.67
Tpa_5278	939	661	0.70
Tpa_5279	12519	97	0.01
Tpa_5292	7378	6538	0.89
Tpa_5298	11238	196	0.02
Tpa_5327	1942	1569	0.81
Tpa_5360	53434	1093	0.02
Tpa_5361	5630	766	0.14
Tpa_5373	7184	82	0.01
Tpa_5379	110357	47482	0.43
Tpa_5382	34761	26403	0.76
Tpa_5418	5609	1676	0.30
Tpa_5441	9220	1395	0.15
Tpa_5445	1525	1411	0.93
Tpa_5446	198	165	0.83
Tpa_5454	22837	22152	0.97
Tpa_5471	3114	1748	0.56
Tpa_5485	2338	21	0.01
Tpa_5501	79410	4144	0.05
Tpa_5525	120969	766	0.01
Tpa_5538	6	0	0.00
Tpa_5540	19047	3395	0.18
Tpa_5542	2482	1130	0.46
Tpa_5563	279	65	0.23
Tpa_5565	73901	19224	0.26
Tpa_5570	12581	3	0.00
Tpa_5574	82659	16	0.00
Tpa_5588	950	250	0.26
Tpa_5594	7877	912	0.12
Tpa_5601	85688	2398	0.03
Tpa_5609	1510	2	0.00
Tpa_5623	1312	259	0.20
Tpa_5636	3764	22	0.01
Tpa_5651	2850	734	0.26
Tpa_5679	536	149	0.28
Tpa_5741	25557	152	0.01
Tpa_5747	53131	16274	0.31
Tpa_5761	7167	3127	0.44
Tpa_5774	47645	1574	0.03
Tpa_5786	554	350	0.63
Tpa_5795	58481	0	0.00
Tpa_5796	324	183	0.56
Tpa_5823	40718	10135	0.25
Tpa_5827	14092	3367	0.24
Tpa_5829	1012	666	0.66
Tpa_5838	1885	750	0.40
Tpa_5854	4	0	0.00
Tpa_5856	358	141	0.39
Tpa_5863	2895	1633	0.56
Tpa_5868	1824	258	0.14
Tpa_5878	38228	231	0.01
Tpa_5913	14616	7002	0.48
Tpa_5916	6140	2966	0.48
Tpa_5917	1127	345	0.31
Tpa_5942	3727	926	0.25
Tpa_5951	0	0	NA
Tpa_5961	67	4	0.06
Tpa_5978	59514	120	0.00
Tpa_5980	518	32	0.06
Tpa_6003	104623	1406	0.01
Tpa_6016	32097	35	0.00
Tpa_6076	6660	31	0.00
Tpa_6083	286	121	0.42
Tpa_6137	333	35	0.11
Tpa_6139	30478	2373	0.08
Tpa_6150	26	18	0.69
Tpa_6158	18843	358	0.02
Tpa_6169	18731	345	0.02
Tpa_6172	56506	468	0.01
Tpa_6204	3634	3	0.00
Tpa_6220	0	0	NA
Tpa_6222	78	28	0.36
Tpa_6224	24135	10929	0.45
Tpa_6265	104	97	0.93
Tpa_6270	3449	50	0.01
Tpa_6285	194	3	0.02
Tpa_6321	0	0	NA
Tpa_6352	181	8	0.04
Tpa_6355	55585	1311	0.02
Tpa_6384	76	3	0.04
Tpa_6385	44361	26	0.00
Tpa_6388	3	3	1.00
Tpa_6391	4066	116	0.03
Tpa_6411	5	2	0.40
Tpa_6422	81825	332	0.00
Tpa_6442	58351	4445	0.08
Tpa_6445	258	0	0.00
Tpa_6449	104	1	0.01
Tpa_6451	3377	32	0.01
Tpa_6453	2728	31	0.01
Tpa_6487	1298	949	0.73
Tpa_6493	47203	356	0.01
Tpa_6511	63796	84	0.00
Tpa_6528	29517	37	0.00
Tpa_6543	88199	1	0.00
Tpa_6562	70960	93	0.00
Tpa_6565	6852	5274	0.77
Tpa_6586	3343	335	0.10
Tpa_6591	1518	1356	0.89
Tpa_6604	400	0	0.00
Tpa_6611	3	0	0.00
Tpa_6630	32441	800	0.02
Tpa_6654	133	26	0.20
Tpa_6683	297	0	0.00
Tpa_6687	1002	23	0.02
Tpa_6689	96633	372	0.00
Tpa_6713	68093	169	0.00
Tpa_6733	662	635	0.96
Tpa_6768	17708	14304	0.81
Tpa_6773	84335	11378	0.13
Tpa_6774	46	22	0.48
Tpa_6786	9225	1388	0.15
Tpa_6814	12415	538	0.04
Tpa_6816	4534	3946	0.87
Tpa_6853	58123	117	0.00
Tpa_6887	12099	218	0.02
Tpa_6922	44090	5055	0.11
Tpa_6937	26658	7616	0.29
Tpa_6963	4524	4238	0.94
Tpa_6973	2944	937	0.32
Tpa_7007	94	5	0.05
Tpa_7010	10400	9112	0.88
Tpa_7018	53	14	0.26
Tpa_7052	58557	57493	0.98
Tpa_7058	41825	278	0.01
Tpa_7062	584	398	0.68
Tpa_7080	14664	8614	0.59
Tpa_7082	40	37	0.93
Tpa_7090	1023	856	0.84
Tpa_7106	83736	109	0.00
Tpa_7153	15	9	0.60
Tpa_7157	18942	3482	0.18
Tpa_7201	90557	14994	0.17
Tpa_7204	27350	6619	0.24
Tpa_7210	8415	614	0.07
Tpa_7213	17840	12834	0.72
Tpa_7221	61338	227	0.00
Tpa_7240	63961	1581	0.02
Tpa_7289	125157	2558	0.02
Tpa_7291	96549	8	0.00
Tpa_7293	50	5	0.10
Tpa_7331	305	0	0.00
Tpa_7348	63532	393	0.01
Tpa_7352	7	1	0.14
Tpa_7367	6071	4808	0.79
Tpa_7375	29438	9364	0.32
Tpa_7391	96701	22528	0.23
Tpa_7406	3	0	0.00
Tpa_7413	6	0	0.00
Tpa_7417	121	86	0.71
Tpa_7425	35798	1301	0.04
Tpa_7447	4549	13	0.00
Tpa_7450	407	0	0.00
Tpa_7452	2666	386	0.14
Tpa_7454	46453	1269	0.03
Tpa_7461	3518	12	0.00
Tpa_7477	1719	800	0.47
Tpa_7479	5567	3142	0.56
Tpa_7483	48186	9297	0.19
Tpa_7495	260	192	0.74
Tpa_7496	108698	10	0.00
Tpa_7533	4286	3718	0.87
Tpa_7540	7153	2396	0.33
Tpa_7553	3923	3618	0.92
Tpa_7560	6288	1496	0.24
Tpa_7566	33227	31073	0.94
Tpa_7567	12275	421	0.03
Tpa_7571	8948	2455	0.27
Tpa_7586	32361	30337	0.94
Tpa_7594	85	74	0.87
Tpa_7597	51389	50223	0.98
Tpa_7601	22189	0	0.00
Tpa_7604	16035	1719	0.11
Tpa_7605	132994	168	0.00
Tpa_7615	7548	6591	0.87
Tpa_7652	39	11	0.28
Tpa_7653	238	111	0.47
Tpa_7657	891	132	0.15
Tpa_7665	7	1	0.14
Tpa_7686	154840	148839	0.96
Tpa_7690	58674	57057	0.97
Tpa_7691	6079	21	0.00
Tpa_7703	5147	27	0.01
Tpa_7755	81524	789	0.01
Tpa_7757	689	1	0.00
Tpa_7764	78056	18130	0.23
Tpa_7765	20460	83	0.00
Tpa_7769	10279	9542	0.93
Tpa_7772	152	0	0.00
Tpa_7798	1910	411	0.22
Tpa_7799	40123	176	0.00
Tpa_7805	233	68	0.29
Tpa_7807	19899	106	0.01
Tpa_7814	87577	4425	0.05
Tpa_7825	24612	23758	0.97
Tpa_7848	7205	1016	0.14
Tpa_7871	3099	14	0.00
Tpa_7910	6806	222	0.03
