Locus	Primer Reads	Primer Probe Reads	Primer Probe Proportion
Tpa_0010	695	269	0.39
Tpa_0012	1839	830	0.45
Tpa_0024	13269	1	0.00
Tpa_0035	1957	596	0.30
Tpa_0037	4154	47	0.01
Tpa_0095	3802	1947	0.51
Tpa_0151	8993	5427	0.60
Tpa_0183	3150	2588	0.82
Tpa_0186	1333	511	0.38
Tpa_0215	11770	0	0.00
Tpa_0226	859	237	0.28
Tpa_0228	24235	64	0.00
Tpa_0263	40158	979	0.02
Tpa_0269	9883	197	0.02
Tpa_0272	1483	9	0.01
Tpa_0301	5209	5089	0.98
Tpa_0342	1176	905	0.77
Tpa_0346	3716	849	0.23
Tpa_0358	2041	1034	0.51
Tpa_0366	35899	431	0.01
Tpa_0367	1986	1070	0.54
Tpa_0371	769	546	0.71
Tpa_0395	661	566	0.86
Tpa_0409	34348	136	0.00
Tpa_0427	2043	1632	0.80
Tpa_0429	3287	337	0.10
Tpa_0438	19962	107	0.01
Tpa_0439	1841	1801	0.98
Tpa_0474	4333	29	0.01
Tpa_0492	6452	361	0.06
Tpa_0500	6261	376	0.06
Tpa_0540	113902	712	0.01
Tpa_0547	2450	539	0.22
Tpa_0556	69789	1119	0.02
Tpa_0569	742	410	0.55
Tpa_0592	4963	2541	0.51
Tpa_0650	30733	222	0.01
Tpa_0671	437	425	0.97
Tpa_0678	4609	51	0.01
Tpa_0730	5237	887	0.17
Tpa_0743	3206	1138	0.35
Tpa_0763	287	128	0.45
Tpa_0768	47922	1679	0.04
Tpa_0826	8553	173	0.02
Tpa_0866	5813	5115	0.88
Tpa_0868	3064	29	0.01
Tpa_0882	332	44	0.13
Tpa_0888	18926	269	0.01
Tpa_0895	25382	524	0.02
Tpa_0905	1191	520	0.44
Tpa_0912	52637	76	0.00
Tpa_0929	849	174	0.20
Tpa_0936	58119	546	0.01
Tpa_0953	16476	3412	0.21
Tpa_0970	1363	1	0.00
Tpa_0973	54409	6	0.00
Tpa_0979	18948	332	0.02
Tpa_1007	1891	538	0.28
Tpa_1022	41342	270	0.01
Tpa_1042	444	174	0.39
Tpa_1071	14218	399	0.03
Tpa_1077	7447	304	0.04
Tpa_1082	4757	3837	0.81
Tpa_1098	323	35	0.11
Tpa_1112	3201	452	0.14
Tpa_1136	198	1	0.01
Tpa_1144	174	109	0.63
Tpa_1154	328	251	0.77
Tpa_1156	452	2	0.00
Tpa_1187	544	341	0.63
Tpa_1268	208	147	0.71
Tpa_1290	4501	439	0.10
Tpa_1304	739	231	0.31
Tpa_1305	15201	1	0.00
Tpa_1310	1651	354	0.21
Tpa_1312	5195	2922	0.56
Tpa_1320	26984	1873	0.07
Tpa_1341	41462	208	0.01
Tpa_1357	2779	864	0.31
Tpa_1359	13885	1721	0.12
Tpa_1394	876	670	0.76
Tpa_1443	1512	66	0.04
Tpa_1486	19238	214	0.01
Tpa_1515	5292	105	0.02
Tpa_1528	5389	38	0.01
Tpa_1542	31910	472	0.01
Tpa_1548	34391	512	0.01
Tpa_1550	897	379	0.42
Tpa_1585	4438	3328	0.75
Tpa_1593	862	264	0.31
Tpa_1606	229331	3822	0.02
Tpa_1638	15156	140	0.01
Tpa_1646	41889	1616	0.04
Tpa_1662	6727	547	0.08
Tpa_1678	1953	717	0.37
Tpa_1689	2186	188	0.09
Tpa_1703	1022	2	0.00
Tpa_1731	20345	2290	0.11
Tpa_1774	561	237	0.42
Tpa_1775	121231	5565	0.05
Tpa_1818	4896	172	0.04
Tpa_1831	2438	2400	0.98
Tpa_1832	326	316	0.97
Tpa_1843	47895	537	0.01
Tpa_1891	1264	972	0.77
Tpa_1896	60481	275	0.00
Tpa_1917	1075	236	0.22
Tpa_1930	1635	651	0.40
Tpa_1966	434	339	0.78
Tpa_2006	442	395	0.89
Tpa_2010	7327	703	0.10
Tpa_2021	19519	278	0.01
Tpa_2034	787	759	0.96
Tpa_2040	2204	1076	0.49
Tpa_2041	17253	382	0.02
Tpa_2073	54043	131	0.00
Tpa_2076	13573	584	0.04
Tpa_2096	1664	799	0.48
Tpa_2128	503	448	0.89
Tpa_2157	5020	1371	0.27
Tpa_2180	28738	325	0.01
Tpa_2194	388	342	0.88
Tpa_2207	1826	1584	0.87
Tpa_2254	31196	528	0.02
Tpa_2278	890	854	0.96
Tpa_2334	62805	2	0.00
Tpa_2344	11311	2332	0.21
Tpa_2353	976	643	0.66
Tpa_2368	24624	758	0.03
Tpa_2412	36116	1547	0.04
Tpa_2417	2455	326	0.13
Tpa_2453	3137	0	0.00
Tpa_2458	2157	563	0.26
Tpa_2460	84121	264	0.00
Tpa_2470	12178	146	0.01
Tpa_2483	14666	466	0.03
Tpa_2498	7877	181	0.02
Tpa_2509	476	452	0.95
Tpa_2518	10790	178	0.02
Tpa_2519	2886	128	0.04
Tpa_2523	2858	77	0.03
Tpa_2581	4914	1254	0.26
Tpa_2601	6304	6074	0.96
Tpa_2608	45522	1383	0.03
Tpa_2636	34247	330	0.01
Tpa_2639	47905	150	0.00
Tpa_2664	31348	107	0.00
Tpa_2702	639	312	0.49
Tpa_2712	627	420	0.67
Tpa_2734	5534	1568	0.28
Tpa_2741	292	18	0.06
Tpa_2745	5227	1261	0.24
Tpa_2763	1717	1637	0.95
Tpa_2845	426	14	0.03
Tpa_2854	98017	305	0.00
Tpa_2856	25427	337	0.01
Tpa_2861	43230	755	0.02
Tpa_2868	25283	140	0.01
Tpa_2900	795	534	0.67
Tpa_2907	22668	448	0.02
Tpa_2961	667	563	0.84
Tpa_2970	7815	112	0.01
Tpa_3004	10059	471	0.05
Tpa_3011	54361	286	0.01
Tpa_3018	0	0	NA
Tpa_3047	7009	337	0.05
Tpa_3055	6854	491	0.07
Tpa_3063	14064	38	0.00
Tpa_3129	903	514	0.57
Tpa_3149	895	860	0.96
Tpa_3193	333	0	0.00
Tpa_3197	7219	738	0.10
Tpa_3200	954	511	0.54
Tpa_3248	1103	1056	0.96
Tpa_3254	8270	618	0.07
Tpa_3262	20324	2685	0.13
Tpa_3263	95548	121	0.00
Tpa_3310	33372	836	0.03
Tpa_3347	11585	40	0.00
Tpa_3354	531	461	0.87
Tpa_3364	7722	891	0.12
Tpa_3385	356	150	0.42
Tpa_3439	892	363	0.41
Tpa_3502	212	10	0.05
Tpa_3561	1381	46	0.03
Tpa_3569	322	314	0.98
Tpa_3583	2929	313	0.11
Tpa_3616	4601	1975	0.43
Tpa_3674	16782	1433	0.09
Tpa_3676	3952	176	0.04
Tpa_3679	473	41	0.09
Tpa_3684	28646	8	0.00
Tpa_3705	23713	1140	0.05
Tpa_3723	97	61	0.63
Tpa_3737	7878	174	0.02
Tpa_3745	2019	1450	0.72
Tpa_3795	19740	4591	0.23
Tpa_3846	4063	563	0.14
Tpa_3862	160	12	0.07
Tpa_3871	9090	827	0.09
Tpa_3879	3459	3144	0.91
Tpa_3905	81414	174	0.00
Tpa_3926	131399	386	0.00
Tpa_3937	616	520	0.84
Tpa_3962	1826	1114	0.61
Tpa_3974	1030	278	0.27
Tpa_4020	1438	783	0.54
Tpa_4021	1422	831	0.58
Tpa_4022	14284	3816	0.27
Tpa_4055	38922	54	0.00
Tpa_4077	96157	265	0.00
Tpa_4120	28382	2903	0.10
Tpa_4126	7543	735	0.10
Tpa_4137	3367	712	0.21
Tpa_4148	53381	241	0.00
Tpa_4168	13131	334	0.03
Tpa_4176	1357	93	0.07
Tpa_4178	9542	353	0.04
Tpa_4209	4973	662	0.13
Tpa_4221	4920	12	0.00
Tpa_4230	52433	518	0.01
Tpa_4245	35766	28	0.00
Tpa_4246	6181	677	0.11
Tpa_4247	18690	313	0.02
Tpa_4268	10709	10423	0.97
Tpa_4291	2118	1676	0.79
Tpa_4295	1019	437	0.43
Tpa_4310	27388	653	0.02
Tpa_4316	1938	1443	0.74
Tpa_4353	19549	2870	0.15
Tpa_4356	7011	5066	0.72
Tpa_4380	1933	415	0.21
Tpa_4384	1724	1330	0.77
Tpa_4394	2978	1122	0.38
Tpa_4416	7081	955	0.13
Tpa_4425	24408	98	0.00
Tpa_4443	1467	1040	0.71
Tpa_4454	55405	255	0.00
Tpa_4467	59328	231	0.00
Tpa_4495	134	103	0.77
Tpa_4506	445	49	0.11
Tpa_4511	3937	63	0.02
Tpa_4549	150414	121	0.00
Tpa_4556	349	214	0.61
Tpa_4569	40962	483	0.01
Tpa_4582	4422	256	0.06
Tpa_4590	3716	1846	0.50
Tpa_4591	9748	193	0.02
Tpa_4592	20694	576	0.03
Tpa_4593	65580	406	0.01
Tpa_4595	349	50	0.14
Tpa_4599	7997	6152	0.77
Tpa_4633	4426	117	0.03
Tpa_4637	33844	53	0.00
Tpa_4668	2721	333	0.12
Tpa_4678	18080	3415	0.19
Tpa_4697	425	390	0.92
Tpa_4713	7421	686	0.09
Tpa_4731	13503	118	0.01
Tpa_4747	18827	605	0.03
Tpa_4749	564	111	0.20
Tpa_4804	13722	212	0.02
Tpa_4849	1821	449	0.25
Tpa_4885	55018	119	0.00
Tpa_4886	18088	82	0.00
Tpa_4900	2332	308	0.13
Tpa_4920	65432	4	0.00
Tpa_4928	29027	693	0.02
Tpa_4936	1193	477	0.40
Tpa_4985	20834	202	0.01
Tpa_5002	764	367	0.48
Tpa_5015	311	11	0.04
Tpa_5022	5328	5027	0.94
Tpa_5057	962	464	0.48
Tpa_5075	1346	742	0.55
Tpa_5104	7230	6063	0.84
Tpa_5106	1339	284	0.21
Tpa_5118	47027	56	0.00
Tpa_5138	9176	981	0.11
Tpa_5144	651	264	0.41
Tpa_5167	510	265	0.52
Tpa_5196	3256	187	0.06
Tpa_5205	624	339	0.54
Tpa_5206	48251	92	0.00
Tpa_5218	4829	356	0.07
Tpa_5222	1491	460	0.31
Tpa_5228	752	249	0.33
Tpa_5241	1413	655	0.46
Tpa_5242	2112	1229	0.58
Tpa_5244	5830	2809	0.48
Tpa_5249	676	531	0.79
Tpa_5270	48	12	0.25
Tpa_5278	538	508	0.94
Tpa_5279	5874	292	0.05
Tpa_5292	4069	2483	0.61
Tpa_5298	18788	1170	0.06
Tpa_5327	4260	1902	0.45
Tpa_5360	16436	192	0.01
Tpa_5361	4224	509	0.12
Tpa_5373	13364	351	0.03
Tpa_5379	28477	8433	0.30
Tpa_5382	7474	2583	0.35
Tpa_5418	6782	1627	0.24
Tpa_5441	45690	1893	0.04
Tpa_5445	3325	2122	0.64
Tpa_5446	836	589	0.70
Tpa_5454	4823	1429	0.30
Tpa_5471	27988	13978	0.50
Tpa_5485	14186	142	0.01
Tpa_5501	7573	607	0.08
Tpa_5525	57812	1658	0.03
Tpa_5538	919	43	0.05
Tpa_5540	1425	575	0.40
Tpa_5542	407	299	0.73
Tpa_5563	717	266	0.37
Tpa_5565	26234	7993	0.30
Tpa_5570	41146	134	0.00
Tpa_5574	72204	76	0.00
Tpa_5588	7068	5849	0.83
Tpa_5594	2336	316	0.14
Tpa_5601	28086	1502	0.05
Tpa_5609	6761	29	0.00
Tpa_5623	10547	2181	0.21
Tpa_5636	24911	331	0.01
Tpa_5651	1302	506	0.39
Tpa_5679	1858	354	0.19
Tpa_5741	4883	156	0.03
Tpa_5761	3545	1108	0.31
Tpa_5774	32086	1538	0.05
Tpa_5795	202421	5	0.00
Tpa_5796	3966	1274	0.32
Tpa_5823	21127	3081	0.15
Tpa_5827	4485	553	0.12
Tpa_5829	884	778	0.88
Tpa_5838	3367	2531	0.75
Tpa_5854	291	2	0.01
Tpa_5856	786	654	0.83
Tpa_5863	1151	498	0.43
Tpa_5868	1861	232	0.12
Tpa_5878	10145	1271	0.13
Tpa_5913	4128	2447	0.59
Tpa_5917	3236	1364	0.42
Tpa_5942	262	182	0.69
Tpa_5951	355	264	0.74
Tpa_5961	640	12	0.02
Tpa_5978	31999	468	0.01
Tpa_5980	8847	538	0.06
Tpa_6016	24025	818	0.03
Tpa_6076	4741	465	0.10
Tpa_6083	2645	1270	0.48
Tpa_6137	5241	415	0.08
Tpa_6139	25595	1223	0.05
Tpa_6150	222	166	0.75
Tpa_6158	19902	1598	0.08
Tpa_6169	13927	2350	0.17
Tpa_6172	30881	1293	0.04
Tpa_6204	46134	16	0.00
Tpa_6220	2391	2206	0.92
Tpa_6222	645	529	0.82
Tpa_6224	4173	768	0.18
Tpa_6265	3137	335	0.11
Tpa_6270	1062	303	0.29
Tpa_6321	744	33	0.04
Tpa_6352	4292	9	0.00
Tpa_6355	19875	217	0.01
Tpa_6384	4630	24	0.01
Tpa_6385	6886	217	0.03
Tpa_6388	310	173	0.56
Tpa_6391	3390	936	0.28
Tpa_6411	591	3	0.01
Tpa_6422	36474	1055	0.03
Tpa_6442	44256	2961	0.07
Tpa_6449	310	25	0.08
Tpa_6451	44324	70	0.00
Tpa_6453	4145	381	0.09
Tpa_6487	1997	602	0.30
Tpa_6493	16865	131	0.01
Tpa_6511	132382	44094	0.33
Tpa_6543	124844	222	0.00
Tpa_6562	23241	429	0.02
Tpa_6565	15942	9975	0.63
Tpa_6586	737	237	0.32
Tpa_6591	375	345	0.92
Tpa_6604	131	48	0.37
Tpa_6611	162354	16	0.00
Tpa_6630	23181	673	0.03
Tpa_6654	936	251	0.27
Tpa_6683	1293	76	0.06
Tpa_6687	2490	126	0.05
Tpa_6713	11358	358	0.03
Tpa_6733	541	517	0.96
Tpa_6768	2824	2088	0.74
Tpa_6773	3254	845	0.26
Tpa_6774	1695	1002	0.59
Tpa_6786	989	782	0.79
Tpa_6814	6507	1700	0.26
Tpa_6816	778	647	0.83
Tpa_6853	43770	484	0.01
Tpa_6887	21589	414	0.02
Tpa_6922	17550	467	0.03
Tpa_6937	12367	4245	0.34
Tpa_6963	1894	1769	0.93
Tpa_6973	5367	2409	0.45
Tpa_7007	1448	82	0.06
Tpa_7010	2314	1826	0.79
Tpa_7018	833	297	0.36
Tpa_7052	2452	2400	0.98
Tpa_7058	8128	676	0.08
Tpa_7062	1612	1069	0.66
Tpa_7080	1434	1358	0.95
Tpa_7082	489	479	0.98
Tpa_7090	1773	1157	0.65
Tpa_7153	264	78	0.30
Tpa_7157	1140	693	0.61
Tpa_7201	22159	3155	0.14
Tpa_7204	3098	685	0.22
Tpa_7210	12105	529	0.04
Tpa_7213	8813	6092	0.69
Tpa_7221	12775	428	0.03
Tpa_7240	15040	1313	0.09
Tpa_7289	5422	374	0.07
Tpa_7291	92050	172	0.00
Tpa_7293	2517	55	0.02
Tpa_7331	7971	4	0.00
Tpa_7348	173956	641	0.00
Tpa_7352	388	2	0.01
Tpa_7367	3226	1957	0.61
Tpa_7375	4062	1221	0.30
Tpa_7406	280	2	0.01
Tpa_7413	1073	990	0.92
Tpa_7417	647	622	0.96
Tpa_7425	34145	1367	0.04
Tpa_7447	6383	31	0.00
Tpa_7450	7355	0	0.00
Tpa_7452	10808	3044	0.28
Tpa_7454	5331	548	0.10
Tpa_7461	10270	673	0.07
Tpa_7477	943	751	0.80
Tpa_7479	6412	3350	0.52
Tpa_7483	5442	2356	0.43
Tpa_7495	2490	1482	0.60
Tpa_7533	3393	2960	0.87
Tpa_7540	4489	692	0.15
Tpa_7553	3026	2464	0.81
Tpa_7560	6279	1162	0.19
Tpa_7566	6004	5844	0.97
Tpa_7567	12904	5490	0.43
Tpa_7571	14110	3324	0.24
Tpa_7586	8698	7659	0.88
Tpa_7594	84601	43359	0.51
Tpa_7597	19186	18703	0.97
Tpa_7601	78913	0	0.00
Tpa_7604	57887	11910	0.21
Tpa_7605	42411	1659	0.04
Tpa_7615	734	657	0.90
Tpa_7652	62206	14841	0.24
Tpa_7653	26402	17130	0.65
Tpa_7657	3461	2122	0.61
Tpa_7665	43	1	0.02
Tpa_7686	20716	18810	0.91
Tpa_7690	10176	8212	0.81
Tpa_7691	4336	364	0.08
Tpa_7703	96500	3066	0.03
Tpa_7757	18185	3	0.00
Tpa_7764	21240	1575	0.07
Tpa_7765	36542	179	0.00
Tpa_7769	257	208	0.81
Tpa_7772	524	2	0.00
Tpa_7798	13683	1325	0.10
Tpa_7799	3027	257	0.08
Tpa_7805	360	225	0.62
Tpa_7807	13888	488	0.04
Tpa_7814	7352	1046	0.14
Tpa_7825	3019	2300	0.76
Tpa_7848	11459	260	0.02
Tpa_7910	13505	508	0.04
