Locus_ID	AvgReadDepth	GenotypeRate	minAF	majAF	alleles	allFreqs	conScore
1	Tpa_0010_1	1.29411764705882	0.0105263157894737	0.5	0.5	A,G	0.5,0.5	0
2	Tpa_0012_1	3.05555555555556	0.178947368421053	0	1	C,A	0,1	NA
3	Tpa_0024_1	NA	0	NA	NA	A,C	NaN,NaN	NA
4	Tpa_0035_1	1.76923076923077	0.0210526315789474	0	1	T,C	0,1	NA
5	Tpa_0037_1	1.2	0.0105263157894737	0.5	0.5	A,C	0.5,0.5	0
6	Tpa_0095_1	44.3837209302326	0.831578947368421	0.0759493670886076	0.924050632911392	G,A	0.08,0.92	0.1
7	Tpa_0151_1	66.7032967032967	0.905263157894737	0.0348837209302326	0.965116279069767	G,A	0.03,0.97	0
8	Tpa_0183_1	8.91525423728813	0.326315789473684	0.241935483870968	0.758064516129032	C,A	0.76,0.24	0
9	Tpa_0186_1	1.6	0.0105263157894737	0	1	C,A	0,1	NA
10	Tpa_0215_1	NA	0	NA	NA	A,C	NaN,NaN	NA
11	Tpa_0226_1	1	0	NA	NA	C,A	NaN,NaN	NA
12	Tpa_0228_1	1	0	NA	NA	T,A	NaN,NaN	NA
13	Tpa_0263_1	1.58823529411765	0.0210526315789474	0.5	0.5	C,G	0.5,0.5	NA
14	Tpa_0269_1	1.125	0	NA	NA	G,A	NaN,NaN	NA
15	Tpa_0272_1	NA	0	NA	NA	A,C	NaN,NaN	NA
16	Tpa_0301_1	51.3118279569892	0.905263157894737	0.0116279069767442	0.988372093023256	G,T	0.99,0.01	1
17	Tpa_0342_1	7.5	0.494736842105263	0.223404255319149	0.776595744680851	C,T	0.78,0.22	0
18	Tpa_0346_1	1.25	0.0105263157894737	0	1	A,C	1,0	NA
19	Tpa_0358_1	2.39285714285714	0.0736842105263158	0	1	A,C	1,0	NA
20	Tpa_0366_1	4.65714285714286	0.357894736842105	0.0735294117647059	0.926470588235294	T,C	0.93,0.07	0
21	Tpa_0367_1	1.41666666666667	0.0105263157894737	0	1	C,T	1,0	NA
22	Tpa_0371_1	3.08	0.2	0	1	C,T	1,0	NA
23	Tpa_0395_1	4.08571428571429	0.168421052631579	0.03125	0.96875	G,A	0.03,0.97	0
24	Tpa_0409_1	NA	0	NA	NA	T,C	NaN,NaN	NA
25	Tpa_0427_1	2.10526315789474	0.126315789473684	0.416666666666667	0.583333333333333	C,T	0.42,0.58	0
26	Tpa_0429_1	1.22222222222222	0	NA	NA	G,C	NaN,NaN	NA
27	Tpa_0438_1	1.44444444444444	0.0105263157894737	0	1	A,C	0,1	NA
28	Tpa_0439_1	5.37735849056604	0.305263157894737	0.206896551724138	0.793103448275862	G,C	0.79,0.21	0
29	Tpa_0474_1	1	0	NA	NA	A,T	NaN,NaN	NA
30	Tpa_0492_1	1	0	NA	NA	C,G	NaN,NaN	NA
31	Tpa_0500_1	1	0	NA	NA	A,C	NaN,NaN	NA
32	Tpa_0540_1	1	0	NA	NA	G,C	NaN,NaN	NA
33	Tpa_0547_1	2.97777777777778	0.178947368421053	0.0882352941176471	0.911764705882353	G,A	0.09,0.91	0
34	Tpa_0556_1	1	0	NA	NA	C,T	NaN,NaN	NA
35	Tpa_0569_1	4.75409836065574	0.336842105263158	0.28125	0.71875	A,G	0.72,0.28	0
36	Tpa_0584_1	1.16666666666667	0	NA	NA	C,G	NaN,NaN	NA
37	Tpa_0592_1	33.855421686747	0.778947368421053	0.108108108108108	0.891891891891892	A,G	0.89,0.11	0
38	Tpa_0650_1	1.125	0	NA	NA	G,A	NaN,NaN	NA
39	Tpa_0671_1	2.71428571428571	0.168421052631579	0.1875	0.8125	C,G	0.81,0.19	0
40	Tpa_0678_1	1	0	NA	NA	G,A	NaN,NaN	NA
41	Tpa_0687_1	1.6875	0.0315789473684211	0.166666666666667	0.833333333333333	C,T	0.83,0.17	0
42	Tpa_0730_1	1.58333333333333	0.0210526315789474	0.25	0.75	G,C	0.25,0.75	0
43	Tpa_0743_1	1.875	0.0736842105263158	0	1	C,A	0,1	NA
44	Tpa_0763_1	3.15625	0.147368421052632	0.142857142857143	0.857142857142857	C,A	0.14,0.86	0
45	Tpa_0768_1	1.1	0	NA	NA	G,A	NaN,NaN	NA
46	Tpa_0791_1	2.85365853658537	0.126315789473684	0.0833333333333333	0.916666666666667	G,A	0.08,0.92	0
47	Tpa_0826_1	1.08333333333333	0	NA	NA	G,C	NaN,NaN	NA
48	Tpa_0866_1	80.2795698924731	0.936842105263158	0.0786516853932584	0.921348314606742	C,T	0.92,0.08	0.666666666666667
49	Tpa_0868_1	NA	0	NA	NA	A,T	NaN,NaN	NA
50	Tpa_0882_1	1	0	NA	NA	A,T	NaN,NaN	NA
51	Tpa_0888_1	2.95652173913043	0.157894736842105	0	1	G,A	0,1	NA
52	Tpa_0895_1	1.66666666666667	0.0105263157894737	0	1	G,A	0,1	NA
53	Tpa_0905_1	3.31818181818182	0.221052631578947	0.0714285714285714	0.928571428571429	T,C	0.93,0.07	0
54	Tpa_0912_1	NA	0	NA	NA	C,A	NaN,NaN	NA
55	Tpa_0929_1	1	0	NA	NA	G,A	NaN,NaN	NA
56	Tpa_0936_1	1.58823529411765	0.0315789473684211	0.166666666666667	0.833333333333333	C,T	0.83,0.17	0
57	Tpa_0953_1	37.1046511627907	0.831578947368421	0.0822784810126582	0.917721518987342	C,T	0.92,0.08	0.153846153846154
58	Tpa_0970_1	NA	0	NA	NA	A,C	NaN,NaN	NA
59	Tpa_0973_1	NA	0	NA	NA	T,G	NaN,NaN	NA
60	Tpa_0979_1	1.5	0.0105263157894737	0	1	C,G	1,0	NA
61	Tpa_1007_1	1	0	NA	NA	T,C	NaN,NaN	NA
62	Tpa_1022_1	1.72727272727273	0.0315789473684211	0	1	G,A	0,1	NA
63	Tpa_1042_1	NA	0	NA	NA	G,A	NaN,NaN	NA
64	Tpa_1071_1	1.7	0.0315789473684211	0.166666666666667	0.833333333333333	A,C	0.83,0.17	0
65	Tpa_1077_1	3.59649122807018	0.305263157894737	0.103448275862069	0.896551724137931	C,T	0.9,0.1	0
66	Tpa_1082_1	125.193548387097	0.968421052631579	0.0869565217391304	0.91304347826087	C,T	0.91,0.09	0.625
67	Tpa_1098_1	NA	0	NA	NA	A,C	NaN,NaN	NA
68	Tpa_1112_1	1.3125	0.0210526315789474	0	1	G,A	0,1	NA
69	Tpa_1136_1	1	0	NA	NA	T,G	NaN,NaN	NA
70	Tpa_1144_1	1.5	0.0210526315789474	0.25	0.75	G,T	0.75,0.25	0
71	Tpa_1154_1	1.58064516129032	0.0736842105263158	0.428571428571429	0.571428571428571	C,T	0.43,0.57	0
72	Tpa_1156_1	NA	0	NA	NA	G,A	NaN,NaN	NA
73	Tpa_1187_1	1.86666666666667	0.0421052631578947	0	1	C,T	1,0	NA
74	Tpa_1268_1	2.25	0.0631578947368421	0	1	T,A	0,1	NA
75	Tpa_1290_1	NA	0	NA	NA	C,T	NaN,NaN	NA
76	Tpa_1304_1	1	0	NA	NA	A,G	NaN,NaN	NA
77	Tpa_1305_1	NA	0	NA	NA	A,T	NaN,NaN	NA
78	Tpa_1310_1	1	0	NA	NA	C,T	NaN,NaN	NA
79	Tpa_1312_1	3.80701754385965	0.242105263157895	0.0434782608695652	0.956521739130435	C,T	0.96,0.04	0
80	Tpa_1320_1	1	0	NA	NA	T,C	NaN,NaN	NA
81	Tpa_1341_1	NA	0	NA	NA	C,T	NaN,NaN	NA
82	Tpa_1357_1	2.63636363636364	0.115789473684211	0.0454545454545455	0.954545454545455	G,C	0.05,0.95	0
83	Tpa_1359_1	1.39130434782609	0.0315789473684211	0.166666666666667	0.833333333333333	A,G	0.83,0.17	0
84	Tpa_1394_1	1	0	NA	NA	G,A	NaN,NaN	NA
85	Tpa_1404_1	NA	0	NA	NA	C,T	NaN,NaN	NA
86	Tpa_1443_1	NA	0	NA	NA	A,G	NaN,NaN	NA
87	Tpa_1486_1	2.18918918918919	0.105263157894737	0.05	0.95	T,C	0.05,0.95	0
88	Tpa_1515_1	1.95238095238095	0.0631578947368421	0.25	0.75	A,C	0.75,0.25	0
89	Tpa_1528_1	1.08333333333333	0	NA	NA	G,T	NaN,NaN	NA
90	Tpa_1542_1	3.52380952380952	0.189473684210526	0.0277777777777778	0.972222222222222	C,G	0.97,0.03	0
91	Tpa_1548_1	1	0	NA	NA	T,G	NaN,NaN	NA
92	Tpa_1550_1	6.46031746031746	0.389473684210526	0.027027027027027	0.972972972972973	C,G	0.97,0.03	0
93	Tpa_1585_1	98.4408602150538	0.968421052631579	0.0760869565217391	0.923913043478261	T,C	0.92,0.08	0.125
94	Tpa_1593_1	1.70588235294118	0.0421052631578947	0.5	0.5	G,A	0.5,0.5	0
95	Tpa_1606_1	1.4375	0.0210526315789474	0	1	T,G	0,1	NA
96	Tpa_1638_1	1.375	0.0105263157894737	0.5	0.5	C,G	0.5,0.5	0
97	Tpa_1646_1	3.66037735849057	0.242105263157895	0.0217391304347826	0.978260869565217	C,T	0.98,0.02	1
98	Tpa_1662_1	2.67391304347826	0.178947368421053	0.0882352941176471	0.911764705882353	G,A	0.09,0.91	0
99	Tpa_1678_1	11.1538461538462	0.663157894736842	0.0555555555555556	0.944444444444444	C,T	0.94,0.06	0.142857142857143
100	Tpa_1689_1	2.55	0.0842105263157895	0.25	0.75	C,T	0.75,0.25	0
101	Tpa_1703_1	NA	0	NA	NA	A,G	NaN,NaN	NA
102	Tpa_1731_1	11.16	0.578947368421053	0.0181818181818182	0.981818181818182	C,A	0.02,0.98	0
103	Tpa_1774_1	3.0327868852459	0.221052631578947	0.0238095238095238	0.976190476190476	C,T	0.98,0.02	0
104	Tpa_1775_1	4.05555555555556	0.115789473684211	0.272727272727273	0.727272727272727	C,T	0.73,0.27	NA
105	Tpa_1804_1	10.4583333333333	0.515789473684211	0.193877551020408	0.806122448979592	C,G	0.81,0.19	0
106	Tpa_1818_1	1	0	NA	NA	G,A	NaN,NaN	NA
107	Tpa_1831_1	4.05172413793103	0.221052631578947	0.0714285714285714	0.928571428571429	G,T	0.93,0.07	0
108	Tpa_1832_1	2.5	0.0105263157894737	0	1	A,G	1,0	NA
109	Tpa_1843_1	1.3	0	NA	NA	C,T	NaN,NaN	NA
110	Tpa_1847_1	NA	0	NA	NA	T,A	NaN,NaN	NA
111	Tpa_1891_1	2.5609756097561	0.136842105263158	0.0384615384615385	0.961538461538462	C,A	0.04,0.96	0
112	Tpa_1896_1	1.5625	0.0105263157894737	0	1	A,G	0,1	NA
113	Tpa_1917_1	1	0	NA	NA	C,T	NaN,NaN	NA
114	Tpa_1930_1	1.56666666666667	0.0526315789473684	0.4	0.6	A,G	0.4,0.6	0
115	Tpa_1966_1	2.66666666666667	0.0736842105263158	0.214285714285714	0.785714285714286	C,T	0.21,0.79	0
116	Tpa_2006_1	27.6666666666667	0.789473684210526	0.0933333333333333	0.906666666666667	C,T	0.91,0.09	0.214285714285714
117	Tpa_2010_1	1.09090909090909	0	NA	NA	C,G	NaN,NaN	NA
118	Tpa_2021_1	8.3013698630137	0.505263157894737	0.0729166666666667	0.927083333333333	C,T	0.93,0.07	0
119	Tpa_2034_1	1	0	NA	NA	A,T	NaN,NaN	NA
120	Tpa_2040_1	13.3333333333333	0.652631578947368	0.169354838709677	0.830645161290323	T,A	0.17,0.83	0
121	Tpa_2041_1	6.67088607594937	0.505263157894737	0	1	C,A	0,1	NA
122	Tpa_2073_1	NA	0	NA	NA	G,A	NaN,NaN	NA
123	Tpa_2076_1	2.78	0.126315789473684	0.0833333333333333	0.916666666666667	C,A	0.08,0.92	0
124	Tpa_2096_1	1.26666666666667	0.0105263157894737	0	1	G,A	0,1	NA
125	Tpa_2128_1	1.28571428571429	0	NA	NA	G,T	NaN,NaN	NA
126	Tpa_2157_1	5.38983050847458	0.336842105263158	0.0625	0.9375	A,C	0.94,0.06	0
127	Tpa_2180_1	1.8	0.0631578947368421	0	1	C,T	0,1	NA
128	Tpa_2194_1	1.33333333333333	0.0105263157894737	0.5	0.5	A,G	0.5,0.5	0
129	Tpa_2207_1	1.76	0.0315789473684211	0.166666666666667	0.833333333333333	G,T	0.83,0.17	0
130	Tpa_2254_1	1.22222222222222	0.0105263157894737	0	1	C,G	1,0	NA
131	Tpa_2278_1	1.74074074074074	0.0421052631578947	0	1	G,A	0,1	NA
132	Tpa_2334_1	NA	0	NA	NA	C,T	NaN,NaN	NA
133	Tpa_2344_1	16.0263157894737	0.652631578947368	0.032258064516129	0.967741935483871	G,A	0.03,0.97	0
134	Tpa_2353_1	3.63636363636364	0.284210526315789	0.12962962962963	0.87037037037037	C,G	0.87,0.13	0
135	Tpa_2368_1	11.7846153846154	0.452631578947368	0	1	A,G	0,1	NA
136	Tpa_2412_1	2.04166666666667	0.0526315789473684	0	1	G,A	0,1	NA
137	Tpa_2417_1	1.82352941176471	0.0526315789473684	0	1	A,G	0,1	NA
138	Tpa_2453_1	NA	0	NA	NA	T,C	NaN,NaN	NA
139	Tpa_2458_1	4.41935483870968	0.168421052631579	0	1	C,T	1,0	NA
140	Tpa_2460_1	NA	0	NA	NA	G,A	NaN,NaN	NA
141	Tpa_2470_1	3.26666666666667	0.157894736842105	0.0666666666666667	0.933333333333333	C,T	0.93,0.07	0
142	Tpa_2483_1	2	0.0210526315789474	0.25	0.75	C,T	0.75,0.25	0
143	Tpa_2498_1	1.33333333333333	0	NA	NA	C,G	NaN,NaN	NA
144	Tpa_2509_1	15.4457831325301	0.684210526315789	0.192307692307692	0.807692307692308	C,T	0.81,0.19	0
145	Tpa_2518_1	1.45454545454545	0.0105263157894737	0	1	T,C	0,1	NA
146	Tpa_2519_1	1.33333333333333	0	NA	NA	A,T	NaN,NaN	NA
147	Tpa_2523_1	NA	0	NA	NA	A,G	NaN,NaN	NA
148	Tpa_2581_1	6.82	0.263157894736842	0.08	0.92	T,C	0.08,0.92	0
149	Tpa_2601_1	26.7441860465116	0.821052631578947	0.403846153846154	0.596153846153846	T,C	0.6,0.4	0.128205128205128
150	Tpa_2608_1	7.40506329113924	0.536842105263158	0.205882352941176	0.794117647058823	A,C	0.79,0.21	0
151	Tpa_2636_1	1.2	0	NA	NA	A,T	NaN,NaN	NA
152	Tpa_2639_1	1	0	NA	NA	G,A	NaN,NaN	NA
153	Tpa_2664_1	1.33333333333333	0.0105263157894737	0	1	C,T	1,0	NA
154	Tpa_2702_1	5.50877192982456	0.368421052631579	0.0285714285714286	0.971428571428571	C,T	0.97,0.03	NA
155	Tpa_2712_1	29.5227272727273	0.810526315789474	0.0324675324675325	0.967532467532468	G,A	0.03,0.97	0
156	Tpa_2734_1	9.88888888888889	0.126315789473684	0.25	0.75	T,G	0.25,0.75	0
157	Tpa_2741_1	NA	0	NA	NA	A,C	NaN,NaN	NA
158	Tpa_2745_1	18.406976744186	0.8	0.269736842105263	0.730263157894737	G,A	0.73,0.27	0
159	Tpa_2763_1	2.67857142857143	0.126315789473684	0.0416666666666667	0.958333333333333	A,T	0.96,0.04	0
160	Tpa_2845_1	1	0	NA	NA	T,G	NaN,NaN	NA
161	Tpa_2854_1	NA	0	NA	NA	C,T	NaN,NaN	NA
162	Tpa_2856_1	1.16666666666667	0	NA	NA	C,T	NaN,NaN	NA
163	Tpa_2861_1	NA	0	NA	NA	G,A	NaN,NaN	NA
164	Tpa_2868_1	NA	0	NA	NA	C,T	NaN,NaN	NA
165	Tpa_2900_1	8.52173913043478	0.515789473684211	0.0408163265306122	0.959183673469388	G,A	0.04,0.96	0.25
166	Tpa_2907_1	1	0	NA	NA	T,C	NaN,NaN	NA
167	Tpa_2961_1	1	0	NA	NA	A,G	NaN,NaN	NA
168	Tpa_2970_1	2.5	0.0105263157894737	0	1	C,T	1,0	NA
169	Tpa_3004_1	18.8101265822785	0.726315789473684	0.123188405797101	0.876811594202899	A,G	0.12,0.88	0.0769230769230769
170	Tpa_3011_1	NA	0	NA	NA	G,A	NaN,NaN	NA
171	Tpa_3018_1	1.64285714285714	0.0315789473684211	0	1	G,T	1,0	NA
172	Tpa_3047_1	4.15	0.0526315789473684	0.2	0.8	C,G	0.8,0.2	NA
173	Tpa_3055_1	NA	0	NA	NA	T,C	NaN,NaN	NA
174	Tpa_3063_1	1	0	NA	NA	A,T	NaN,NaN	NA
175	Tpa_3129_1	3.40909090909091	0.2	0.157894736842105	0.842105263157895	G,A	0.16,0.84	0
176	Tpa_3149_1	52.2527472527473	0.905263157894737	0.104651162790698	0.895348837209302	A,G	0.9,0.1	0
177	Tpa_3193_1	NA	0	NA	NA	G,C	NaN,NaN	NA
178	Tpa_3197_1	62.4719101123596	0.894736842105263	0.0352941176470588	0.964705882352941	T,C	0.04,0.96	0
179	Tpa_3200_1	5.39705882352941	0.421052631578947	0.125	0.875	C,T	0.88,0.12	0
180	Tpa_3235_1	1	0	NA	NA	C,T	NaN,NaN	NA
181	Tpa_3248_1	7.72727272727273	0.536842105263158	0.00980392156862745	0.990196078431373	C,T	0.01,0.99	0
182	Tpa_3254_1	1	0	NA	NA	G,T	NaN,NaN	NA
183	Tpa_3262_1	7.62857142857143	0.421052631578947	0.2	0.8	G,T	0.8,0.2	0.0833333333333333
184	Tpa_3263_1	1.75	0.0105263157894737	0	1	A,G	1,0	NA
185	Tpa_3310_1	6.82539682539683	0.378947368421053	0.0416666666666667	0.958333333333333	C,T	0.96,0.04	0
186	Tpa_3347_1	1	0	NA	NA	C,T	NaN,NaN	NA
187	Tpa_3354_1	1.28571428571429	0.0105263157894737	0	1	T,C	0,1	NA
188	Tpa_3364_1	1.58064516129032	0.0736842105263158	0.428571428571429	0.571428571428571	A,G	0.57,0.43	0
189	Tpa_3385_1	NA	0	NA	NA	C,T	NaN,NaN	NA
190	Tpa_3414_1	1	0	NA	NA	A,C	NaN,NaN	NA
191	Tpa_3439_1	6.88709677419355	0.347368421052632	0.0303030303030303	0.96969696969697	G,T	0.97,0.03	NA
192	Tpa_3502_1	NA	0	NA	NA	A,G	NaN,NaN	NA
193	Tpa_3561_1	1	0	NA	NA	G,A	NaN,NaN	NA
194	Tpa_3569_1	1.16666666666667	0	NA	NA	G,A	NaN,NaN	NA
195	Tpa_3578_1	4.36363636363636	0.210526315789474	0.025	0.975	G,A	0.03,0.98	0
196	Tpa_3583_1	1.38461538461538	0	NA	NA	A,G	NaN,NaN	NA
197	Tpa_3616_1	1.72727272727273	0.0105263157894737	0	1	T,A	0,1	NA
198	Tpa_3674_1	5.24561403508772	0.305263157894737	0.0172413793103448	0.982758620689655	G,A	0.02,0.98	0
199	Tpa_3676_1	1.3	0.0105263157894737	0	1	C,T	1,0	NA
200	Tpa_3679_1	1.5	0.0105263157894737	0.5	0.5	C,T	0.5,0.5	0
201	Tpa_3684_1	NA	0	NA	NA	T,C	NaN,NaN	NA
202	Tpa_3705_1	2	0.0210526315789474	0	1	G,T	1,0	NA
203	Tpa_3723_1	1.5	0.0105263157894737	0.5	0.5	A,G	0.5,0.5	0
204	Tpa_3737_1	1	0	NA	NA	G,A	NaN,NaN	NA
205	Tpa_3745_1	30.7674418604651	0.8	0.0394736842105263	0.960526315789474	G,A	0.04,0.96	0
206	Tpa_3795_1	1.36842105263158	0.0210526315789474	0	1	G,A	0,1	NA
207	Tpa_3846_1	15.4642857142857	0.705263157894737	0.126865671641791	0.873134328358209	C,T	0.87,0.13	0
208	Tpa_3862_1	NA	0	NA	NA	T,C	NaN,NaN	NA
209	Tpa_3871_1	4.72093023255814	0.221052631578947	0.0714285714285714	0.928571428571429	C,T	0.93,0.07	0
210	Tpa_3879_1	14.3896103896104	0.642105263157895	0.0163934426229508	0.983606557377049	T,A	0.02,0.98	0
211	Tpa_3905_1	1	0	NA	NA	A,C	NaN,NaN	NA
212	Tpa_3926_1	1	0	NA	NA	C,T	NaN,NaN	NA
213	Tpa_3937_1	5.63157894736842	0.505263157894737	0.197916666666667	0.802083333333333	G,A	0.2,0.8	0
214	Tpa_3962_1	21.4431818181818	0.873684210526316	0.132530120481928	0.867469879518072	C,G	0.87,0.13	0
215	Tpa_3974_1	3.12903225806452	0.263157894736842	0.26	0.74	G,T	0.26,0.74	0
216	Tpa_4020_1	1	0	NA	NA	G,A	NaN,NaN	NA
217	Tpa_4021_1	3.16363636363636	0.273684210526316	0.0384615384615385	0.961538461538462	C,T	0.96,0.04	0
218	Tpa_4022_1	1.88235294117647	0.0736842105263158	0.357142857142857	0.642857142857143	G,A	0.36,0.64	0
219	Tpa_4055_1	1.2	0	NA	NA	A,C	NaN,NaN	NA
220	Tpa_4077_1	1.64705882352941	0.0105263157894737	0	1	A,T	1,0	NA
221	Tpa_4120_1	3.51111111111111	0.2	0.157894736842105	0.842105263157895	C,T	0.84,0.16	0
222	Tpa_4126_1	1.96666666666667	0.0842105263157895	0	1	G,C	1,0	NA
223	Tpa_4137_1	3.421875	0.242105263157895	0.0217391304347826	0.978260869565217	C,A	0.02,0.98	0
224	Tpa_4148_1	NA	0	NA	NA	A,G	NaN,NaN	NA
225	Tpa_4168_1	1	0	NA	NA	C,T	NaN,NaN	NA
226	Tpa_4176_1	1.4	0.0105263157894737	0	1	C,G	1,0	NA
227	Tpa_4178_1	1.5	0.0105263157894737	0	1	C,T	1,0	NA
228	Tpa_4209_1	1.94736842105263	0.0631578947368421	0.25	0.75	G,A	0.25,0.75	0
229	Tpa_4221_1	1	0	NA	NA	T,A	NaN,NaN	NA
230	Tpa_4230_1	3.68	0.157894736842105	0.333333333333333	0.666666666666667	C,G	0.67,0.33	0.25
231	Tpa_4245_1	1	0	NA	NA	G,C	NaN,NaN	NA
232	Tpa_4246_1	3.20408163265306	0.221052631578947	0	1	T,C	0,1	NA
233	Tpa_4247_1	3.6078431372549	0.189473684210526	0.0833333333333333	0.916666666666667	T,A	0.92,0.08	0
234	Tpa_4268_1	322.957894736842	0.989473684210526	0.0478723404255319	0.952127659574468	C,G	0.95,0.05	1
235	Tpa_4291_1	4.06521739130435	0.252631578947368	0.104166666666667	0.895833333333333	C,T	0.9,0.1	0
236	Tpa_4295_1	1.5	0.0315789473684211	0	1	C,A	0,1	NA
237	Tpa_4310_1	1.85	0.0315789473684211	0	1	G,C	1,0	NA
238	Tpa_4316_1	3.76923076923077	0.273684210526316	0.0192307692307692	0.980769230769231	C,T	0.98,0.02	0
239	Tpa_4353_1	7.38095238095238	0.421052631578947	0	1	G,A	0,1	NA
240	Tpa_4356_1	26.0487804878049	0.705263157894737	0.0746268656716418	0.925373134328358	C,T	0.93,0.07	0.166666666666667
241	Tpa_4380_1	13.5135135135135	0.557894736842105	0.00943396226415094	0.990566037735849	G,T	0.99,0.01	0
242	Tpa_4384_1	145.063829787234	0.957894736842105	0.0549450549450549	0.945054945054945	G,A	0.05,0.95	0.3
243	Tpa_4394_1	15.1641791044776	0.463157894736842	0	1	C,T	1,0	NA
244	Tpa_4416_1	3.04444444444444	0.147368421052632	0.0357142857142857	0.964285714285714	G,A	0.04,0.96	0
245	Tpa_4425_1	3.25	0.0105263157894737	0	1	G,A	0,1	NA
246	Tpa_4443_1	4.08771929824561	0.221052631578947	0.0238095238095238	0.976190476190476	C,T	0.98,0.02	0
247	Tpa_4454_1	2.25925925925926	0.0631578947368421	0.333333333333333	0.666666666666667	G,A	0.33,0.67	0
248	Tpa_4467_1	1	0	NA	NA	G,C	NaN,NaN	NA
249	Tpa_4495_1	30.8333333333333	0.863157894736842	0.115853658536585	0.884146341463415	T,C	0.12,0.88	0
250	Tpa_4506_1	NA	0	NA	NA	C,G	NaN,NaN	NA
251	Tpa_4511_1	1.1875	0.0105263157894737	0	1	G,A	0,1	NA
252	Tpa_4549_1	NA	0	NA	NA	A,G	NaN,NaN	NA
253	Tpa_4556_1	4.57142857142857	0.421052631578947	0.05	0.95	A,C	0.95,0.05	0
254	Tpa_4569_1	3.41463414634146	0.168421052631579	0.375	0.625	A,C	0.62,0.38	0
255	Tpa_4582_1	2.85714285714286	0.126315789473684	0.0416666666666667	0.958333333333333	A,T	0.96,0.04	0
256	Tpa_4590_1	162.744680851064	0.978947368421053	0.0483870967741935	0.951612903225806	G,T	0.95,0.05	0.857142857142857
257	Tpa_4591_1	6.90140845070423	0.526315789473684	0.01	0.99	C,T	0.99,0.01	0
258	Tpa_4592_1	2	0.0210526315789474	0.25	0.75	G,C	0.25,0.75	0
259	Tpa_4593_1	2.67391304347826	0.115789473684211	0.0909090909090909	0.909090909090909	C,T	0.91,0.09	0
260	Tpa_4595_1	1	0	NA	NA	G,A	NaN,NaN	NA
261	Tpa_4599_1	546.127659574468	0.989473684210526	0.074468085106383	0.925531914893617	C,T	0.93,0.07	0.214285714285714
262	Tpa_4633_1	3.3125	0.2	0.0526315789473684	0.947368421052632	A,C	0.05,0.95	0
263	Tpa_4637_1	2	0.0105263157894737	0	1	C,A	0,1	NA
264	Tpa_4668_1	1.36842105263158	0.0105263157894737	0	1	C,A	1,0	NA
265	Tpa_4678_1	36.5172413793103	0.842105263157895	0.00625	0.99375	T,A	0.01,0.99	0
266	Tpa_4697_1	7.22666666666667	0.505263157894737	0.0104166666666667	0.989583333333333	T,C	0.01,0.99	0
267	Tpa_4713_1	54.0340909090909	0.842105263157895	0.0625	0.9375	G,A	0.06,0.94	0
268	Tpa_4731_1	1.4	0.0105263157894737	0	1	C,A	0,1	NA
269	Tpa_4747_1	1.78947368421053	0.0105263157894737	0	1	C,T	1,0	NA
270	Tpa_4749_1	1.5	0.0105263157894737	0	1	G,T	1,0	NA
271	Tpa_4804_1	1.90909090909091	0.0105263157894737	0.5	0.5	G,C	0.5,0.5	0
272	Tpa_4849_1	1	0	NA	NA	T,C	NaN,NaN	NA
273	Tpa_4862_1	12.4788732394366	0.6	0.166666666666667	0.833333333333333	C,G	0.83,0.17	0.0526315789473684
274	Tpa_4885_1	NA	0	NA	NA	T,G	NaN,NaN	NA
275	Tpa_4886_1	1.25	0	NA	NA	A,T	NaN,NaN	NA
276	Tpa_4900_1	2.68	0.0631578947368421	0.0833333333333333	0.916666666666667	C,T	0.92,0.08	0
277	Tpa_4920_1	1	0	NA	NA	G,C	NaN,NaN	NA
278	Tpa_4928_1	51.9886363636364	0.831578947368421	0.164556962025316	0.835443037974684	C,T	0.84,0.16	0.5
279	Tpa_4936_1	18.2857142857143	0.747368421052632	0.112676056338028	0.887323943661972	C,T	0.89,0.11	0.0833333333333333
280	Tpa_4985_1	1	0	NA	NA	A,G	NaN,NaN	NA
281	Tpa_5002_1	22.9886363636364	0.831578947368421	0.0189873417721519	0.981012658227848	C,T	0.98,0.02	0
282	Tpa_5015_1	1	0	NA	NA	A,G	NaN,NaN	NA
283	Tpa_5022_1	7.07042253521127	0.526315789473684	0.03	0.97	C,T	0.97,0.03	0
284	Tpa_5057_1	18.1111111111111	0.421052631578947	0.0375	0.9625	T,G	0.96,0.04	0
285	Tpa_5069_1	5.17647058823529	0.305263157894737	0.0689655172413793	0.931034482758621	C,A	0.07,0.93	0
286	Tpa_5075_1	2.25	0.0421052631578947	0.5	0.5	A,G	0.5,0.5	0
287	Tpa_5104_1	1.32	0.0210526315789474	0	1	G,A	0,1	NA
288	Tpa_5106_1	10.9367088607595	0.642105263157895	0.360655737704918	0.639344262295082	C,G	0.64,0.36	0.0384615384615385
289	Tpa_5118_1	1.2	0	NA	NA	C,T	NaN,NaN	NA
290	Tpa_5138_1	35.4096385542169	0.747368421052632	0.0352112676056338	0.964788732394366	C,T	0.96,0.04	0
291	Tpa_5144_1	2.83333333333333	0.0105263157894737	0	1	T,G	0,1	NA
292	Tpa_5167_1	NA	0	NA	NA	C,T	NaN,NaN	NA
293	Tpa_5196_1	1.2	0	NA	NA	G,A	NaN,NaN	NA
294	Tpa_5205_1	1	0	NA	NA	G,T	NaN,NaN	NA
295	Tpa_5206_1	1.5	0.0315789473684211	0	1	G,A	0,1	NA
296	Tpa_5218_1	12.8888888888889	0.389473684210526	0.283783783783784	0.716216216216216	C,G	0.28,0.72	0
297	Tpa_5222_1	32.2159090909091	0.852631578947368	0.0432098765432099	0.95679012345679	G,A	0.04,0.96	0
298	Tpa_5228_1	2.96428571428571	0.0315789473684211	0	1	C,T	1,0	NA
299	Tpa_5241_1	3.34545454545455	0.231578947368421	0.0227272727272727	0.977272727272727	C,T	0.98,0.02	0
300	Tpa_5242_1	4.16923076923077	0.389473684210526	0.189189189189189	0.810810810810811	C,T	0.81,0.19	0.0833333333333333
301	Tpa_5244_1	32.710843373494	0.831578947368421	0.0759493670886076	0.924050632911392	A,C	0.92,0.08	0
302	Tpa_5249_1	17.8611111111111	0.547368421052632	0.192307692307692	0.807692307692308	T,C	0.81,0.19	0.05
303	Tpa_5270_1	1	0	NA	NA	C,A	NaN,NaN	NA
304	Tpa_5278_1	6.15151515151515	0.357894736842105	0.161764705882353	0.838235294117647	G,A	0.16,0.84	0
305	Tpa_5279_1	1.93103448275862	0.0210526315789474	0	1	C,T	1,0	NA
306	Tpa_5292_1	46.8255813953488	0.810526315789474	0.142857142857143	0.857142857142857	C,T	0.14,0.86	0
307	Tpa_5298_1	3.125	0.157894736842105	0.0333333333333333	0.966666666666667	G,A	0.03,0.97	0
308	Tpa_5327_1	11.7875	0.6	0.0087719298245614	0.991228070175439	C,G	0.99,0.01	0
309	Tpa_5360_1	9.05405405405405	0.557894736842105	0.0849056603773585	0.915094339622642	G,A	0.08,0.92	0
310	Tpa_5361_1	5.575	0.389473684210526	0.162162162162162	0.837837837837838	A,C	0.84,0.16	0
311	Tpa_5373_1	1.96	0.0421052631578947	0	1	C,T	1,0	NA
312	Tpa_5379_1	294.789473684211	0.989473684210526	0.0319148936170213	0.968085106382979	C,G	0.97,0.03	0.5
313	Tpa_5382_1	175.118279569892	0.947368421052632	0	1	A,G	1,0	NA
314	Tpa_5418_1	13.0379746835443	0.694736842105263	0.0984848484848485	0.901515151515151	C,T	0.9,0.1	0
315	Tpa_5441_1	11.3066666666667	0.589473684210526	0.00892857142857143	0.991071428571429	G,A	0.01,0.99	0
316	Tpa_5445_1	10.6582278481013	0.684210526315789	0.453846153846154	0.546153846153846	T,C	0.45,0.55	0
317	Tpa_5446_1	2.54054054054054	0.105263157894737	0	1	G,T	1,0	NA
318	Tpa_5454_1	143.382978723404	0.957894736842105	0.285714285714286	0.714285714285714	A,G	0.29,0.71	0.111111111111111
319	Tpa_5471_1	14.2027027027027	0.621052631578947	0	1	G,T	1,0	NA
320	Tpa_5485_1	1.16666666666667	0.0105263157894737	0	1	A,C	1,0	NA
321	Tpa_5501_1	30.9047619047619	0.810526315789474	0.0974025974025974	0.902597402597403	G,A	0.1,0.9	0
322	Tpa_5525_1	6.96923076923077	0.463157894736842	0.0909090909090909	0.909090909090909	T,A	0.09,0.91	0
323	Tpa_5538_1	NA	0	NA	NA	C,T	NaN,NaN	NA
324	Tpa_5540_1	24.289156626506	0.789473684210526	0.253333333333333	0.746666666666667	A,G	0.75,0.25	0.0384615384615385
325	Tpa_5542_1	10.2727272727273	0.431578947368421	0.121951219512195	0.878048780487805	C,T	0.88,0.12	0
326	Tpa_5563_1	1.36	0.0421052631578947	0	1	G,A	0,1	NA
327	Tpa_5565_1	129.157303370787	0.894736842105263	0.158823529411765	0.841176470588235	G,T	0.84,0.16	0.0666666666666667
328	Tpa_5570_1	1	0	NA	NA	G,A	NaN,NaN	NA
329	Tpa_5574_1	1.5	0.0105263157894737	0	1	C,T	1,0	NA
330	Tpa_5588_1	2.84905660377358	0.178947368421053	0.176470588235294	0.823529411764706	C,T	0.82,0.18	0
331	Tpa_5594_1	8.53125	0.494736842105263	0	1	G,A	1,0	NA
332	Tpa_5601_1	18.1410256410256	0.547368421052632	0.0673076923076923	0.932692307692308	C,A	0.07,0.93	0.4
333	Tpa_5609_1	1	0	NA	NA	A,G	NaN,NaN	NA
334	Tpa_5623_1	3.22	0.221052631578947	0	1	C,T	1,0	NA
335	Tpa_5636_1	1	0	NA	NA	A,G	NaN,NaN	NA
336	Tpa_5651_1	6.86764705882353	0.494736842105263	0.117021276595745	0.882978723404255	T,C	0.12,0.88	0
337	Tpa_5679_1	2.13513513513514	0.0947368421052632	0.0555555555555556	0.944444444444444	G,A	0.06,0.94	0
338	Tpa_5741_1	2.96875	0.0947368421052632	0	1	C,T	1,0	NA
339	Tpa_5747_1	101.86170212766	0.968421052631579	0.157608695652174	0.842391304347826	G,C	0.84,0.16	0.0689655172413793
340	Tpa_5761_1	23.5609756097561	0.757894736842105	0.0416666666666667	0.958333333333333	G,A	0.04,0.96	0
341	Tpa_5774_1	12.5135135135135	0.610526315789474	0	1	T,C	0,1	NA
342	Tpa_5786_1	3.81132075471698	0.263157894736842	0.04	0.96	G,C	0.04,0.96	0
343	Tpa_5795_1	NA	0	NA	NA	G,T	NaN,NaN	NA
344	Tpa_5796_1	2.27906976744186	0.168421052631579	0.1875	0.8125	A,G	0.81,0.19	0
345	Tpa_5823_1	64.0425531914894	0.936842105263158	0.0280898876404494	0.971910112359551	A,G	0.03,0.97	0
346	Tpa_5827_1	24.2261904761905	0.778947368421053	0.114864864864865	0.885135135135135	T,G	0.11,0.89	0.0909090909090909
347	Tpa_5829_1	7.63265306122449	0.294736842105263	0.125	0.875	C,T	0.88,0.12	0
348	Tpa_5838_1	7.60714285714286	0.347368421052632	0.0151515151515152	0.984848484848485	T,C	0.98,0.02	0
349	Tpa_5854_1	NA	0	NA	NA	T,G	NaN,NaN	NA
350	Tpa_5856_1	2.52941176470588	0.115789473684211	0.136363636363636	0.863636363636364	C,T	0.14,0.86	0
351	Tpa_5863_1	12	0.684210526315789	0.230769230769231	0.769230769230769	G,A	0.23,0.77	0.111111111111111
352	Tpa_5868_1	3.60869565217391	0.189473684210526	0.305555555555556	0.694444444444444	C,G	0.69,0.31	0
353	Tpa_5878_1	3.28571428571429	0.189473684210526	0.222222222222222	0.777777777777778	G,C	0.78,0.22	0
354	Tpa_5913_1	49.546511627907	0.789473684210526	0.386666666666667	0.613333333333333	G,A	0.61,0.39	0.111111111111111
355	Tpa_5916_1	21.8518518518519	0.747368421052632	0.0985915492957746	0.901408450704225	A,G	0.1,0.9	0
356	Tpa_5917_1	4.42553191489362	0.242105263157895	0.195652173913043	0.804347826086957	T,G	0.2,0.8	0
357	Tpa_5942_1	7.50666666666667	0.526315789473684	0.21	0.79	G,T	0.79,0.21	0.0666666666666667
358	Tpa_5951_1	NA	0	NA	NA	T,A	NaN,NaN	NA
359	Tpa_5961_1	1	0	NA	NA	T,G	NaN,NaN	NA
360	Tpa_5978_1	1.96969696969697	0.0526315789473684	0	1	G,A	0,1	NA
361	Tpa_5980_1	1.75	0.0105263157894737	0.5	0.5	T,C	0.5,0.5	0
362	Tpa_6003_1	12.546875	0.431578947368421	0.0487804878048781	0.951219512195122	T,C	0.05,0.95	0
363	Tpa_6016_1	1.29411764705882	0.0105263157894737	0.5	0.5	C,T	0.5,0.5	0
364	Tpa_6076_1	1.83333333333333	0.0105263157894737	0	1	A,G	0,1	NA
365	Tpa_6083_1	2.28571428571429	0.0736842105263158	0.142857142857143	0.857142857142857	A,G	0.86,0.14	0
366	Tpa_6137_1	1.875	0.0210526315789474	0.25	0.75	A,G	0.25,0.75	0
367	Tpa_6139_1	17.6875	0.663157894736842	0.0714285714285714	0.928571428571429	C,G	0.93,0.07	0
368	Tpa_6150_1	1.22222222222222	0.0105263157894737	0.5	0.5	A,G	0.5,0.5	0
369	Tpa_6158_1	3.52459016393443	0.294736842105263	0.0892857142857143	0.910714285714286	C,T	0.91,0.09	0
370	Tpa_6169_1	3.24561403508772	0.242105263157895	0.0434782608695652	0.956521739130435	A,G	0.04,0.96	0
371	Tpa_6172_1	4.73214285714286	0.326315789473684	0.0161290322580645	0.983870967741935	G,A	0.02,0.98	0
372	Tpa_6204_1	1	0	NA	NA	T,C	NaN,NaN	NA
373	Tpa_6220_1	NA	0	NA	NA	A,G	NaN,NaN	NA
374	Tpa_6222_1	1.45454545454545	0.0105263157894737	0	1	G,A	0,1	NA
375	Tpa_6224_1	70.8817204301075	0.936842105263158	0.0112359550561798	0.98876404494382	G,A	0.01,0.99	0.5
376	Tpa_6265_1	1.96551724137931	0.0315789473684211	0.333333333333333	0.666666666666667	A,C	0.67,0.33	NA
377	Tpa_6270_1	1.78947368421053	0.0210526315789474	0.5	0.5	C,T	0.5,0.5	0
378	Tpa_6285_1	1	0	NA	NA	A,C	NaN,NaN	NA
379	Tpa_6321_1	NA	0	NA	NA	G,A	NaN,NaN	NA
380	Tpa_6352_1	1	0	NA	NA	G,C	NaN,NaN	NA
381	Tpa_6355_1	9.9875	0.621052631578947	0.144067796610169	0.855932203389831	T,G	0.14,0.86	0
382	Tpa_6384_1	1	0	NA	NA	G,A	NaN,NaN	NA
383	Tpa_6385_1	1.41666666666667	0.0105263157894737	0	1	C,T	1,0	NA
384	Tpa_6388_1	1	0	NA	NA	C,A	NaN,NaN	NA
385	Tpa_6391_1	1.90625	0.0631578947368421	0.25	0.75	C,T	0.75,0.25	0
386	Tpa_6411_1	1	0	NA	NA	T,C	NaN,NaN	NA
387	Tpa_6422_1	4.79487179487179	0.136842105263158	0	1	C,T	1,0	NA
388	Tpa_6442_1	31.4819277108434	0.726315789473684	0.0434782608695652	0.956521739130435	T,C	0.04,0.96	0.166666666666667
389	Tpa_6445_1	NA	0	NA	NA	G,A	NaN,NaN	NA
390	Tpa_6449_1	NA	0	NA	NA	T,C	NaN,NaN	NA
391	Tpa_6451_1	1.4	0.0105263157894737	0.5	0.5	C,A	0.5,0.5	0
392	Tpa_6453_1	1.45454545454545	0.0210526315789474	0	1	C,T	1,0	NA
393	Tpa_6487_1	7.02469135802469	0.6	0.0263157894736842	0.973684210526316	A,C	0.97,0.03	0
394	Tpa_6493_1	4.78260869565217	0.189473684210526	0.0833333333333333	0.916666666666667	T,C	0.92,0.08	0
395	Tpa_6511_1	1.55555555555556	0.0315789473684211	0	1	G,A	0,1	NA
396	Tpa_6528_1	1.88888888888889	0	NA	NA	T,A	NaN,NaN	NA
397	Tpa_6543_1	NA	0	NA	NA	C,T	NaN,NaN	NA
398	Tpa_6562_1	1.875	0.0736842105263158	0	1	C,T	1,0	NA
399	Tpa_6565_1	36.7816091954023	0.831578947368421	0.0253164556962025	0.974683544303797	G,A	0.03,0.97	0
400	Tpa_6586_1	3.73584905660377	0.231578947368421	0	1	G,A	0,1	NA
401	Tpa_6591_1	10.3456790123457	0.642105263157895	0.131147540983607	0.868852459016393	G,C	0.13,0.87	0
402	Tpa_6604_1	NA	0	NA	NA	C,A	NaN,NaN	NA
403	Tpa_6611_1	NA	0	NA	NA	C,T	NaN,NaN	NA
404	Tpa_6630_1	7.55555555555556	0.410526315789474	0.243589743589744	0.756410256410256	C,T	0.76,0.24	0.117647058823529
405	Tpa_6654_1	1.08333333333333	0	NA	NA	G,T	NaN,NaN	NA
406	Tpa_6683_1	NA	0	NA	NA	C,A	NaN,NaN	NA
407	Tpa_6687_1	1.44444444444444	0.0105263157894737	0	1	C,T	1,0	NA
408	Tpa_6689_1	5.59459459459459	0.2	0.105263157894737	0.894736842105263	C,T	0.89,0.11	0
409	Tpa_6713_1	2.18421052631579	0.0842105263157895	0.125	0.875	C,T	0.88,0.12	NA
410	Tpa_6733_1	5.46969696969697	0.378947368421053	0.0416666666666667	0.958333333333333	G,T	0.96,0.04	0
411	Tpa_6768_1	95.7692307692308	0.905263157894737	0.0406976744186047	0.959302325581395	T,C	0.04,0.96	0.571428571428571
412	Tpa_6773_1	78.561797752809	0.894736842105263	0.0235294117647059	0.976470588235294	G,A	0.02,0.98	0.5
413	Tpa_6774_1	1.5	0.0105263157894737	0	1	T,C	1,0	NA
414	Tpa_6786_1	14.2181818181818	0.378947368421053	0.0277777777777778	0.972222222222222	C,T	0.97,0.03	0
415	Tpa_6814_1	5.89285714285714	0.326315789473684	0.0645161290322581	0.935483870967742	G,A	0.06,0.94	0
416	Tpa_6816_1	27.4772727272727	0.768421052631579	0.363013698630137	0.636986301369863	T,G	0.36,0.64	0.114285714285714
417	Tpa_6853_1	3.26086956521739	0.0631578947368421	0	1	A,G	1,0	NA
418	Tpa_6887_1	3.36363636363636	0.168421052631579	0.03125	0.96875	C,T	0.97,0.03	0
419	Tpa_6922_1	34.2840909090909	0.789473684210526	0.06	0.94	T,G	0.94,0.06	0
420	Tpa_6937_1	50.9775280898876	0.905263157894737	0.0116279069767442	0.988372093023256	A,G	0.99,0.01	0
421	Tpa_6963_1	29.9418604651163	0.789473684210526	0.04	0.96	C,T	0.96,0.04	0.25
422	Tpa_6973_1	8.23529411764706	0.473684210526316	0.122222222222222	0.877777777777778	C,T	0.88,0.12	0
423	Tpa_7007_1	1	0	NA	NA	A,G	NaN,NaN	NA
424	Tpa_7010_1	61.6222222222222	0.884210526315789	0.0892857142857143	0.910714285714286	T,C	0.09,0.91	0.0769230769230769
425	Tpa_7018_1	1	0	NA	NA	G,C	NaN,NaN	NA
426	Tpa_7052_1	369.127659574468	0.989473684210526	0.0478723404255319	0.952127659574468	A,T	0.95,0.05	0.428571428571429
427	Tpa_7058_1	3.64444444444444	0.126315789473684	0.0416666666666667	0.958333333333333	C,T	0.96,0.04	0
428	Tpa_7062_1	4.28070175438596	0.294736842105263	0.196428571428571	0.803571428571429	C,T	0.8,0.2	0
429	Tpa_7080_1	60.8045977011494	0.821052631578947	0	1	G,C	0,1	NA
430	Tpa_7082_1	1.23076923076923	0	NA	NA	G,A	NaN,NaN	NA
431	Tpa_7090_1	8.01515151515152	0.452631578947368	0.0465116279069767	0.953488372093023	T,C	0.05,0.95	0
432	Tpa_7106_1	2	0.105263157894737	0.1	0.9	G,A	0.1,0.9	0
433	Tpa_7153_1	1	0	NA	NA	G,A	NaN,NaN	NA
434	Tpa_7157_1	24.1590909090909	0.789473684210526	0.28	0.72	T,G	0.72,0.28	0
435	Tpa_7201_1	98.9450549450549	0.894736842105263	0.0882352941176471	0.911764705882353	G,A	0.09,0.91	0.133333333333333
436	Tpa_7204_1	45.735632183908	0.821052631578947	0.0384615384615385	0.961538461538462	G,A	0.04,0.96	0
437	Tpa_7210_1	6.53703703703704	0.263157894736842	0.02	0.98	T,A	0.02,0.98	0
438	Tpa_7213_1	88.2325581395349	0.873684210526316	0	1	T,G	0,1	NA
439	Tpa_7221_1	2.8	0.147368421052632	0.107142857142857	0.892857142857143	G,A	0.11,0.89	0
440	Tpa_7240_1	11.1666666666667	0.715789473684211	0.0661764705882353	0.933823529411765	T,C	0.07,0.93	0
441	Tpa_7289_1	18.9512195121951	0.757894736842105	0	1	C,T	1,0	NA
442	Tpa_7291_1	1.66666666666667	0.0105263157894737	0.5	0.5	A,G	0.5,0.5	0
443	Tpa_7293_1	1	0	NA	NA	A,C	NaN,NaN	NA
444	Tpa_7331_1	NA	0	NA	NA	G,T	NaN,NaN	NA
445	Tpa_7348_1	4.33928571428571	0.242105263157895	0	1	A,T	1,0	NA
446	Tpa_7352_1	NA	0	NA	NA	G,A	NaN,NaN	NA
447	Tpa_7367_1	36.9634146341463	0.8	0.0921052631578947	0.907894736842105	G,A	0.09,0.91	0.0833333333333333
448	Tpa_7375_1	65.0909090909091	0.873684210526316	0.246987951807229	0.753012048192771	C,T	0.75,0.25	0
449	Tpa_7391_1	139.787234042553	0.978947368421053	0.0645161290322581	0.935483870967742	G,A	0.06,0.94	0.5
450	Tpa_7406_1	NA	0	NA	NA	G,A	NaN,NaN	NA
451	Tpa_7413_1	NA	0	NA	NA	T,C	NaN,NaN	NA
452	Tpa_7417_1	2	0.0315789473684211	0	1	G,A	0,1	NA
453	Tpa_7425_1	10.9066666666667	0.621052631578947	0.0254237288135593	0.974576271186441	G,A	0.03,0.97	0
454	Tpa_7447_1	1.66666666666667	0.0105263157894737	0	1	G,A	0,1	NA
455	Tpa_7450_1	NA	0	NA	NA	A,C	NaN,NaN	NA
456	Tpa_7452_1	4.6734693877551	0.168421052631579	0.125	0.875	C,G	0.88,0.12	0
457	Tpa_7454_1	11.453125	0.494736842105263	0.0531914893617021	0.946808510638298	T,G	0.95,0.05	0
458	Tpa_7461_1	1.25	0	NA	NA	T,C	NaN,NaN	NA
459	Tpa_7477_1	8.12727272727273	0.336842105263158	0.21875	0.78125	C,T	0.78,0.22	0
460	Tpa_7479_1	24.2784810126582	0.673684210526316	0.015625	0.984375	G,A	0.02,0.98	0
461	Tpa_7483_1	63.0111111111111	0.852631578947368	0.0679012345679012	0.932098765432099	G,A	0.07,0.93	0
462	Tpa_7495_1	2.38636363636364	0.0947368421052632	0	1	C,A	0,1	NA
463	Tpa_7496_1	1	0	NA	NA	C,T	NaN,NaN	NA
464	Tpa_7533_1	27.2352941176471	0.789473684210526	0.16	0.84	A,G	0.84,0.16	0.1
465	Tpa_7540_1	20.1643835616438	0.610526315789474	0.00862068965517241	0.991379310344828	G,T	0.99,0.01	0
466	Tpa_7553_1	25.1976744186047	0.821052631578947	0.0705128205128205	0.92948717948718	T,C	0.93,0.07	0
467	Tpa_7560_1	10.9375	0.631578947368421	0.0833333333333333	0.916666666666667	T,C	0.08,0.92	0.2
468	Tpa_7566_1	204.236559139785	0.978947368421053	0.150537634408602	0.849462365591398	C,T	0.85,0.15	0.05
469	Tpa_7567_1	4.54237288135593	0.315789473684211	0.283333333333333	0.716666666666667	A,G	0.72,0.28	0
470	Tpa_7571_1	19.2151898734177	0.631578947368421	0.0583333333333333	0.941666666666667	G,A	0.06,0.94	0
471	Tpa_7586_1	194.468085106383	0.978947368421053	0.274193548387097	0.725806451612903	A,C	0.27,0.73	0.0731707317073171
472	Tpa_7594_1	1.85714285714286	0.0421052631578947	0.125	0.875	T,G	0.88,0.12	0
473	Tpa_7597_1	317.747368421053	0.989473684210526	0.0106382978723404	0.98936170212766	T,G	0.01,0.99	0.5
474	Tpa_7601_1	NA	0	NA	NA	C,A	NaN,NaN	NA
475	Tpa_7604_1	16.5714285714286	0.515789473684211	0	1	C,T	1,0	NA
476	Tpa_7605_1	2.51724137931034	0.0842105263157895	0.1875	0.8125	A,G	0.81,0.19	0
477	Tpa_7615_1	45.6091954022989	0.842105263157895	0	1	C,G	1,0	NA
478	Tpa_7652_1	1.25	0	NA	NA	G,A	NaN,NaN	NA
479	Tpa_7653_1	1.875	0.0736842105263158	0.285714285714286	0.714285714285714	C,T	0.29,0.71	0
480	Tpa_7657_1	2.05882352941176	0.0842105263157895	0.0625	0.9375	G,A	0.06,0.94	0
481	Tpa_7665_1	NA	0	NA	NA	A,T	NaN,NaN	NA
482	Tpa_7686_1	951.58947368421	0.989473684210526	0.276595744680851	0.723404255319149	A,C	0.28,0.72	0.95
483	Tpa_7690_1	370.010638297872	0.989473684210526	0.111702127659574	0.888297872340426	T,G	0.89,0.11	0.941176470588235
484	Tpa_7691_1	1.1	0	NA	NA	T,G	NaN,NaN	NA
485	Tpa_7703_1	1.27272727272727	0.0105263157894737	0	1	G,T	1,0	NA
486	Tpa_7755_1	6.53623188405797	0.463157894736842	0.0113636363636364	0.988636363636364	C,T	0.99,0.01	0
487	Tpa_7757_1	NA	0	NA	NA	A,T	NaN,NaN	NA
488	Tpa_7764_1	119.659340659341	0.91578947368421	0.132183908045977	0.867816091954023	C,A	0.13,0.87	0.470588235294118
489	Tpa_7765_1	2	0.0421052631578947	0.25	0.75	A,T	0.25,0.75	0
490	Tpa_7769_1	65.9080459770115	0.852631578947368	0.320987654320988	0.679012345679012	C,T	0.32,0.68	0.117647058823529
491	Tpa_7772_1	NA	0	NA	NA	A,G	NaN,NaN	NA
492	Tpa_7798_1	5.33333333333333	0.168421052631579	0.28125	0.71875	C,T	0.72,0.28	0
493	Tpa_7799_1	2.26666666666667	0.0631578947368421	0	1	A,G	1,0	NA
494	Tpa_7805_1	1.84210526315789	0.0421052631578947	0.25	0.75	G,A	0.25,0.75	0
495	Tpa_7807_1	1.83783783783784	0.0736842105263158	0	1	C,T	1,0	NA
496	Tpa_7814_1	30.7045454545455	0.810526315789474	0.103896103896104	0.896103896103896	C,T	0.9,0.1	0.0714285714285714
497	Tpa_7825_1	156.247311827957	0.957894736842105	0.0384615384615385	0.961538461538462	G,A	0.04,0.96	0.8
498	Tpa_7848_1	8.57534246575342	0.6	0.0087719298245614	0.991228070175439	T,C	0.99,0.01	0
499	Tpa_7871_1	1	0	NA	NA	C,T	NaN,NaN	NA
500	Tpa_7910_1	3	0.189473684210526	0.277777777777778	0.722222222222222	C,T	0.72,0.28	0
