Sample	Total.Reads	Off.target.Reads	Primer.Only.Reads	Primer.Probe.Reads	Off.target.Proportion	Primer.Only.Proportion	Primer.Probe.Proportion	GenotypeRate.x	Heterozygosity.x	conScore.x	GenotypeRate.y	Heterozygosity.y	conScore.y
1	CAT_52507_184_S123_L001_R1_001	90843	4532	63907	22404	0.05	0.7	0.25	0.43	0.048	0.167	0.43	0.048	0.167
2	CAT_52507_184_S27_L001_R1_001	224890	35034	102577	87279	0.16	0.46	0.39	0.786	0.104	0.173	0.786	0.104	0.173
3	CAT_52507_212_S124_L001_R1_001	107226	3891	57300	46035	0.04	0.53	0.43	0.604	0.086	0.116	0.604	0.086	0.116
4	CAT_52507_212_S28_L001_R1_001	872654	46378	127194	699082	0.05	0.15	0.8	0.956	0.152	0.289	0.956	0.152	0.289
5	CAT_52507_240_S125_L001_R1_001	75059	3688	62536	8835	0.05	0.83	0.12	0.298	0.04	0.1	0.298	0.04	0.1
6	CAT_52507_240_S29_L001_R1_001	113173	28388	76542	8243	0.25	0.68	0.07	0.58	0.08	0.05	0.58	0.08	0.05
7	CAT_52507_271_S126_L001_R1_001	44275	1705	26790	15780	0.04	0.61	0.36	0.434	0.054	0.111	0.434	0.054	0.111
8	CAT_52507_271_S30_L001_R1_001	428340	39207	102048	287085	0.09	0.24	0.67	0.862	0.126	0.27	0.862	0.126	0.27
9	CAT_52507_351_S127_L001_R1_001	50308	2258	34206	13844	0.04	0.68	0.28	0.402	0.052	0.077	0.402	0.052	0.077
10	CAT_52507_351_S31_L001_R1_001	174648	30314	75751	68583	0.17	0.43	0.39	0.862	0.114	0.123	0.862	0.114	0.123
11	CAT_52507_356_S128_L001_R1_001	94441	3709	56589	34143	0.04	0.6	0.36	0.554	0.072	0.167	0.554	0.072	0.167
12	CAT_52507_356_S32_L001_R1_001	327918	26036	81083	220799	0.08	0.25	0.67	0.91	0.132	0.348	0.91	0.132	0.348
13	CAT_52507_362_S129_L001_R1_001	56606	2825	47745	6036	0.05	0.84	0.11	0.206	0.038	0.158	0.206	0.038	0.158
14	CAT_52507_362_S33_L001_R1_001	111786	22247	80022	9517	0.2	0.72	0.09	0.564	0.094	0.128	0.564	0.094	0.128
15	CAT_52507_385_S1_L001_R1_001	156584	39342	104615	12627	0.25	0.67	0.08	0.668	0.1	0.08	0.668	0.1	0.08
16	CAT_52507_385_S97_L001_R1_001	115384	18974	85408	11002	0.16	0.74	0.1	0.528	0.074	0.081	0.528	0.074	0.081
17	CAT_52507_392_S2_L001_R1_001	149225	36396	106463	6366	0.24	0.71	0.04	0.572	0.084	0	0.572	0.084	0
18	CAT_52507_392_S98_L001_R1_001	125041	18721	94900	11420	0.15	0.76	0.09	0.466	0.06	0.033	0.466	0.06	0.033
19	CAT_52507_397_S3_L001_R1_001	204231	38088	147343	18800	0.19	0.72	0.09	0.656	0.102	0.059	0.656	0.102	0.059
20	CAT_52507_397_S99_L001_R1_001	133631	18086	99758	15787	0.14	0.75	0.12	0.548	0.086	0.14	0.548	0.086	0.14
21	CAT_52507_401_S100_L001_R1_001	230434	11764	215139	3531	0.05	0.93	0.02	0.062	0.008	0.25	0.062	0.008	0.25
22	CAT_52507_401_S4_L001_R1_001	184046	29685	152579	1782	0.16	0.83	0.01	0.094	0.02	0.1	0.094	0.02	0.1
23	CAT_52507_406_S101_L001_R1_001	175924	8890	145844	21190	0.05	0.83	0.12	0.376	0.05	0.2	0.376	0.05	0.2
24	CAT_52507_406_S5_L001_R1_001	167900	31033	121789	15078	0.18	0.73	0.09	0.672	0.09	0.067	0.672	0.09	0.067
25	CAT_52507_407_S102_L001_R1_001	148176	7511	131005	9660	0.05	0.88	0.07	0.178	0.02	0.1	0.178	0.02	0.1
26	CAT_52507_407_S6_L001_R1_001	95517	13748	77612	4157	0.14	0.81	0.04	0.156	0.018	0.111	0.156	0.018	0.111
27	CAT_52507_411_S103_L001_R1_001	74601	3825	60110	10666	0.05	0.81	0.14	0.284	0.046	0.217	0.284	0.046	0.217
28	CAT_52507_411_S7_L001_R1_001	93444	20062	64750	8632	0.21	0.69	0.09	0.53	0.088	0.091	0.53	0.088	0.091
29	CAT_52507_413_S104_L001_R1_001	148605	8096	115739	24770	0.05	0.78	0.17	0.378	0.062	0.129	0.378	0.062	0.129
30	CAT_52507_413_S8_L001_R1_001	136431	23552	92691	20188	0.17	0.68	0.15	0.68	0.094	0.085	0.68	0.094	0.085
31	CAT_52507_414_S105_L001_R1_001	53026	2746	47014	3266	0.05	0.89	0.06	0.122	0.02	0.2	0.122	0.02	0.2
32	CAT_52507_414_S9_L001_R1_001	90625	20471	68300	1854	0.23	0.75	0.02	0.162	0.028	0.071	0.162	0.028	0.071
33	CAT_52507_415_S10_L001_R1_001	144904	37149	79959	27796	0.26	0.55	0.19	0.814	0.122	0.082	0.814	0.122	0.082
34	CAT_52507_415_S106_L001_R1_001	61867	3269	46776	11822	0.05	0.76	0.19	0.392	0.074	0.108	0.392	0.074	0.108
35	CAT_52507_418_S107_L001_R1_001	129097	7300	93662	28135	0.06	0.73	0.22	0.496	0.082	0.098	0.496	0.082	0.098
36	CAT_52507_418_S11_L001_R1_001	132989	23702	87185	22102	0.18	0.66	0.17	0.72	0.1	0.08	0.72	0.1	0.08
37	CAT_52507_422_S108_L001_R1_001	144746	7603	127211	9932	0.05	0.88	0.07	0.208	0.034	0.059	0.208	0.034	0.059
38	CAT_52507_422_S12_L001_R1_001	167174	36415	125125	5634	0.22	0.75	0.03	0.348	0.052	0.038	0.348	0.052	0.038
39	CAT_52507_425_S109_L001_R1_001	74319	4107	62758	7454	0.06	0.84	0.1	0.228	0.036	0.111	0.228	0.036	0.111
40	CAT_52507_425_S13_L001_R1_001	88963	23637	60476	4850	0.27	0.68	0.05	0.404	0.068	0.088	0.404	0.068	0.088
41	CAT_52507_429_S110_L001_R1_001	30341	1621	25500	3220	0.05	0.84	0.11	0.182	0.03	0.067	0.182	0.03	0.067
42	CAT_52507_429_S14_L001_R1_001	80301	20393	55764	4144	0.25	0.69	0.05	0.454	0.082	0.049	0.454	0.082	0.049
43	CAT_52507_431_S111_L001_R1_001	101995	5579	79754	16662	0.05	0.78	0.16	0.412	0.054	0.148	0.412	0.054	0.148
44	CAT_52507_431_S15_L001_R1_001	130908	25412	85731	19765	0.19	0.65	0.15	0.726	0.1	0.14	0.726	0.1	0.14
45	CAT_52507_440_S112_L001_R1_001	34787	1828	27386	5573	0.05	0.79	0.16	0.238	0.042	0.048	0.238	0.042	0.048
46	CAT_52507_440_S16_L001_R1_001	130286	25198	93685	11403	0.19	0.72	0.09	0.654	0.088	0.023	0.654	0.088	0.023
47	CAT_52507_442_S113_L001_R1_001	78737	3890	62551	12296	0.05	0.79	0.16	0.328	0.044	0.091	0.328	0.044	0.091
48	CAT_52507_442_S17_L001_R1_001	186399	32199	122244	31956	0.17	0.66	0.17	0.754	0.096	0.083	0.754	0.096	0.083
49	CAT_52507_445_S114_L001_R1_001	63271	3124	47094	13053	0.05	0.74	0.21	0.396	0.064	0.188	0.396	0.064	0.188
50	CAT_52507_445_S18_L001_R1_001	114301	18645	57425	38231	0.16	0.5	0.33	0.788	0.108	0.13	0.788	0.108	0.13
51	CAT_52507_465_S115_L001_R1_001	109558	5181	77214	27163	0.05	0.7	0.25	0.426	0.076	0.158	0.426	0.076	0.158
52	CAT_52507_465_S19_L001_R1_001	179719	30607	89301	59811	0.17	0.5	0.33	0.736	0.128	0.172	0.736	0.128	0.172
53	CAT_52507_467_S116_L001_R1_001	96696	4558	76294	15844	0.05	0.79	0.16	0.376	0.056	0.143	0.376	0.056	0.143
54	CAT_52507_467_S20_L001_R1_001	156460	26701	94930	34829	0.17	0.61	0.22	0.704	0.104	0.135	0.704	0.104	0.135
55	CAT_52507_472_S117_L001_R1_001	81425	4437	70117	6871	0.05	0.86	0.08	0.19	0.04	0.1	0.19	0.04	0.1
56	CAT_52507_472_S21_L001_R1_001	128384	32855	90102	5427	0.26	0.7	0.04	0.416	0.074	0.054	0.416	0.074	0.054
57	CAT_52507_473_S118_L001_R1_001	82581	3904	60701	17976	0.05	0.74	0.22	0.4	0.056	0.107	0.4	0.056	0.107
58	CAT_52507_473_S22_L001_R1_001	215928	31890	111893	72145	0.15	0.52	0.33	0.734	0.104	0.173	0.734	0.104	0.173
59	CAT_52507_477_S119_L001_R1_001	99635	5313	85972	8350	0.05	0.86	0.08	0.252	0.052	0.115	0.252	0.052	0.115
60	CAT_52507_477_S23_L001_R1_001	120132	24866	87508	7758	0.21	0.73	0.06	0.562	0.102	0.02	0.562	0.102	0.02
61	CAT_52507_479_S120_L001_R1_001	40851	1995	28669	10187	0.05	0.7	0.25	0.356	0.054	0.074	0.356	0.054	0.074
62	CAT_52507_479_S24_L001_R1_001	83185	9511	45270	28404	0.11	0.54	0.34	0.666	0.1	0.08	0.666	0.1	0.08
63	CAT_52507_484_S121_L001_R1_001	110914	5457	84187	21270	0.05	0.76	0.19	0.386	0.062	0.097	0.386	0.062	0.097
64	CAT_52507_484_S25_L001_R1_001	176419	31700	104516	40203	0.18	0.59	0.23	0.798	0.13	0.123	0.798	0.13	0.123
65	CAT_52507_485_S122_L001_R1_001	116295	6317	84836	25142	0.05	0.73	0.22	0.508	0.072	0.139	0.508	0.072	0.139
66	CAT_52507_485_S26_L001_R1_001	161437	32828	90679	37930	0.2	0.56	0.23	0.854	0.106	0.151	0.854	0.106	0.151
67	CAT_52508_002_S130_L001_R1_001	66529	3476	54395	8658	0.05	0.82	0.13	0.3	0.042	0	0.3	0.042	0
68	CAT_52508_002_S34_L001_R1_001	118306	30461	78785	9060	0.26	0.67	0.08	0.602	0.11	0	0.602	0.11	0
69	CAT_52508_004_S131_L001_R1_001	136444	7095	122259	7090	0.05	0.9	0.05	0.148	0.028	0.143	0.148	0.028	0.143
70	CAT_52508_004_S35_L001_R1_001	171462	32696	134619	4147	0.19	0.79	0.02	0.172	0.036	0.056	0.172	0.036	0.056
71	CAT_52508_011_S132_L001_R1_001	43508	1561	21772	20175	0.04	0.5	0.46	0.512	0.062	0.129	0.512	0.062	0.129
72	CAT_52508_011_S36_L001_R1_001	848483	43503	80681	724299	0.05	0.1	0.85	0.952	0.148	0.311	0.952	0.148	0.311
73	CAT_52508_014_S133_L001_R1_001	70427	3699	62787	3941	0.05	0.89	0.06	0.156	0.016	0	0.156	0.016	0
74	CAT_52508_014_S37_L001_R1_001	105176	26033	76298	2845	0.25	0.73	0.03	0.27	0.038	0.053	0.27	0.038	0.053
75	CAT_52508_017_S134_L001_R1_001	56889	1953	32760	22176	0.03	0.58	0.39	0.45	0.06	0.167	0.45	0.06	0.167
76	CAT_52508_017_S38_L001_R1_001	406870	35873	140729	230268	0.09	0.35	0.57	0.83	0.122	0.197	0.83	0.122	0.197
77	CAT_52508_019_S135_L001_R1_001	85957	4169	75060	6728	0.05	0.87	0.08	0.186	0.032	0.188	0.186	0.032	0.188
78	CAT_52508_019_S39_L001_R1_001	110536	24566	81298	4672	0.22	0.74	0.04	0.338	0.058	0.103	0.338	0.058	0.103
79	CAT_52508_022_S136_L001_R1_001	76527	3814	69620	3093	0.05	0.91	0.04	0.064	0.016	0	0.064	0.016	0
80	CAT_52508_022_S40_L001_R1_001	123863	27881	94027	1955	0.23	0.76	0.02	0.158	0.028	0	0.158	0.028	0
81	CAT_52508_024_S137_L001_R1_001	80702	4120	69995	6587	0.05	0.87	0.08	0.168	0.026	0.077	0.168	0.026	0.077
82	CAT_52508_024_S41_L001_R1_001	108536	22308	82549	3679	0.21	0.76	0.03	0.254	0.038	0.053	0.254	0.038	0.053
83	CAT_52508_025_S138_L001_R1_001	60337	3150	49274	7913	0.05	0.82	0.13	0.278	0.052	0.154	0.278	0.052	0.154
84	CAT_52508_025_S42_L001_R1_001	102265	21331	76686	4248	0.21	0.75	0.04	0.282	0.05	0.04	0.282	0.05	0.04
85	CAT_52508_027_S139_L001_R1_001	73768	3859	58339	11570	0.05	0.79	0.16	0.34	0.06	0.033	0.34	0.06	0.033
86	CAT_52508_027_S43_L001_R1_001	138849	32065	91950	14834	0.23	0.66	0.11	0.66	0.108	0.056	0.66	0.108	0.056
87	CAT_52508_031_S140_L001_R1_001	77726	4096	64299	9331	0.05	0.83	0.12	0.272	0.032	0.062	0.272	0.032	0.062
88	CAT_52508_031_S44_L001_R1_001	132790	28293	98125	6372	0.21	0.74	0.05	0.418	0.054	0.037	0.418	0.054	0.037
89	CAT_52508_033_S141_L001_R1_001	196174	10012	162501	23661	0.05	0.83	0.12	0.332	0.058	0.172	0.332	0.058	0.172
90	CAT_52508_033_S45_L001_R1_001	167977	25988	125042	16947	0.15	0.74	0.1	0.612	0.108	0.074	0.612	0.108	0.074
91	CAT_52508_036_S142_L001_R1_001	65809	3029	47126	15654	0.05	0.72	0.24	0.376	0.074	0.243	0.376	0.074	0.243
92	CAT_52508_036_S46_L001_R1_001	165140	28651	70099	66390	0.17	0.42	0.4	0.74	0.152	0.184	0.74	0.152	0.184
93	CAT_52508_039_S143_L001_R1_001	102259	5011	87681	9567	0.05	0.86	0.09	0.17	0.024	0.083	0.17	0.024	0.083
94	CAT_52508_039_S47_L001_R1_001	120363	26604	87453	6306	0.22	0.73	0.05	0.282	0.042	0.048	0.282	0.042	0.048
95	CAT_52508_040_S144_L001_R1_001	84720	4397	71633	8690	0.05	0.85	0.1	0.262	0.046	0.043	0.262	0.046	0.043
96	CAT_52508_040_S48_L001_R1_001	115769	25092	84295	6382	0.22	0.73	0.06	0.484	0.074	0.027	0.484	0.074	0.027
97	CAT_52508_043_S145_L001_R1_001	68315	3628	57870	6817	0.05	0.85	0.1	0.252	0.05	0.04	0.252	0.05	0.04
98	CAT_52508_043_S49_L001_R1_001	100296	20124	70721	9451	0.2	0.71	0.09	0.64	0.118	0.051	0.64	0.118	0.051
99	CAT_52508_046_S146_L001_R1_001	69166	3788	57531	7847	0.05	0.83	0.11	0.278	0.044	0.045	0.278	0.044	0.045
100	CAT_52508_046_S50_L001_R1_001	109411	27419	76051	5941	0.25	0.7	0.05	0.498	0.084	0.048	0.498	0.084	0.048
101	CAT_52508_047_S147_L001_R1_001	65600	3534	56864	5202	0.05	0.87	0.08	0.21	0.034	0.059	0.21	0.034	0.059
102	CAT_52508_047_S51_L001_R1_001	130003	35181	90447	4375	0.27	0.7	0.03	0.424	0.072	0	0.424	0.072	0
103	CAT_52508_052_S148_L001_R1_001	133480	7151	101495	24834	0.05	0.76	0.19	0.488	0.068	0.176	0.488	0.068	0.176
104	CAT_52508_052_S52_L001_R1_001	205964	33626	138783	33555	0.16	0.67	0.16	0.796	0.13	0.092	0.796	0.13	0.092
105	CAT_52508_056_S149_L001_R1_001	61134	3088	53779	4267	0.05	0.88	0.07	0.206	0.036	0.111	0.206	0.036	0.111
106	CAT_52508_056_S53_L001_R1_001	118714	23745	90674	4295	0.2	0.76	0.04	0.404	0.05	0.04	0.404	0.05	0.04
107	CAT_52508_062_S150_L001_R1_001	91504	4787	78703	8014	0.05	0.86	0.09	0.226	0.03	0	0.226	0.03	0
108	CAT_52508_062_S54_L001_R1_001	116101	28190	82402	5509	0.24	0.71	0.05	0.444	0.072	0.028	0.444	0.072	0.028
109	CAT_52508_064_S151_L001_R1_001	117567	5951	105554	6062	0.05	0.9	0.05	0.152	0.016	0.25	0.152	0.016	0.25
110	CAT_52508_064_S55_L001_R1_001	127250	28304	95189	3757	0.22	0.75	0.03	0.286	0.046	0.043	0.286	0.046	0.043
111	CAT_52508_065_S152_L001_R1_001	74417	3986	60494	9937	0.05	0.81	0.13	0.34	0.056	0.036	0.34	0.056	0.036
112	CAT_52508_065_S56_L001_R1_001	132425	25261	90862	16302	0.19	0.69	0.12	0.75	0.108	0.093	0.75	0.108	0.093
113	CAT_52508_069_S153_L001_R1_001	107860	5482	83146	19232	0.05	0.77	0.18	0.402	0.064	0.094	0.402	0.064	0.094
114	CAT_52508_069_S57_L001_R1_001	166082	31930	104015	30137	0.19	0.63	0.18	0.79	0.122	0.066	0.79	0.122	0.066
115	CAT_52508_070_S154_L001_R1_001	66041	3529	55712	6800	0.05	0.84	0.1	0.238	0.036	0.222	0.238	0.036	0.222
116	CAT_52508_070_S58_L001_R1_001	99625	28183	65223	6219	0.28	0.65	0.06	0.532	0.096	0.042	0.532	0.096	0.042
117	CAT_52508_078_S155_L001_R1_001	176935	8851	150473	17611	0.05	0.85	0.1	0.316	0.038	0.105	0.316	0.038	0.105
118	CAT_52508_078_S59_L001_R1_001	172357	34038	126426	11893	0.2	0.73	0.07	0.576	0.078	0	0.576	0.078	0
119	CAT_52508_079_S156_L001_R1_001	68811	2918	48015	17878	0.04	0.7	0.26	0.44	0.05	0.08	0.44	0.05	0.08
120	CAT_52508_079_S60_L001_R1_001	269784	32859	126681	110244	0.12	0.47	0.41	0.842	0.1	0.18	0.842	0.1	0.18
121	CAT_52508_086_S157_L001_R1_001	118398	6057	107092	5249	0.05	0.9	0.04	0.096	0.008	0	0.096	0.008	0
122	CAT_52508_086_S61_L001_R1_001	137231	30925	103426	2880	0.23	0.75	0.02	0.15	0.018	0	0.15	0.018	0
123	CAT_52508_087_S158_L001_R1_001	63791	3182	51912	8697	0.05	0.81	0.14	0.274	0.048	0.125	0.274	0.048	0.125
124	CAT_52508_087_S62_L001_R1_001	107059	24851	71258	10950	0.23	0.67	0.1	0.606	0.108	0.074	0.606	0.108	0.074
125	CAT_52508_088_S159_L001_R1_001	102477	4305	70007	28165	0.04	0.68	0.27	0.436	0.078	0.128	0.436	0.078	0.128
126	CAT_52508_088_S63_L001_R1_001	239057	29121	78925	131011	0.12	0.33	0.55	0.808	0.136	0.25	0.808	0.136	0.25
127	CAT_52508_090_S160_L001_R1_001	65131	3170	48077	13884	0.05	0.74	0.21	0.36	0.062	0.129	0.36	0.062	0.129
128	CAT_52508_090_S64_L001_R1_001	144427	26160	77929	40338	0.18	0.54	0.28	0.792	0.132	0.152	0.792	0.132	0.152
129	CAT_52508_091_S161_L001_R1_001	78813	3891	73050	1872	0.05	0.93	0.02	0.04	0.01	0.2	0.04	0.01	0.2
130	CAT_52508_091_S65_L001_R1_001	171219	36504	131948	2767	0.21	0.77	0.02	0.306	0.06	0.167	0.306	0.06	0.167
131	CAT_52508_101_S162_L001_R1_001	112475	5835	102117	4523	0.05	0.91	0.04	0.084	0.01	0	0.084	0.01	0
132	CAT_52508_101_S66_L001_R1_001	119743	26313	90744	2686	0.22	0.76	0.02	0.22	0.032	0	0.22	0.032	0
133	CAT_52508_105_S163_L001_R1_001	78084	3975	57156	16953	0.05	0.73	0.22	0.42	0.062	0.161	0.42	0.062	0.161
134	CAT_52508_105_S67_L001_R1_001	126998	25121	67987	33890	0.2	0.54	0.27	0.784	0.11	0.091	0.784	0.11	0.091
135	CAT_52508_106_S164_L001_R1_001	77683	3963	61336	12384	0.05	0.79	0.16	0.38	0.06	0.167	0.38	0.06	0.167
136	CAT_52508_106_S68_L001_R1_001	115419	26834	70657	17928	0.23	0.61	0.16	0.752	0.114	0.07	0.752	0.114	0.07
137	CAT_52508_111_S165_L001_R1_001	105440	5492	93521	6427	0.05	0.89	0.06	0.144	0.022	0	0.144	0.022	0
138	CAT_52508_111_S69_L001_R1_001	103048	23613	76045	3390	0.23	0.74	0.03	0.2	0.032	0	0.2	0.032	0
139	CAT_52508_114_S166_L001_R1_001	111722	5894	102625	3203	0.05	0.92	0.03	0.062	0.008	0.25	0.062	0.008	0.25
140	CAT_52508_114_S70_L001_R1_001	144564	33466	109380	1718	0.23	0.76	0.01	0.108	0.024	0.083	0.108	0.024	0.083
141	CAT_52508_115_S167_L001_R1_001	103385	5486	89773	8126	0.05	0.87	0.08	0.228	0.04	0.1	0.228	0.04	0.1
142	CAT_52508_115_S71_L001_R1_001	121138	27769	87818	5551	0.23	0.72	0.05	0.424	0.072	0	0.424	0.072	0
143	CAT_52508_117_S168_L001_R1_001	48892	2473	44933	1486	0.05	0.92	0.03	0.042	0.006	0.333	0.042	0.006	0.333
144	CAT_52508_117_S72_L001_R1_001	140676	31052	108388	1236	0.22	0.77	0.01	0.128	0.018	0.111	0.128	0.018	0.111
145	CAT_52508_119_S169_L001_R1_001	94943	4820	78052	12071	0.05	0.82	0.13	0.358	0.06	0.033	0.358	0.06	0.033
146	CAT_52508_119_S73_L001_R1_001	142573	27081	99672	15820	0.19	0.7	0.11	0.72	0.116	0.017	0.72	0.116	0.017
147	CAT_52508_127_S170_L001_R1_001	71733	2887	46241	22605	0.04	0.64	0.32	0.48	0.082	0.073	0.48	0.082	0.073
148	CAT_52508_127_S74_L001_R1_001	477017	39979	85153	351885	0.08	0.18	0.74	0.852	0.122	0.328	0.852	0.122	0.328
149	CAT_52508_129_S171_L001_R1_001	66906	3393	57216	6297	0.05	0.86	0.09	0.206	0.032	0.062	0.206	0.032	0.062
150	CAT_52508_129_S75_L001_R1_001	156461	37221	111479	7761	0.24	0.71	0.05	0.512	0.088	0.045	0.512	0.088	0.045
151	CAT_52508_131_S172_L001_R1_001	87663	4873	70761	12029	0.06	0.81	0.14	0.356	0.06	0.133	0.356	0.06	0.133
152	CAT_52508_131_S76_L001_R1_001	151535	28284	113378	9873	0.19	0.75	0.07	0.57	0.088	0.068	0.57	0.088	0.068
153	CAT_52508_134_S173_L001_R1_001	81752	4363	70376	7013	0.05	0.86	0.09	0.234	0.03	0	0.234	0.03	0
154	CAT_52508_134_S77_L001_R1_001	104323	22928	76810	4585	0.22	0.74	0.04	0.346	0.05	0	0.346	0.05	0
155	CAT_52508_135_S174_L001_R1_001	61144	3088	56252	1804	0.05	0.92	0.03	0.048	0.006	0.333	0.048	0.006	0.333
156	CAT_52508_135_S78_L001_R1_001	87664	22216	64436	1012	0.25	0.74	0.01	0.064	0.014	0.143	0.064	0.014	0.143
157	CAT_52508_139_S175_L001_R1_001	71787	3761	60099	7927	0.05	0.84	0.11	0.304	0.042	0.095	0.304	0.042	0.095
158	CAT_52508_139_S79_L001_R1_001	126663	28355	89031	9277	0.22	0.7	0.07	0.648	0.096	0	0.648	0.096	0
159	CAT_52508_143_S176_L001_R1_001	61360	3002	48984	9374	0.05	0.8	0.15	0.356	0.056	0.179	0.356	0.056	0.179
160	CAT_52508_143_S80_L001_R1_001	107479	19200	79495	8784	0.18	0.74	0.08	0.538	0.09	0.089	0.538	0.09	0.089
161	CAT_52508_145_S177_L001_R1_001	309673	16121	209132	84420	0.05	0.68	0.27	0.704	0.116	0.224	0.704	0.116	0.224
162	CAT_52508_145_S81_L001_R1_001	132418	8889	89322	34207	0.07	0.67	0.26	0.604	0.1	0.2	0.604	0.1	0.2
163	CAT_52508_149_S178_L001_R1_001	29552	1303	19591	8658	0.04	0.66	0.29	0.376	0.06	0.067	0.376	0.06	0.067
164	CAT_52508_149_S82_L001_R1_001	194372	31110	60217	103045	0.16	0.31	0.53	0.83	0.132	0.227	0.83	0.132	0.227
165	CAT_52508_156_S179_L001_R1_001	110956	6038	84202	20716	0.05	0.76	0.19	0.46	0.082	0.171	0.46	0.082	0.171
166	CAT_52508_156_S83_L001_R1_001	165835	33435	104294	28106	0.2	0.63	0.17	0.79	0.136	0.088	0.79	0.136	0.088
167	CAT_52508_157_S180_L001_R1_001	323861	16053	250356	57452	0.05	0.77	0.18	0.476	0.06	0.3	0.476	0.06	0.3
168	CAT_52508_157_S84_L001_R1_001	296726	32289	196096	68341	0.11	0.66	0.23	0.784	0.12	0.15	0.784	0.12	0.15
169	CAT_52508_158_S181_L001_R1_001	120491	6224	102684	11583	0.05	0.85	0.1	0.25	0.04	0.15	0.25	0.04	0.15
170	CAT_52508_158_S85_L001_R1_001	141338	31298	102077	7963	0.22	0.72	0.06	0.456	0.054	0.111	0.456	0.054	0.111
171	CAT_52508_167_S182_L001_R1_001	96444	4476	87217	4751	0.05	0.9	0.05	0.026	0.002	0	0.026	0.002	0
172	CAT_52508_167_S86_L001_R1_001	135183	29739	103500	1944	0.22	0.77	0.01	0.024	0	NA	0.024	0	NA
173	CAT_52508_168_S183_L001_R1_001	81029	4038	74669	2322	0.05	0.92	0.03	0.056	0.01	0.2	0.056	0.01	0.2
174	CAT_52508_168_S87_L001_R1_001	98183	22436	74163	1584	0.23	0.76	0.02	0.136	0.028	0.071	0.136	0.028	0.071
175	CAT_52508_173_S184_L001_R1_001	107641	6271	101337	33	0.06	0.94	0	0.002	0.002	0	0.002	0.002	0
176	CAT_52508_173_S88_L001_R1_001	119240	23222	87347	8671	0.19	0.73	0.07	0.654	0.098	0	0.654	0.098	0
177	CAT_52508_174_S185_L001_R1_001	82469	3860	59128	19481	0.05	0.72	0.24	0.436	0.058	0.31	0.436	0.058	0.31
178	CAT_52508_174_S89_L001_R1_001	275212	39338	110559	125315	0.14	0.4	0.46	0.886	0.122	0.328	0.886	0.122	0.328
179	CAT_52508_176_S186_L001_R1_001	67505	3502	51804	12199	0.05	0.77	0.18	0.39	0.05	0.24	0.39	0.05	0.24
180	CAT_52508_176_S90_L001_R1_001	83349	18418	53473	11458	0.22	0.64	0.14	0.65	0.086	0.093	0.65	0.086	0.093
181	CAT_52508_179_S187_L001_R1_001	100475	5153	87493	7829	0.05	0.87	0.08	0.242	0.038	0.053	0.242	0.038	0.053
182	CAT_52508_179_S91_L001_R1_001	109797	24351	80321	5125	0.22	0.73	0.05	0.414	0.058	0.034	0.414	0.058	0.034
183	CAT_52508_182_S188_L001_R1_001	204747	10618	179478	14651	0.05	0.88	0.07	0.232	0.046	0.13	0.232	0.046	0.13
184	CAT_52508_182_S92_L001_R1_001	145959	24296	114634	7029	0.17	0.79	0.05	0.296	0.056	0.107	0.296	0.056	0.107
185	CAT_52508_183_S189_L001_R1_001	76868	4067	59335	13466	0.05	0.77	0.18	0.38	0.062	0.097	0.38	0.062	0.097
186	CAT_52508_183_S93_L001_R1_001	99326	21840	65239	12247	0.22	0.66	0.12	0.65	0.098	0.082	0.65	0.098	0.082
187	CAT_52508_189_S190_L001_R1_001	125267	6849	95954	22464	0.05	0.77	0.18	0.464	0.066	0.091	0.464	0.066	0.091
188	CAT_52508_189_S94_L001_R1_001	109191	17783	77639	13769	0.16	0.71	0.13	0.584	0.084	0.024	0.584	0.084	0.024
189	CAT_52508_201_S191_L001_R1_001	158214	8250	144229	5735	0.05	0.91	0.04	0.106	0.018	0.444	0.106	0.018	0.444
190	CAT_52508_201_S95_L001_R1_001	129386	24252	102335	2799	0.19	0.79	0.02	0.15	0.024	0.25	0.15	0.024	0.25
