Sample	Total.Reads	Off.target.Reads	Primer.Only.Reads	Primer.Probe.Reads	Off.target.Proportion	Primer.Only.Proportion	Primer.Probe.Proportion	GenotypeRate	Heterozygosity	conScore
CAT_52507_356_S32_L001_R1_001	327918	26036	81083	220799	0.08	0.25	0.67	0.91	0.132	0.348
CAT_52508_011_S36_L001_R1_001	848483	43503	80681	724299	0.05	0.1	0.85	0.952	0.148	0.311
CAT_52508_117_S168_L001_R1_001	48892	2473	44933	1486	0.05	0.92	0.03	0.042	0.006	0.333
CAT_52508_127_S74_L001_R1_001	477017	39979	85153	351885	0.08	0.18	0.74	0.852	0.122	0.328
CAT_52508_135_S174_L001_R1_001	61144	3088	56252	1804	0.05	0.92	0.03	0.048	0.006	0.333
CAT_52508_157_S180_L001_R1_001	323861	16053	250356	57452	0.05	0.77	0.18	0.476	0.06	0.3
CAT_52508_174_S185_L001_R1_001	82469	3860	59128	19481	0.05	0.72	0.24	0.436	0.058	0.31
CAT_52508_174_S89_L001_R1_001	275212	39338	110559	125315	0.14	0.4	0.46	0.886	0.122	0.328
CAT_52508_201_S191_L001_R1_001	158214	8250	144229	5735	0.05	0.91	0.04	0.106	0.018	0.444
