Locus	Primer Reads	Primer Probe Reads	Primer Probe Proportion
Tpa_0010	38	22	0.58
Tpa_0012	2384	165	0.07
Tpa_0024	91	0	0.00
Tpa_0035	250	23	0.09
Tpa_0037	641	6	0.01
Tpa_0095	12114	3817	0.32
Tpa_0151	7341	6070	0.83
Tpa_0183	729	526	0.72
Tpa_0186	941	24	0.03
Tpa_0215	67	0	0.00
Tpa_0226	4	4	1.00
Tpa_0228	940	4	0.00
Tpa_0263	157	27	0.17
Tpa_0269	1635	9	0.01
Tpa_0272	24	0	0.00
Tpa_0301	4893	4772	0.98
Tpa_0342	591	510	0.86
Tpa_0346	1003	10	0.01
Tpa_0358	149	67	0.45
Tpa_0366	44420	326	0.01
Tpa_0367	152	34	0.22
Tpa_0371	566	154	0.27
Tpa_0395	177	143	0.81
Tpa_0409	1102	0	0.00
Tpa_0427	98	80	0.82
Tpa_0429	782	11	0.01
Tpa_0438	2388	13	0.01
Tpa_0439	351	285	0.81
Tpa_0474	12	1	0.08
Tpa_0492	1019	1	0.00
Tpa_0500	468	1	0.00
Tpa_0540	6348	2	0.00
Tpa_0547	2556	134	0.05
Tpa_0556	2478	2	0.00
Tpa_0569	472	290	0.61
Tpa_0584	2124	7	0.00
Tpa_0592	6923	2810	0.41
Tpa_0650	26764	9	0.00
Tpa_0671	150	133	0.89
Tpa_0678	22	2	0.09
Tpa_0687	234	27	0.12
Tpa_0730	522	19	0.04
Tpa_0743	76	75	0.99
Tpa_0763	419	101	0.24
Tpa_0768	88	11	0.12
Tpa_0791	11033	117	0.01
Tpa_0826	545	13	0.02
Tpa_0866	9922	7466	0.75
Tpa_0868	2	0	0.00
Tpa_0882	1	1	1.00
Tpa_0888	42888	136	0.00
Tpa_0895	531	5	0.01
Tpa_0905	1636	146	0.09
Tpa_0912	253	0	0.00
Tpa_0929	1013	2	0.00
Tpa_0936	14292	27	0.00
Tpa_0953	61675	3191	0.05
Tpa_0970	24	0	0.00
Tpa_0973	38853	0	0.00
Tpa_0979	39260	6	0.00
Tpa_1007	103	2	0.02
Tpa_1022	432	19	0.04
Tpa_1042	4	0	0.00
Tpa_1071	1593	17	0.01
Tpa_1077	17771	205	0.01
Tpa_1082	14124	11643	0.82
Tpa_1098	9	0	0.00
Tpa_1112	1067	21	0.02
Tpa_1136	1	1	1.00
Tpa_1144	321	39	0.12
Tpa_1154	191	49	0.26
Tpa_1156	0	0	NA
Tpa_1187	47	28	0.60
Tpa_1268	475	63	0.13
Tpa_1290	0	0	NA
Tpa_1304	44	3	0.07
Tpa_1305	113	0	0.00
Tpa_1310	322	3	0.01
Tpa_1312	9101	217	0.02
Tpa_1320	266	2	0.01
Tpa_1341	5183	0	0.00
Tpa_1357	1541	87	0.06
Tpa_1359	299	32	0.11
Tpa_1394	4	3	0.75
Tpa_1404	82478	0	0.00
Tpa_1443	103	0	0.00
Tpa_1486	35792	81	0.00
Tpa_1515	953	41	0.04
Tpa_1528	3161	13	0.00
Tpa_1542	36759	148	0.00
Tpa_1548	342	5	0.01
Tpa_1550	6347	407	0.06
Tpa_1585	10978	9155	0.83
Tpa_1593	588	29	0.05
Tpa_1606	356	23	0.06
Tpa_1638	2385	11	0.00
Tpa_1646	14985	194	0.01
Tpa_1662	7435	123	0.02
Tpa_1678	3058	870	0.28
Tpa_1689	2594	102	0.04
Tpa_1703	2	0	0.00
Tpa_1731	11240	837	0.07
Tpa_1774	683	185	0.27
Tpa_1775	4329	73	0.02
Tpa_1804	42769	753	0.02
Tpa_1818	824	1	0.00
Tpa_1831	247	235	0.95
Tpa_1832	5	5	1.00
Tpa_1843	18055	13	0.00
Tpa_1847	24178	0	0.00
Tpa_1891	737	105	0.14
Tpa_1896	1973	25	0.01
Tpa_1917	400	1	0.00
Tpa_1930	66	47	0.71
Tpa_1966	229	48	0.21
Tpa_2006	2432	2324	0.96
Tpa_2010	18443	12	0.00
Tpa_2021	49707	606	0.01
Tpa_2034	6	4	0.67
Tpa_2040	1698	1080	0.64
Tpa_2041	13447	527	0.04
Tpa_2073	1003	0	0.00
Tpa_2076	736	139	0.19
Tpa_2096	31	19	0.61
Tpa_2128	18	9	0.50
Tpa_2157	525	318	0.61
Tpa_2180	3153	54	0.02
Tpa_2194	20	12	0.60
Tpa_2207	50	44	0.88
Tpa_2254	1603	11	0.01
Tpa_2278	104	47	0.45
Tpa_2334	14037	0	0.00
Tpa_2344	9711	1218	0.13
Tpa_2353	320	200	0.62
Tpa_2368	24655	766	0.03
Tpa_2412	12249	49	0.00
Tpa_2417	245	62	0.25
Tpa_2453	84	0	0.00
Tpa_2458	720	137	0.19
Tpa_2460	30994	0	0.00
Tpa_2470	13820	147	0.01
Tpa_2483	30393	24	0.00
Tpa_2498	2359	4	0.00
Tpa_2509	1357	1282	0.94
Tpa_2518	520	16	0.03
Tpa_2519	274	4	0.01
Tpa_2523	13893	0	0.00
Tpa_2581	711	341	0.48
Tpa_2601	2379	2300	0.97
Tpa_2608	39909	585	0.01
Tpa_2636	22	6	0.27
Tpa_2639	35934	1	0.00
Tpa_2664	20740	8	0.00
Tpa_2702	4777	314	0.07
Tpa_2712	16791	2598	0.15
Tpa_2734	4269	267	0.06
Tpa_2741	0	0	NA
Tpa_2745	14230	1583	0.11
Tpa_2763	97	75	0.77
Tpa_2845	12	1	0.08
Tpa_2854	2622	0	0.00
Tpa_2856	3175	7	0.00
Tpa_2861	1245	0	0.00
Tpa_2868	5139	0	0.00
Tpa_2900	1798	588	0.33
Tpa_2907	281	2	0.01
Tpa_2961	2	2	1.00
Tpa_2970	1496	5	0.00
Tpa_3004	7999	1486	0.19
Tpa_3011	19395	0	0.00
Tpa_3018	2411	46	0.02
Tpa_3047	3157	83	0.03
Tpa_3055	399	0	0.00
Tpa_3063	265	3	0.01
Tpa_3129	820	150	0.18
Tpa_3149	4905	4755	0.97
Tpa_3193	1	0	0.00
Tpa_3197	77122	5560	0.07
Tpa_3200	1101	367	0.33
Tpa_3235	298	3	0.01
Tpa_3248	610	593	0.97
Tpa_3254	2690	9	0.00
Tpa_3262	1042	534	0.51
Tpa_3263	31241	7	0.00
Tpa_3310	38331	430	0.01
Tpa_3347	178	3	0.02
Tpa_3354	20	18	0.90
Tpa_3364	635	49	0.08
Tpa_3385	2	0	0.00
Tpa_3414	42206	1	0.00
Tpa_3439	3697	427	0.12
Tpa_3502	5	0	0.00
Tpa_3561	22	1	0.05
Tpa_3569	8	7	0.88
Tpa_3578	13931	192	0.01
Tpa_3583	481	18	0.04
Tpa_3616	240	19	0.08
Tpa_3674	2506	299	0.12
Tpa_3676	7292	26	0.00
Tpa_3679	32	6	0.19
Tpa_3684	238	0	0.00
Tpa_3705	13236	24	0.00
Tpa_3723	10	6	0.60
Tpa_3737	165	2	0.01
Tpa_3745	4779	2646	0.55
Tpa_3795	997	26	0.03
Tpa_3846	2862	1299	0.45
Tpa_3862	1	0	0.00
Tpa_3871	8051	203	0.03
Tpa_3879	1392	1108	0.80
Tpa_3905	3172	1	0.00
Tpa_3926	23897	1	0.00
Tpa_3937	1075	428	0.40
Tpa_3962	2938	1887	0.64
Tpa_3974	588	194	0.33
Tpa_4020	6	5	0.83
Tpa_4021	221	174	0.79
Tpa_4022	779	64	0.08
Tpa_4055	181	12	0.07
Tpa_4077	43386	28	0.00
Tpa_4120	2552	158	0.06
Tpa_4126	1277	59	0.05
Tpa_4137	1288	219	0.17
Tpa_4148	43884	0	0.00
Tpa_4168	2758	2	0.00
Tpa_4176	132	7	0.05
Tpa_4178	591	9	0.02
Tpa_4209	626	74	0.12
Tpa_4221	277	1	0.00
Tpa_4230	17457	184	0.01
Tpa_4245	4577	1	0.00
Tpa_4246	2463	157	0.06
Tpa_4247	2893	184	0.06
Tpa_4268	33730	30681	0.91
Tpa_4291	222	187	0.84
Tpa_4295	215	45	0.21
Tpa_4310	38435	37	0.00
Tpa_4316	1145	196	0.17
Tpa_4353	5008	465	0.09
Tpa_4356	4546	2136	0.47
Tpa_4380	1784	1000	0.56
Tpa_4384	16070	13636	0.85
Tpa_4394	2591	1016	0.39
Tpa_4416	4678	137	0.03
Tpa_4425	20444	13	0.00
Tpa_4443	340	233	0.69
Tpa_4454	7992	61	0.01
Tpa_4467	53714	2	0.00
Tpa_4495	3070	2775	0.90
Tpa_4506	50	0	0.00
Tpa_4511	6682	19	0.00
Tpa_4549	70789	0	0.00
Tpa_4556	352	320	0.91
Tpa_4569	16210	140	0.01
Tpa_4582	14992	120	0.01
Tpa_4590	32888	15298	0.47
Tpa_4591	8764	490	0.06
Tpa_4592	14133	8	0.00
Tpa_4593	6647	123	0.02
Tpa_4595	13	1	0.08
Tpa_4599	56374	51336	0.91
Tpa_4633	19592	159	0.01
Tpa_4637	6217	4	0.00
Tpa_4668	7393	26	0.00
Tpa_4678	13983	3177	0.23
Tpa_4697	639	542	0.85
Tpa_4713	30793	4755	0.15
Tpa_4731	1712	7	0.00
Tpa_4747	2109	34	0.02
Tpa_4749	356	30	0.08
Tpa_4804	1295	21	0.02
Tpa_4849	77	5	0.06
Tpa_4862	6669	886	0.13
Tpa_4885	4920	0	0.00
Tpa_4886	25265	10	0.00
Tpa_4900	7234	67	0.01
Tpa_4920	28605	1	0.00
Tpa_4928	58518	4575	0.08
Tpa_4936	2128	1536	0.72
Tpa_4985	2467	1	0.00
Tpa_5002	11175	2023	0.18
Tpa_5015	9	1	0.11
Tpa_5022	514	502	0.98
Tpa_5057	1366	978	0.72
Tpa_5069	41958	264	0.01
Tpa_5075	154	72	0.47
Tpa_5104	40	33	0.82
Tpa_5106	6506	864	0.13
Tpa_5118	11695	6	0.00
Tpa_5138	43854	2939	0.07
Tpa_5144	326	17	0.05
Tpa_5167	36	0	0.00
Tpa_5196	333	6	0.02
Tpa_5205	97	4	0.04
Tpa_5206	50616	27	0.00
Tpa_5218	5302	696	0.13
Tpa_5222	3521	2835	0.81
Tpa_5228	168	83	0.49
Tpa_5241	300	184	0.61
Tpa_5242	1338	271	0.20
Tpa_5244	3970	2715	0.68
Tpa_5249	8371	1286	0.15
Tpa_5270	4	2	0.50
Tpa_5278	558	406	0.73
Tpa_5279	7544	56	0.01
Tpa_5292	4529	4027	0.89
Tpa_5298	6755	125	0.02
Tpa_5327	1136	943	0.83
Tpa_5360	32001	670	0.02
Tpa_5361	3368	446	0.13
Tpa_5373	4285	49	0.01
Tpa_5379	62974	28005	0.44
Tpa_5382	21336	16286	0.76
Tpa_5418	3473	1030	0.30
Tpa_5441	5429	848	0.16
Tpa_5445	914	842	0.92
Tpa_5446	108	94	0.87
Tpa_5454	13879	13478	0.97
Tpa_5471	1870	1051	0.56
Tpa_5485	1456	14	0.01
Tpa_5501	48003	2596	0.05
Tpa_5525	73133	453	0.01
Tpa_5538	3	0	0.00
Tpa_5540	11599	2016	0.17
Tpa_5542	1457	678	0.47
Tpa_5563	166	34	0.20
Tpa_5565	44200	11495	0.26
Tpa_5570	7507	1	0.00
Tpa_5574	49895	9	0.00
Tpa_5588	563	151	0.27
Tpa_5594	4745	546	0.12
Tpa_5601	50928	1415	0.03
Tpa_5609	917	1	0.00
Tpa_5623	795	161	0.20
Tpa_5636	2159	8	0.00
Tpa_5651	1741	467	0.27
Tpa_5679	311	79	0.25
Tpa_5741	15453	95	0.01
Tpa_5747	28948	9575	0.33
Tpa_5761	4396	1932	0.44
Tpa_5774	28608	926	0.03
Tpa_5786	331	202	0.61
Tpa_5795	34404	0	0.00
Tpa_5796	168	98	0.58
Tpa_5823	24410	6020	0.25
Tpa_5827	8397	2035	0.24
Tpa_5829	583	374	0.64
Tpa_5838	1088	426	0.39
Tpa_5854	0	0	NA
Tpa_5856	223	86	0.39
Tpa_5863	1745	960	0.55
Tpa_5868	1063	166	0.16
Tpa_5878	21994	138	0.01
Tpa_5913	8823	4261	0.48
Tpa_5916	3636	1770	0.49
Tpa_5917	667	208	0.31
Tpa_5942	2265	563	0.25
Tpa_5951	0	0	NA
Tpa_5961	29	1	0.03
Tpa_5978	35956	65	0.00
Tpa_5980	320	21	0.07
Tpa_6003	49373	803	0.02
Tpa_6016	19411	22	0.00
Tpa_6076	3867	11	0.00
Tpa_6083	171	64	0.37
Tpa_6137	194	15	0.08
Tpa_6139	18527	1415	0.08
Tpa_6150	17	11	0.65
Tpa_6158	11322	215	0.02
Tpa_6169	10359	185	0.02
Tpa_6172	33758	265	0.01
Tpa_6204	2153	2	0.00
Tpa_6220	0	0	NA
Tpa_6222	43	16	0.37
Tpa_6224	14519	6592	0.45
Tpa_6265	60	57	0.95
Tpa_6270	2065	34	0.02
Tpa_6285	124	2	0.02
Tpa_6321	0	0	NA
Tpa_6352	101	5	0.05
Tpa_6355	33001	799	0.02
Tpa_6384	24	2	0.08
Tpa_6385	26535	17	0.00
Tpa_6388	1	1	1.00
Tpa_6391	2400	61	0.03
Tpa_6411	1	1	1.00
Tpa_6422	49614	187	0.00
Tpa_6442	35403	2613	0.07
Tpa_6445	168	0	0.00
Tpa_6449	43	0	0.00
Tpa_6451	1971	21	0.01
Tpa_6453	1684	16	0.01
Tpa_6487	691	569	0.82
Tpa_6493	28630	220	0.01
Tpa_6511	38312	42	0.00
Tpa_6528	17666	17	0.00
Tpa_6543	52754	0	0.00
Tpa_6562	42242	60	0.00
Tpa_6565	4152	3200	0.77
Tpa_6586	2030	198	0.10
Tpa_6591	940	838	0.89
Tpa_6604	252	0	0.00
Tpa_6611	0	0	NA
Tpa_6630	19442	476	0.02
Tpa_6654	76	13	0.17
Tpa_6683	183	0	0.00
Tpa_6687	613	13	0.02
Tpa_6689	52265	207	0.00
Tpa_6713	40551	83	0.00
Tpa_6733	377	361	0.96
Tpa_6768	10744	8715	0.81
Tpa_6773	51255	6992	0.14
Tpa_6774	15	6	0.40
Tpa_6786	5362	782	0.15
Tpa_6814	7481	330	0.04
Tpa_6816	2775	2418	0.87
Tpa_6853	33733	75	0.00
Tpa_6887	7293	148	0.02
Tpa_6922	25059	3017	0.12
Tpa_6937	15843	4537	0.29
Tpa_6963	2752	2575	0.94
Tpa_6973	1791	560	0.31
Tpa_7007	53	3	0.06
Tpa_7010	6346	5546	0.87
Tpa_7018	8	2	0.25
Tpa_7052	35353	34698	0.98
Tpa_7058	24875	164	0.01
Tpa_7062	343	244	0.71
Tpa_7080	8938	5290	0.59
Tpa_7082	18	16	0.89
Tpa_7090	630	529	0.84
Tpa_7106	48334	72	0.00
Tpa_7153	10	5	0.50
Tpa_7157	11530	2126	0.18
Tpa_7201	54823	9004	0.16
Tpa_7204	16439	3979	0.24
Tpa_7210	4416	353	0.08
Tpa_7213	10589	7588	0.72
Tpa_7221	36611	126	0.00
Tpa_7240	38630	938	0.02
Tpa_7289	74432	1554	0.02
Tpa_7291	59051	5	0.00
Tpa_7293	7	1	0.14
Tpa_7331	190	0	0.00
Tpa_7348	37071	243	0.01
Tpa_7352	0	0	NA
Tpa_7367	3789	3031	0.80
Tpa_7375	17344	5728	0.33
Tpa_7391	56008	13140	0.23
Tpa_7406	0	0	NA
Tpa_7413	5	0	0.00
Tpa_7417	58	38	0.66
Tpa_7425	22109	818	0.04
Tpa_7447	2745	10	0.00
Tpa_7450	237	0	0.00
Tpa_7452	1565	229	0.15
Tpa_7454	28044	733	0.03
Tpa_7461	1876	5	0.00
Tpa_7477	978	447	0.46
Tpa_7479	3328	1918	0.58
Tpa_7483	29111	5671	0.19
Tpa_7495	151	105	0.70
Tpa_7496	54223	7	0.00
Tpa_7533	2658	2315	0.87
Tpa_7540	4393	1472	0.34
Tpa_7553	2340	2167	0.93
Tpa_7560	3708	875	0.24
Tpa_7566	20278	18994	0.94
Tpa_7567	7307	268	0.04
Tpa_7571	5351	1518	0.28
Tpa_7586	19485	18280	0.94
Tpa_7594	32	26	0.81
Tpa_7597	30890	30186	0.98
Tpa_7601	13249	0	0.00
Tpa_7604	9814	1044	0.11
Tpa_7605	79011	73	0.00
Tpa_7615	4552	3968	0.87
Tpa_7652	22	5	0.23
Tpa_7653	135	60	0.44
Tpa_7657	535	70	0.13
Tpa_7665	2	0	0.00
Tpa_7686	93937	90401	0.96
Tpa_7690	35777	34781	0.97
Tpa_7691	3657	11	0.00
Tpa_7703	2687	14	0.01
Tpa_7755	47104	451	0.01
Tpa_7757	409	0	0.00
Tpa_7764	46857	10889	0.23
Tpa_7765	12192	46	0.00
Tpa_7769	6175	5734	0.93
Tpa_7772	71	0	0.00
Tpa_7798	482	224	0.46
Tpa_7799	24048	102	0.00
Tpa_7805	134	35	0.26
Tpa_7807	11765	68	0.01
Tpa_7814	52370	2702	0.05
Tpa_7825	15042	14531	0.97
Tpa_7848	4341	626	0.14
Tpa_7871	1887	8	0.00
Tpa_7910	4197	126	0.03
