Locus	Primer Reads	Primer Probe Reads	Primer Probe Proportion
Tpa_0010	8876	8295	0.93
Tpa_0012	45306	41756	0.92
Tpa_0024	8402	26	0.00
Tpa_0035	6566	6147	0.94
Tpa_0037	13400	2255	0.17
Tpa_0095	175765	170591	0.97
Tpa_0151	282079	244273	0.87
Tpa_0183	229183	168703	0.74
Tpa_0186	8074	7500	0.93
Tpa_0215	511	10	0.02
Tpa_0226	954	798	0.84
Tpa_0228	3587	1404	0.39
Tpa_0263	44121	14576	0.33
Tpa_0269	5541	5156	0.93
Tpa_0272	147	124	0.84
Tpa_0301	212202	206491	0.97
Tpa_0342	66806	62349	0.93
Tpa_0346	22144	21169	0.96
Tpa_0358	7540	7283	0.97
Tpa_0366	85006	24080	0.28
Tpa_0367	7131	6705	0.94
Tpa_0371	52616	50459	0.96
Tpa_0395	38885	37879	0.97
Tpa_0409	4604	3918	0.85
Tpa_0427	17187	16690	0.97
Tpa_0429	7730	6261	0.81
Tpa_0438	10689	3649	0.34
Tpa_0439	97190	93614	0.96
Tpa_0474	7178	129	0.02
Tpa_0492	9800	5501	0.56
Tpa_0500	62680	1591	0.03
Tpa_0540	81231	1705	0.02
Tpa_0547	66304	40669	0.61
Tpa_0556	8447	2768	0.33
Tpa_0569	39698	25128	0.63
Tpa_0592	122883	114422	0.93
Tpa_0650	49303	5770	0.12
Tpa_0671	29902	29136	0.97
Tpa_0678	400	188	0.47
Tpa_0730	14581	10750	0.74
Tpa_0743	9679	9380	0.97
Tpa_0763	23917	23004	0.96
Tpa_0768	31576	588	0.02
Tpa_0826	2208	2038	0.92
Tpa_0866	241256	234137	0.97
Tpa_0868	142	88	0.62
Tpa_0882	399	371	0.93
Tpa_0888	50093	22206	0.44
Tpa_0895	14004	10732	0.77
Tpa_0905	28278	26716	0.94
Tpa_0912	5617	421	0.07
Tpa_0929	7207	2810	0.39
Tpa_0936	26709	7013	0.26
Tpa_0953	121143	113354	0.94
Tpa_0970	79	60	0.76
Tpa_0973	349	121	0.35
Tpa_0979	111613	27112	0.24
Tpa_1007	28402	14684	0.52
Tpa_1022	343308	22225	0.06
Tpa_1042	2419	1483	0.61
Tpa_1071	7774	6701	0.86
Tpa_1077	26829	25138	0.94
Tpa_1082	171109	165426	0.97
Tpa_1098	192	174	0.91
Tpa_1112	38435	31402	0.82
Tpa_1136	156	11	0.07
Tpa_1144	14526	13704	0.94
Tpa_1154	26520	25187	0.95
Tpa_1156	508	68	0.13
Tpa_1187	5513	5186	0.94
Tpa_1268	13159	12708	0.97
Tpa_1290	19545	4580	0.23
Tpa_1304	25796	14273	0.55
Tpa_1305	2230	16	0.01
Tpa_1310	54156	11225	0.21
Tpa_1312	23526	22854	0.97
Tpa_1320	43528	446	0.01
Tpa_1341	8560	4992	0.58
Tpa_1357	72676	70638	0.97
Tpa_1359	2260	2139	0.95
Tpa_1394	632	615	0.97
Tpa_1443	1244	1123	0.90
Tpa_1486	186435	23244	0.12
Tpa_1515	4907	4681	0.95
Tpa_1528	4017	3872	0.96
Tpa_1542	146219	45549	0.31
Tpa_1548	7323	3056	0.42
Tpa_1550	35719	28657	0.80
Tpa_1585	130344	124542	0.96
Tpa_1593	9485	7698	0.81
Tpa_1606	21758	4831	0.22
Tpa_1638	6979	5951	0.85
Tpa_1646	63897	16499	0.26
Tpa_1662	49299	24351	0.49
Tpa_1678	64380	62161	0.97
Tpa_1689	30049	28883	0.96
Tpa_1703	377	10	0.03
Tpa_1731	27485	19907	0.72
Tpa_1774	23142	21096	0.91
Tpa_1775	32069	1387	0.04
Tpa_1818	7781	4033	0.52
Tpa_1831	4890	4774	0.98
Tpa_1832	1290	1267	0.98
Tpa_1843	22157	11924	0.54
Tpa_1891	18422	18003	0.98
Tpa_1896	6462	6082	0.94
Tpa_1917	4286	4011	0.94
Tpa_1930	6151	5715	0.93
Tpa_1966	15477	9687	0.63
Tpa_2006	38256	37214	0.97
Tpa_2010	14750	14031	0.95
Tpa_2021	37054	23953	0.65
Tpa_2034	9355	8997	0.96
Tpa_2040	57371	52022	0.91
Tpa_2041	352795	34788	0.10
Tpa_2073	912	755	0.83
Tpa_2076	32736	3249	0.10
Tpa_2096	9775	9528	0.97
Tpa_2128	36815	33022	0.90
Tpa_2157	13030	12678	0.97
Tpa_2180	9497	5486	0.58
Tpa_2194	6225	6007	0.96
Tpa_2207	18543	18050	0.97
Tpa_2254	16609	11074	0.67
Tpa_2278	12155	11842	0.97
Tpa_2334	28867	48	0.00
Tpa_2344	17808	15053	0.85
Tpa_2353	11517	11268	0.98
Tpa_2368	53845	41033	0.76
Tpa_2412	9011	2379	0.26
Tpa_2417	8624	5432	0.63
Tpa_2453	1687	0	0.00
Tpa_2458	48770	37007	0.76
Tpa_2460	33978	2158	0.06
Tpa_2470	8344	6360	0.76
Tpa_2483	13148	12130	0.92
Tpa_2498	4705	2855	0.61
Tpa_2509	32840	31792	0.97
Tpa_2518	1396	1249	0.89
Tpa_2519	3566	3251	0.91
Tpa_2523	731	667	0.91
Tpa_2581	17879	16463	0.92
Tpa_2601	14540	14102	0.97
Tpa_2608	15893	12714	0.80
Tpa_2636	195361	1041	0.01
Tpa_2639	12485	3983	0.32
Tpa_2664	6921	6586	0.95
Tpa_2702	22722	21238	0.93
Tpa_2712	27295	25716	0.94
Tpa_2734	16959	15214	0.90
Tpa_2741	702	79	0.11
Tpa_2745	86745	77560	0.89
Tpa_2763	18270	17907	0.98
Tpa_2845	176	166	0.94
Tpa_2854	7672	941	0.12
Tpa_2856	2250	1584	0.70
Tpa_2861	3848	2737	0.71
Tpa_2868	1816	1301	0.72
Tpa_2900	27790	26154	0.94
Tpa_2907	102338	8962	0.09
Tpa_2961	1563	1197	0.77
Tpa_2970	4084	3714	0.91
Tpa_3004	33916	28136	0.83
Tpa_3011	4308	2206	0.51
Tpa_3018	7005	5553	0.79
Tpa_3047	10232	5033	0.49
Tpa_3055	110952	2477	0.02
Tpa_3063	981	288	0.29
Tpa_3129	25456	24825	0.98
Tpa_3149	58100	56505	0.97
Tpa_3193	13	12	0.92
Tpa_3197	47000	43883	0.93
Tpa_3200	29114	28338	0.97
Tpa_3248	2834	2770	0.98
Tpa_3254	8968	7046	0.79
Tpa_3262	19439	16793	0.86
Tpa_3263	88115	1160	0.01
Tpa_3310	20089	5299	0.26
Tpa_3347	1091	632	0.58
Tpa_3354	773	757	0.98
Tpa_3364	24481	22701	0.93
Tpa_3385	1816	1286	0.71
Tpa_3439	21888	19396	0.89
Tpa_3502	96	76	0.79
Tpa_3561	298	156	0.52
Tpa_3569	5071	4936	0.97
Tpa_3583	6313	5642	0.89
Tpa_3616	3608	2728	0.76
Tpa_3674	22601	19398	0.86
Tpa_3676	4151	2670	0.64
Tpa_3679	9917	3423	0.35
Tpa_3684	16652	88	0.01
Tpa_3705	5301	1870	0.35
Tpa_3723	175	161	0.92
Tpa_3737	12990	350	0.03
Tpa_3745	73071	70264	0.96
Tpa_3795	2726	1592	0.58
Tpa_3846	79717	26809	0.34
Tpa_3862	2061	558	0.27
Tpa_3871	10244	9694	0.95
Tpa_3879	21110	19815	0.94
Tpa_3905	1925	1498	0.78
Tpa_3926	84228	1295	0.02
Tpa_3937	33716	32867	0.97
Tpa_3962	47817	46229	0.97
Tpa_3974	3398	3261	0.96
Tpa_4020	6143	5811	0.95
Tpa_4021	8996	8492	0.94
Tpa_4022	13410	13071	0.97
Tpa_4055	15522	1261	0.08
Tpa_4077	62887	5196	0.08
Tpa_4120	28909	20018	0.69
Tpa_4126	3941	3633	0.92
Tpa_4137	10473	9159	0.87
Tpa_4148	7864	4660	0.59
Tpa_4168	5007	3190	0.64
Tpa_4176	12944	2793	0.22
Tpa_4178	11346	4073	0.36
Tpa_4209	11459	4944	0.43
Tpa_4221	5056	93	0.02
Tpa_4230	11626	6103	0.52
Tpa_4245	808	63	0.08
Tpa_4246	14635	6965	0.48
Tpa_4247	5993	5670	0.95
Tpa_4268	308576	299739	0.97
Tpa_4291	20769	18151	0.87
Tpa_4295	3910	3752	0.96
Tpa_4310	10630	10029	0.94
Tpa_4316	14512	9462	0.65
Tpa_4353	36367	15421	0.42
Tpa_4356	20609	18514	0.90
Tpa_4380	39984	37730	0.94
Tpa_4384	114093	111520	0.98
Tpa_4394	71905	66938	0.93
Tpa_4416	15842	15092	0.95
Tpa_4425	3178	2814	0.89
Tpa_4443	11727	11270	0.96
Tpa_4454	10550	9827	0.93
Tpa_4467	9886	4977	0.50
Tpa_4495	17543	17151	0.98
Tpa_4506	6740	752	0.11
Tpa_4511	97219	54639	0.56
Tpa_4549	4284	1468	0.34
Tpa_4556	3021	2867	0.95
Tpa_4569	18334	15527	0.85
Tpa_4582	26374	24521	0.93
Tpa_4590	125349	101176	0.81
Tpa_4591	28289	14351	0.51
Tpa_4592	16871	2197	0.13
Tpa_4593	5728	4949	0.86
Tpa_4595	7478	5031	0.67
Tpa_4599	140975	131420	0.93
Tpa_4633	17443	16320	0.94
Tpa_4637	2113	1162	0.55
Tpa_4668	1079	976	0.90
Tpa_4678	27766	17237	0.62
Tpa_4697	28989	28197	0.97
Tpa_4713	43144	42032	0.97
Tpa_4731	108081	3873	0.04
Tpa_4747	2014	1586	0.79
Tpa_4749	4936	4048	0.82
Tpa_4804	32002	13217	0.41
Tpa_4849	16366	6982	0.43
Tpa_4885	2284	1140	0.50
Tpa_4886	36792	3956	0.11
Tpa_4900	23602	22796	0.97
Tpa_4920	50538	111	0.00
Tpa_4928	43664	39631	0.91
Tpa_4936	32827	29813	0.91
Tpa_4985	6327	3415	0.54
Tpa_5002	23079	22226	0.96
Tpa_5015	2380	277	0.12
Tpa_5022	1125	1090	0.97
Tpa_5057	17761	16130	0.91
Tpa_5075	7505	7295	0.97
Tpa_5104	1327	1269	0.96
Tpa_5106	25644	24195	0.94
Tpa_5118	2916	365	0.13
Tpa_5138	53024	50884	0.96
Tpa_5144	21476	13547	0.63
Tpa_5167	20802	8696	0.42
Tpa_5196	5787	5482	0.95
Tpa_5205	18848	8648	0.46
Tpa_5206	49426	2716	0.05
Tpa_5218	29926	28661	0.96
Tpa_5222	27283	25595	0.94
Tpa_5228	9244	5571	0.60
Tpa_5241	6462	6273	0.97
Tpa_5242	13522	13051	0.97
Tpa_5244	27963	26986	0.97
Tpa_5249	45592	44316	0.97
Tpa_5270	216	206	0.95
Tpa_5278	40222	39181	0.97
Tpa_5279	8206	7678	0.94
Tpa_5292	22316	19679	0.88
Tpa_5298	191041	14784	0.08
Tpa_5327	35719	24417	0.68
Tpa_5360	44741	24976	0.56
Tpa_5361	9560	8852	0.93
Tpa_5373	9954	9568	0.96
Tpa_5379	315039	192900	0.61
Tpa_5382	113859	106312	0.93
Tpa_5418	22259	20551	0.92
Tpa_5441	21212	12547	0.59
Tpa_5445	11626	11310	0.97
Tpa_5446	13206	10769	0.82
Tpa_5454	80769	59178	0.73
Tpa_5471	10143	4351	0.43
Tpa_5485	1754	1151	0.66
Tpa_5501	55659	51537	0.93
Tpa_5525	30181	18599	0.62
Tpa_5538	755	740	0.98
Tpa_5540	41966	38246	0.91
Tpa_5542	25155	23985	0.95
Tpa_5563	6552	6218	0.95
Tpa_5565	102822	95578	0.93
Tpa_5570	1629	1480	0.91
Tpa_5574	3928	3120	0.79
Tpa_5588	2489	2322	0.93
Tpa_5594	22151	21426	0.97
Tpa_5601	67989	51546	0.76
Tpa_5609	3487	3354	0.96
Tpa_5623	17296	16137	0.93
Tpa_5636	7767	3458	0.45
Tpa_5651	22542	21525	0.95
Tpa_5679	7113	2645	0.37
Tpa_5741	8151	2338	0.29
Tpa_5761	48625	47642	0.98
Tpa_5774	238065	96039	0.40
Tpa_5795	74102	55	0.00
Tpa_5796	10265	7934	0.77
Tpa_5823	121221	66153	0.55
Tpa_5827	53317	47426	0.89
Tpa_5829	160822	156961	0.98
Tpa_5838	16745	16306	0.97
Tpa_5854	1149	6	0.01
Tpa_5856	9672	8942	0.92
Tpa_5863	21912	21218	0.97
Tpa_5868	18200	16284	0.89
Tpa_5878	17570	13538	0.77
Tpa_5913	135723	131046	0.97
Tpa_5917	17687	16649	0.94
Tpa_5942	63596	61608	0.97
Tpa_5951	3988	3797	0.95
Tpa_5961	8875	577	0.07
Tpa_5978	26667	6775	0.25
Tpa_5980	3345	3219	0.96
Tpa_6016	2195	1409	0.64
Tpa_6076	37644	10852	0.29
Tpa_6083	13771	12890	0.94
Tpa_6137	5096	4533	0.89
Tpa_6139	81800	45594	0.56
Tpa_6150	923	795	0.86
Tpa_6158	12699	11506	0.91
Tpa_6169	16416	15222	0.93
Tpa_6172	16069	9360	0.58
Tpa_6204	807	132	0.16
Tpa_6220	11739	11389	0.97
Tpa_6222	7334	6778	0.92
Tpa_6224	24831	23967	0.97
Tpa_6265	598	189	0.32
Tpa_6270	14272	11311	0.79
Tpa_6321	2228	781	0.35
Tpa_6352	315	155	0.49
Tpa_6355	227483	11955	0.05
Tpa_6384	4549	202	0.04
Tpa_6385	21214	3324	0.16
Tpa_6388	650	616	0.95
Tpa_6391	17101	9526	0.56
Tpa_6411	1732	16	0.01
Tpa_6422	12929	7485	0.58
Tpa_6442	43197	30476	0.71
Tpa_6449	5957	312	0.05
Tpa_6451	3891	1235	0.32
Tpa_6453	10539	10047	0.95
Tpa_6487	134128	4898	0.04
Tpa_6493	17856	15049	0.84
Tpa_6511	182	79	0.43
Tpa_6543	12388	792	0.06
Tpa_6562	12451	1363	0.11
Tpa_6565	6651	6018	0.90
Tpa_6586	29966	24348	0.81
Tpa_6591	16585	16152	0.97
Tpa_6604	85	22	0.26
Tpa_6611	19	1	0.05
Tpa_6630	21532	14293	0.66
Tpa_6654	863	801	0.93
Tpa_6683	278	170	0.61
Tpa_6687	4082	3805	0.93
Tpa_6713	33125	24907	0.75
Tpa_6733	4008	3882	0.97
Tpa_6768	53669	52171	0.97
Tpa_6773	46613	40191	0.86
Tpa_6774	17040	12764	0.75
Tpa_6786	37596	35300	0.94
Tpa_6814	18804	17309	0.92
Tpa_6816	35883	34760	0.97
Tpa_6853	425843	12772	0.03
Tpa_6887	9760	8144	0.83
Tpa_6922	17578	8437	0.48
Tpa_6937	23144	17974	0.78
Tpa_6963	58627	57347	0.98
Tpa_6973	16586	16089	0.97
Tpa_7007	2091	732	0.35
Tpa_7010	50325	48680	0.97
Tpa_7018	17571	10633	0.61
Tpa_7052	30049	29316	0.98
Tpa_7058	10798	9655	0.89
Tpa_7062	14022	11547	0.82
Tpa_7080	55137	53080	0.96
Tpa_7082	3728	3650	0.98
Tpa_7090	12028	11632	0.97
Tpa_7153	258	190	0.74
Tpa_7157	26710	25839	0.97
Tpa_7201	25546	16336	0.64
Tpa_7204	35625	32411	0.91
Tpa_7210	68649	6683	0.10
Tpa_7213	117724	86485	0.73
Tpa_7221	5162	4280	0.83
Tpa_7240	12366	6058	0.49
Tpa_7289	28236	27161	0.96
Tpa_7291	242771	5488	0.02
Tpa_7293	16812	549	0.03
Tpa_7331	76	28	0.37
Tpa_7348	90867	2458	0.03
Tpa_7352	1111	21	0.02
Tpa_7367	14575	13681	0.94
Tpa_7375	58728	45095	0.77
Tpa_7406	868	11	0.01
Tpa_7413	758	721	0.95
Tpa_7417	7878	7663	0.97
Tpa_7425	9338	8204	0.88
Tpa_7447	448	221	0.49
Tpa_7450	193	38	0.20
Tpa_7452	3282	2143	0.65
Tpa_7454	27555	24259	0.88
Tpa_7461	44712	15151	0.34
Tpa_7477	19788	19198	0.97
Tpa_7479	22067	21414	0.97
Tpa_7483	129177	125207	0.97
Tpa_7495	1938	1863	0.96
Tpa_7533	20677	19724	0.95
Tpa_7540	25431	24482	0.96
Tpa_7553	18853	16746	0.89
Tpa_7560	10770	8076	0.75
Tpa_7566	151510	148720	0.98
Tpa_7567	6288	2592	0.41
Tpa_7571	22490	16262	0.72
Tpa_7586	135263	132215	0.98
Tpa_7594	869	729	0.84
Tpa_7597	16996	16602	0.98
Tpa_7601	2468	1	0.00
Tpa_7604	23185	14394	0.62
Tpa_7605	13725	11096	0.81
Tpa_7615	34259	33530	0.98
Tpa_7652	363	320	0.88
Tpa_7653	373	135	0.36
Tpa_7657	10653	10232	0.96
Tpa_7665	69	15	0.22
Tpa_7686	105285	101450	0.96
Tpa_7690	75800	70624	0.93
Tpa_7691	1786	1240	0.69
Tpa_7703	107865	3239	0.03
Tpa_7757	1252	47	0.04
Tpa_7764	66316	54979	0.83
Tpa_7765	13485	5751	0.43
Tpa_7769	29084	27910	0.96
Tpa_7772	8081	13	0.00
Tpa_7798	67770	14914	0.22
Tpa_7799	5573	4666	0.84
Tpa_7805	4481	4363	0.97
Tpa_7807	10830	6537	0.60
Tpa_7814	49341	42969	0.87
Tpa_7825	67891	65164	0.96
Tpa_7848	7299	6123	0.84
Tpa_7910	9624	8688	0.90
