Locus_ID	AvgReadDepth	GenotypeRate	minAF	majAF	alleles	allFreqs	conScore
1	Tpa_0010_1	89.1935483870968	0.863157894736842	0.176829268292683	0.823170731707317	A,G	0.82,0.18	0
2	Tpa_0012_1	448.989247311828	0.947368421052632	0	1	C,A	0,1	NA
3	Tpa_0024_1	1.3	0.0105263157894737	0.5	0.5	A,C	0.5,0.5	0
4	Tpa_0035_1	74.0602409638554	0.736842105263158	0.0214285714285714	0.978571428571429	T,C	0.02,0.98	0.333333333333333
5	Tpa_0037_1	27.5	0.810526315789474	0.279220779220779	0.720779220779221	A,C	0.72,0.28	0.0606060606060606
6	Tpa_0095_1	1795.69473684211	0.989473684210526	0.0638297872340425	0.936170212765957	G,A	0.06,0.94	0.25
7	Tpa_0151_1	2571.29473684211	0.989473684210526	0.0531914893617021	0.946808510638298	G,A	0.05,0.95	0.2
8	Tpa_0183_1	1775.82105263158	0.989473684210526	0.180851063829787	0.819148936170213	C,A	0.82,0.18	0.333333333333333
9	Tpa_0186_1	86.2068965517241	0.789473684210526	0.0533333333333333	0.946666666666667	C,A	0.05,0.95	0.25
10	Tpa_0215_1	1.42857142857143	0.0105263157894737	0	1	A,C	0,1	NA
11	Tpa_0226_1	10.2307692307692	0.536842105263158	0.0980392156862745	0.901960784313726	C,A	0.1,0.9	0
12	Tpa_0228_1	17.7721518987342	0.705263157894737	0.0447761194029851	0.955223880597015	T,A	0.04,0.96	0
13	Tpa_0263_1	158.434782608696	0.884210526315789	0.261904761904762	0.738095238095238	C,G	0.26,0.74	0.0666666666666667
14	Tpa_0269_1	63.6543209876543	0.715789473684211	0.264705882352941	0.735294117647059	G,A	0.26,0.74	0
15	Tpa_0272_1	2.88372093023256	0.147368421052632	0.357142857142857	0.642857142857143	A,C	0.64,0.36	0
16	Tpa_0301_1	2173.58947368421	0.989473684210526	0.0265957446808511	0.973404255319149	G,T	0.97,0.03	0.8
17	Tpa_0342_1	670.41935483871	0.947368421052632	0.205555555555556	0.794444444444444	C,T	0.79,0.21	0.0645161290322581
18	Tpa_0346_1	230.097826086957	0.842105263157895	0.125	0.875	A,C	0.88,0.12	0
19	Tpa_0358_1	86.7023809523809	0.726315789473684	0.0797101449275362	0.920289855072464	A,C	0.92,0.08	0
20	Tpa_0366_1	261.739130434783	0.926315789473684	0.0511363636363636	0.948863636363636	T,C	0.95,0.05	0.142857142857143
21	Tpa_0367_1	79.8214285714286	0.736842105263158	0.0214285714285714	0.978571428571429	C,T	0.98,0.02	0
22	Tpa_0371_1	536.797872340426	0.957894736842105	0.0494505494505494	0.950549450549451	C,T	0.95,0.05	0.142857142857143
23	Tpa_0395_1	407.301075268817	0.905263157894737	0.0116279069767442	0.988372093023256	G,A	0.01,0.99	0
24	Tpa_0409_1	48.3703703703704	0.631578947368421	0.208333333333333	0.791666666666667	T,C	0.79,0.21	0
25	Tpa_0427_1	181.413043478261	0.863157894736842	0.347560975609756	0.652439024390244	C,T	0.65,0.35	0.324324324324324
26	Tpa_0429_1	68.8021978021978	0.821052631578947	0	1	G,C	0,1	NA
27	Tpa_0438_1	41.4659090909091	0.789473684210526	0.0866666666666667	0.913333333333333	A,C	0.09,0.91	0.0909090909090909
28	Tpa_0439_1	985.41052631579	0.989473684210526	0.202127659574468	0.797872340425532	G,C	0.8,0.2	0.4375
29	Tpa_0474_1	2.93181818181818	0.157894736842105	0.1	0.9	A,T	0.9,0.1	0
30	Tpa_0492_1	64.7176470588235	0.715789473684211	0.00735294117647059	0.992647058823529	C,G	0.99,0.01	0
31	Tpa_0500_1	23.3970588235294	0.494736842105263	0.138297872340426	0.861702127659574	A,C	0.86,0.14	0
32	Tpa_0540_1	21.8589743589744	0.6	0.245614035087719	0.754385964912281	G,C	0.25,0.75	0.0384615384615385
33	Tpa_0547_1	437.301075268817	0.926315789473684	0.0568181818181818	0.943181818181818	G,A	0.06,0.94	0
34	Tpa_0556_1	36.9066666666667	0.578947368421053	0.0363636363636364	0.963636363636364	C,T	0.96,0.04	0
35	Tpa_0569_1	279.2	0.873684210526316	0.319277108433735	0.680722891566265	A,G	0.68,0.32	0.272727272727273
36	Tpa_0592_1	1217.25531914894	0.978947368421053	0.0860215053763441	0.913978494623656	A,G	0.91,0.09	0.125
37	Tpa_0650_1	66.3218390804598	0.747368421052632	0.00704225352112676	0.992957746478873	G,A	0.01,0.99	1
38	Tpa_0671_1	316.695652173913	0.91578947368421	0.0574712643678161	0.942528735632184	C,G	0.94,0.06	0
39	Tpa_0678_1	3.83673469387755	0.178947368421053	0.0882352941176471	0.911764705882353	G,A	0.09,0.91	0
40	Tpa_0730_1	116.847826086957	0.821052631578947	0.217948717948718	0.782051282051282	G,C	0.22,0.78	0.05
41	Tpa_0743_1	107.816091954023	0.852631578947368	0	1	C,A	0,1	NA
42	Tpa_0763_1	244.723404255319	0.936842105263158	0.151685393258427	0.848314606741573	C,A	0.15,0.85	0.117647058823529
43	Tpa_0768_1	8.52173913043478	0.442105263157895	0.0238095238095238	0.976190476190476	G,A	0.02,0.98	0
44	Tpa_0826_1	25.7974683544304	0.694736842105263	0.0757575757575758	0.924242424242424	G,C	0.08,0.92	0.4
45	Tpa_0866_1	2464.6	0.989473684210526	0.0851063829787234	0.914893617021277	C,T	0.91,0.09	0.6
46	Tpa_0868_1	2.58823529411765	0.0842105263157895	0.125	0.875	A,T	0.88,0.12	0
47	Tpa_0882_1	6.18333333333333	0.315789473684211	0.133333333333333	0.866666666666667	A,T	0.87,0.13	0
48	Tpa_0888_1	246.733333333333	0.831578947368421	0.0379746835443038	0.962025316455696	G,A	0.04,0.96	0
49	Tpa_0895_1	119.244444444444	0.821052631578947	0	1	G,A	0,1	NA
50	Tpa_0905_1	290.391304347826	0.863157894736842	0.0975609756097561	0.902439024390244	T,C	0.9,0.1	0.125
51	Tpa_0912_1	6.37878787878788	0.378947368421053	0.0138888888888889	0.986111111111111	C,A	0.01,0.99	0
52	Tpa_0929_1	38.4931506849315	0.610526315789474	0.0172413793103448	0.982758620689655	G,A	0.02,0.98	0
53	Tpa_0936_1	82.5058823529412	0.715789473684211	0.0514705882352941	0.948529411764706	C,T	0.95,0.05	0
54	Tpa_0953_1	1205.89361702128	0.978947368421053	0.0645161290322581	0.935483870967742	C,T	0.94,0.06	0
55	Tpa_0970_1	2.85714285714286	0.0736842105263158	0.214285714285714	0.785714285714286	A,C	0.79,0.21	0
56	Tpa_0973_1	3.18421052631579	0.105263157894737	0	1	T,G	0,1	NA
57	Tpa_0979_1	291.52688172043	0.884210526315789	0.0416666666666667	0.958333333333333	C,G	0.96,0.04	0
58	Tpa_1007_1	164.988764044944	0.842105263157895	0.38125	0.61875	T,C	0.62,0.38	0.0571428571428571
59	Tpa_1022_1	241.576086956522	0.936842105263158	0.0337078651685393	0.966292134831461	G,A	0.03,0.97	0.166666666666667
60	Tpa_1042_1	22.469696969697	0.347368421052632	0.0454545454545455	0.954545454545455	G,A	0.05,0.95	0
61	Tpa_1071_1	83.7625	0.663157894736842	0.222222222222222	0.777777777777778	A,C	0.78,0.22	0.0833333333333333
62	Tpa_1077_1	279.311111111111	0.894736842105263	0.111764705882353	0.888235294117647	C,T	0.89,0.11	0.176470588235294
63	Tpa_1082_1	1741.32631578947	0.989473684210526	0.0957446808510638	0.904255319148936	C,T	0.9,0.1	0.5625
64	Tpa_1098_1	5.11764705882353	0.105263157894737	0.1	0.9	A,C	0.9,0.1	0.5
65	Tpa_1112_1	337.655913978495	0.926315789473684	0.0568181818181818	0.943181818181818	G,A	0.06,0.94	0
66	Tpa_1136_1	1.22222222222222	0.0105263157894737	0	1	T,G	0,1	NA
67	Tpa_1144_1	148.95652173913	0.894736842105263	0.0647058823529412	0.935294117647059	G,T	0.94,0.06	0.0909090909090909
68	Tpa_1154_1	270.827956989247	0.947368421052632	0.272222222222222	0.727777777777778	C,T	0.27,0.73	0.129032258064516
69	Tpa_1156_1	3.57894736842105	0.0736842105263158	0.142857142857143	0.857142857142857	G,A	0.14,0.86	0
70	Tpa_1187_1	57.6222222222222	0.8	0.0460526315789474	0.953947368421053	C,T	0.95,0.05	0
71	Tpa_1268_1	138.130434782609	0.926315789473684	0.00568181818181818	0.994318181818182	T,A	0.01,0.99	0
72	Tpa_1290_1	55.1807228915663	0.663157894736842	0.0634920634920635	0.936507936507937	C,T	0.94,0.06	0
73	Tpa_1304_1	160.370786516854	0.842105263157895	0.16875	0.83125	A,G	0.17,0.83	0.2
74	Tpa_1305_1	1.6	0.0105263157894737	0	1	A,T	1,0	NA
75	Tpa_1310_1	122.010869565217	0.821052631578947	0.0384615384615385	0.961538461538462	C,T	0.96,0.04	0
76	Tpa_1312_1	245.741935483871	0.873684210526316	0.0180722891566265	0.981927710843373	C,T	0.98,0.02	0
77	Tpa_1320_1	29.7333333333333	0.0736842105263158	0	1	T,C	0,1	NA
78	Tpa_1341_1	60.144578313253	0.694736842105263	0.0681818181818182	0.931818181818182	C,T	0.93,0.07	0
79	Tpa_1357_1	759.548387096774	0.978947368421053	0.0483870967741935	0.951612903225806	G,C	0.05,0.95	0.428571428571429
80	Tpa_1359_1	24.0337078651685	0.8	0.0592105263157895	0.940789473684211	A,G	0.94,0.06	0
81	Tpa_1394_1	9.91935483870968	0.368421052631579	0.185714285714286	0.814285714285714	G,A	0.19,0.81	0
82	Tpa_1443_1	15.5972222222222	0.557894736842105	0.339622641509434	0.660377358490566	A,G	0.34,0.66	0
83	Tpa_1486_1	247.276595744681	0.894736842105263	0.0764705882352941	0.923529411764706	T,C	0.08,0.92	0.2
84	Tpa_1515_1	52.0111111111111	0.778947368421053	0.155405405405405	0.844594594594595	A,C	0.84,0.16	0.235294117647059
85	Tpa_1528_1	43.0222222222222	0.778947368421053	0.22972972972973	0.77027027027027	G,T	0.77,0.23	0
86	Tpa_1542_1	479.463157894737	0.968421052631579	0.0380434782608696	0.96195652173913	C,G	0.96,0.04	0
87	Tpa_1548_1	38.6835443037975	0.589473684210526	0.196428571428571	0.803571428571429	T,G	0.2,0.8	0.1
88	Tpa_1550_1	311.489130434783	0.926315789473684	0.0511363636363636	0.948863636363636	C,G	0.95,0.05	0.2
89	Tpa_1585_1	1310.96842105263	0.978947368421053	0.0913978494623656	0.908602150537634	T,C	0.91,0.09	0.0588235294117647
90	Tpa_1593_1	89.5116279069767	0.778947368421053	0.195945945945946	0.804054054054054	G,A	0.2,0.8	0.04
91	Tpa_1606_1	56.8352941176471	0.715789473684211	0.0808823529411765	0.919117647058823	T,G	0.08,0.92	0
92	Tpa_1638_1	69.1976744186046	0.694736842105263	0.0606060606060606	0.939393939393939	C,G	0.94,0.06	0.125
93	Tpa_1646_1	181.307692307692	0.821052631578947	0.0448717948717949	0.955128205128205	C,T	0.96,0.04	0
94	Tpa_1662_1	267.593406593407	0.91578947368421	0.120689655172414	0.879310344827586	G,A	0.12,0.88	0
95	Tpa_1678_1	654.326315789474	0.968421052631579	0.0434782608695652	0.956521739130435	C,T	0.96,0.04	0
96	Tpa_1689_1	310.569892473118	0.947368421052632	0.105555555555556	0.894444444444444	C,T	0.89,0.11	0.2
97	Tpa_1703_1	1.42857142857143	0	NA	NA	A,G	NaN,NaN	NA
98	Tpa_1731_1	221.188888888889	0.873684210526316	0.00602409638554217	0.993975903614458	C,A	0.01,0.99	0
99	Tpa_1774_1	224.425531914894	0.936842105263158	0.00561797752808989	0.99438202247191	C,T	0.99,0.01	0
100	Tpa_1775_1	33.8292682926829	0.305263157894737	0.224137931034483	0.775862068965517	C,T	0.78,0.22	0.333333333333333
101	Tpa_1818_1	45.8295454545455	0.8	0.289473684210526	0.710526315789474	G,A	0.71,0.29	0.03125
102	Tpa_1831_1	56.1647058823529	0.747368421052632	0.0492957746478873	0.950704225352113	G,T	0.95,0.05	0
103	Tpa_1832_1	16.6710526315789	0.557894736842105	0.0471698113207547	0.952830188679245	A,G	0.95,0.05	0
104	Tpa_1843_1	133.977528089888	0.768421052631579	0.0616438356164384	0.938356164383562	C,T	0.94,0.06	0.2
105	Tpa_1891_1	193.58064516129	0.873684210526316	0.0180722891566265	0.981927710843373	C,A	0.02,0.98	0.333333333333333
106	Tpa_1896_1	67.5777777777778	0.821052631578947	0.00641025641025641	0.993589743589744	A,G	0.01,0.99	0
107	Tpa_1917_1	53.48	0.652631578947368	0.185483870967742	0.814516129032258	C,T	0.81,0.19	0
108	Tpa_1930_1	65.6896551724138	0.747368421052632	0.26056338028169	0.73943661971831	A,G	0.26,0.74	0.0869565217391304
109	Tpa_1966_1	261.810810810811	0.326315789473684	0.209677419354839	0.790322580645161	C,T	0.21,0.79	0.333333333333333
110	Tpa_2006_1	400.150537634409	0.936842105263158	0.146067415730337	0.853932584269663	C,T	0.85,0.15	0.115384615384615
111	Tpa_2010_1	154.186813186813	0.863157894736842	0	1	C,G	1,0	NA
112	Tpa_2021_1	266.144444444444	0.926315789473684	0.0795454545454545	0.920454545454545	C,T	0.92,0.08	0
113	Tpa_2034_1	105.847058823529	0.757894736842105	0	1	A,T	1,0	NA
114	Tpa_2040_1	547.6	0.936842105263158	0.151685393258427	0.848314606741573	T,A	0.15,0.85	0.16
115	Tpa_2041_1	378.130434782609	0.947368421052632	0.00555555555555556	0.994444444444444	C,A	0.01,0.99	0
116	Tpa_2073_1	12.3770491803279	0.389473684210526	0.121621621621622	0.878378378378378	G,A	0.12,0.88	0
117	Tpa_2076_1	39.144578313253	0.642105263157895	0.114754098360656	0.885245901639344	C,A	0.11,0.89	0.1
118	Tpa_2096_1	107.056179775281	0.778947368421053	0.141891891891892	0.858108108108108	G,A	0.14,0.86	0
119	Tpa_2128_1	362.879120879121	0.905263157894737	0.116279069767442	0.883720930232558	G,T	0.88,0.12	0.277777777777778
120	Tpa_2157_1	142.449438202247	0.715789473684211	0.0441176470588235	0.955882352941177	A,C	0.96,0.04	0
121	Tpa_2180_1	63.0574712643678	0.705263157894737	0.0522388059701493	0.947761194029851	C,T	0.05,0.95	0
122	Tpa_2194_1	68.2613636363636	0.757894736842105	0.361111111111111	0.638888888888889	A,G	0.64,0.36	0.0526315789473684
123	Tpa_2207_1	198.351648351648	0.8	0.0855263157894737	0.914473684210526	G,T	0.91,0.09	0
124	Tpa_2254_1	127.287356321839	0.736842105263158	0.121428571428571	0.878571428571429	C,G	0.88,0.12	0
125	Tpa_2278_1	134.568181818182	0.789473684210526	0.18	0.82	G,A	0.18,0.82	0.105263157894737
126	Tpa_2334_1	2	0.0421052631578947	0	1	C,T	1,0	NA
127	Tpa_2344_1	163.619565217391	0.852631578947368	0.0432098765432099	0.95679012345679	G,A	0.04,0.96	0
128	Tpa_2353_1	123.824175824176	0.863157894736842	0.140243902439024	0.859756097560976	C,G	0.86,0.14	0.235294117647059
129	Tpa_2368_1	436.521276595745	0.947368421052632	0	1	A,G	0,1	NA
130	Tpa_2412_1	28.3214285714286	0.663157894736842	0.0476190476190476	0.952380952380952	G,A	0.05,0.95	0
131	Tpa_2417_1	61.7272727272727	0.789473684210526	0.0533333333333333	0.946666666666667	A,G	0.05,0.95	0.125
132	Tpa_2453_1	NA	0	NA	NA	T,C	NaN,NaN	NA
133	Tpa_2458_1	393.691489361702	0.926315789473684	0.125	0.875	C,T	0.88,0.12	0.05
134	Tpa_2460_1	29.1621621621622	0.515789473684211	0	1	G,A	0,1	NA
135	Tpa_2470_1	73.953488372093	0.8	0.0263157894736842	0.973684210526316	C,T	0.97,0.03	0
136	Tpa_2483_1	141.046511627907	0.8	0.138157894736842	0.861842105263158	C,T	0.86,0.14	0.105263157894737
137	Tpa_2498_1	38.0666666666667	0.631578947368421	0.2	0.8	C,G	0.8,0.2	0
138	Tpa_2509_1	341.849462365591	0.894736842105263	0.229411764705882	0.770588235294118	C,T	0.77,0.23	0.0869565217391304
139	Tpa_2518_1	16.4342105263158	0.578947368421053	0.172727272727273	0.827272727272727	T,C	0.17,0.83	0
140	Tpa_2519_1	38.7023809523809	0.705263157894737	0.0447761194029851	0.955223880597015	A,T	0.96,0.04	0.166666666666667
141	Tpa_2523_1	11.5	0.368421052631579	0.0428571428571429	0.957142857142857	A,G	0.96,0.04	0
142	Tpa_2581_1	180.912087912088	0.831578947368421	0.189873417721519	0.810126582278481	T,C	0.19,0.81	0.111111111111111
143	Tpa_2601_1	154.967032967033	0.863157894736842	0.402439024390244	0.597560975609756	T,C	0.6,0.4	0.105263157894737
144	Tpa_2608_1	139.714285714286	0.842105263157895	0.1875	0.8125	A,C	0.81,0.19	0.0384615384615385
145	Tpa_2636_1	15.3088235294118	0.505263157894737	0	1	A,T	1,0	NA
146	Tpa_2639_1	51.0641025641026	0.6	0.0350877192982456	0.964912280701754	G,A	0.04,0.96	0
147	Tpa_2664_1	76.5813953488372	0.757894736842105	0.0208333333333333	0.979166666666667	C,T	0.98,0.02	0
148	Tpa_2702_1	223.557894736842	0.894736842105263	0.0235294117647059	0.976470588235294	C,T	0.98,0.02	0
149	Tpa_2712_1	276.516129032258	0.905263157894737	0.0406976744186047	0.959302325581395	G,A	0.04,0.96	0.142857142857143
150	Tpa_2734_1	165.369565217391	0.810526315789474	0.12987012987013	0.87012987012987	T,G	0.87,0.13	0.8125
151	Tpa_2741_1	7.18181818181818	0.0421052631578947	0.375	0.625	A,C	0.62,0.38	0
152	Tpa_2745_1	825.106382978723	0.989473684210526	0.154255319148936	0.845744680851064	G,A	0.85,0.15	0.0434782608695652
153	Tpa_2763_1	198.966666666667	0.821052631578947	0.0256410256410256	0.974358974358974	A,T	0.97,0.03	0
154	Tpa_2845_1	3.77272727272727	0.157894736842105	0.0666666666666667	0.933333333333333	T,G	0.07,0.93	0
155	Tpa_2854_1	14.9365079365079	0.442105263157895	0.107142857142857	0.892857142857143	C,T	0.89,0.11	0.2
156	Tpa_2856_1	19.0843373493976	0.642105263157895	0.172131147540984	0.827868852459016	C,T	0.83,0.17	0
157	Tpa_2861_1	38.0138888888889	0.526315789473684	0.04	0.96	G,A	0.04,0.96	0
158	Tpa_2868_1	18.3239436619718	0.536842105263158	0.0588235294117647	0.941176470588235	C,T	0.94,0.06	0
159	Tpa_2900_1	284.282608695652	0.894736842105263	0.0411764705882353	0.958823529411765	G,A	0.04,0.96	0.2
160	Tpa_2907_1	106.690476190476	0.736842105263158	0.242857142857143	0.757142857142857	T,C	0.24,0.76	0.0769230769230769
161	Tpa_2961_1	18.703125	0.421052631578947	0	1	A,G	1,0	NA
162	Tpa_2970_1	44.7469879518072	0.705263157894737	0.0597014925373134	0.940298507462687	C,T	0.94,0.06	0.125
163	Tpa_3004_1	302.537634408602	0.947368421052632	0.127777777777778	0.872222222222222	A,G	0.13,0.87	0.19047619047619
164	Tpa_3011_1	30.2191780821918	0.536842105263158	0.0490196078431373	0.950980392156863	G,A	0.05,0.95	0
165	Tpa_3018_1	67.719512195122	0.736842105263158	0.0214285714285714	0.978571428571429	G,T	0.98,0.02	0.333333333333333
166	Tpa_3047_1	66.2236842105263	0.610526315789474	0.0517241379310345	0.948275862068966	C,G	0.95,0.05	0
167	Tpa_3055_1	31.7564102564103	0.568421052631579	0.037037037037037	0.962962962962963	T,C	0.96,0.04	0
168	Tpa_3063_1	4.96551724137931	0.305263157894737	0.137931034482759	0.862068965517241	A,T	0.86,0.14	0
169	Tpa_3129_1	266.935483870968	0.842105263157895	0.05625	0.94375	G,A	0.06,0.94	0.111111111111111
170	Tpa_3149_1	594.789473684211	0.957894736842105	0.131868131868132	0.868131868131868	A,G	0.87,0.13	0.0833333333333333
171	Tpa_3193_1	1.33333333333333	0.0105263157894737	0	1	G,C	0,1	NA
172	Tpa_3197_1	482.230769230769	0.926315789473684	0.0511363636363636	0.948863636363636	T,C	0.05,0.95	0
173	Tpa_3200_1	314.866666666667	0.894736842105263	0.129411764705882	0.870588235294118	C,T	0.87,0.13	0.111111111111111
174	Tpa_3248_1	47.746835443038	0.715789473684211	0.367647058823529	0.632352941176471	C,T	0.37,0.63	0.16
175	Tpa_3254_1	83.8809523809524	0.747368421052632	0.0211267605633803	0.97887323943662	G,T	0.98,0.02	0
176	Tpa_3262_1	186.588888888889	0.852631578947368	0.228395061728395	0.771604938271605	G,T	0.77,0.23	0.103448275862069
177	Tpa_3263_1	16.5714285714286	0.526315789473684	0.15	0.85	A,G	0.85,0.15	0.0909090909090909
178	Tpa_3310_1	63.8433734939759	0.673684210526316	0.0234375	0.9765625	C,T	0.98,0.02	0.333333333333333
179	Tpa_3347_1	9.02857142857143	0.547368421052632	0.288461538461538	0.711538461538462	C,T	0.71,0.29	0
180	Tpa_3354_1	11.2985074626866	0.463157894736842	0.0681818181818182	0.931818181818182	T,C	0.07,0.93	0
181	Tpa_3364_1	241.5	0.873684210526316	0.439759036144578	0.560240963855422	A,G	0.44,0.56	0.0909090909090909
182	Tpa_3385_1	21.7966101694915	0.378947368421053	0.0694444444444444	0.930555555555556	C,T	0.93,0.07	0
183	Tpa_3439_1	213.142857142857	0.905263157894737	0.0290697674418605	0.970930232558139	G,T	0.97,0.03	0.2
184	Tpa_3502_1	3.30434782608696	0.0526315789473684	0.2	0.8	A,G	0.8,0.2	NA
185	Tpa_3561_1	3.54545454545455	0.189473684210526	0.0277777777777778	0.972222222222222	G,A	0.03,0.97	0
186	Tpa_3569_1	59.4698795180723	0.715789473684211	0.0588235294117647	0.941176470588235	G,A	0.06,0.94	0
187	Tpa_3583_1	67.9759036144578	0.673684210526316	0.078125	0.921875	A,G	0.08,0.92	0.125
188	Tpa_3616_1	37.3698630136986	0.557894736842105	0	1	T,A	0,1	NA
189	Tpa_3674_1	210.847826086957	0.842105263157895	0.0125	0.9875	G,A	0.01,0.99	0.5
190	Tpa_3676_1	32.962962962963	0.673684210526316	0	1	C,T	1,0	NA
191	Tpa_3679_1	39.8023255813954	0.778947368421053	0.182432432432432	0.817567567567568	C,T	0.82,0.18	0.285714285714286
192	Tpa_3684_1	2.83870967741935	0.126315789473684	0.125	0.875	T,C	0.12,0.88	0
193	Tpa_3705_1	23.974358974359	0.631578947368421	0.025	0.975	G,T	0.98,0.03	0
194	Tpa_3723_1	4.025	0.168421052631579	0.09375	0.90625	A,G	0.09,0.91	0
195	Tpa_3737_1	6.36363636363636	0.305263157894737	0.137931034482759	0.862068965517241	G,A	0.14,0.86	0
196	Tpa_3745_1	747.489361702128	0.957894736842105	0.0274725274725275	0.972527472527473	G,A	0.03,0.97	0
197	Tpa_3795_1	26.5333333333333	0.442105263157895	0.142857142857143	0.857142857142857	G,A	0.14,0.86	0
198	Tpa_3846_1	285.202127659574	0.936842105263158	0.112359550561798	0.887640449438202	C,T	0.89,0.11	0.111111111111111
199	Tpa_3862_1	9.3	0.4	0.0526315789473684	0.947368421052632	T,C	0.05,0.95	0
200	Tpa_3871_1	108.921348314607	0.768421052631579	0.0547945205479452	0.945205479452055	C,T	0.95,0.05	0.125
201	Tpa_3879_1	217.747252747253	0.884210526315789	0.0476190476190476	0.952380952380952	T,A	0.05,0.95	0
202	Tpa_3905_1	23.40625	0.494736842105263	0.0212765957446809	0.978723404255319	A,C	0.98,0.02	0.5
203	Tpa_3926_1	17.7397260273973	0.473684210526316	0.0444444444444444	0.955555555555556	C,T	0.96,0.04	0
204	Tpa_3937_1	369.292134831461	0.894736842105263	0.182352941176471	0.817647058823529	G,A	0.18,0.82	0.0952380952380952
205	Tpa_3962_1	486.621052631579	0.989473684210526	0.101063829787234	0.898936170212766	C,G	0.9,0.1	0
206	Tpa_3974_1	40.2592592592593	0.652631578947368	0.225806451612903	0.774193548387097	G,T	0.23,0.77	0.0454545454545455
207	Tpa_4020_1	70.8658536585366	0.736842105263158	0.15	0.85	G,A	0.15,0.85	0.0666666666666667
208	Tpa_4021_1	98.7441860465116	0.705263157894737	0.0522388059701493	0.947761194029851	C,T	0.95,0.05	0.2
209	Tpa_4022_1	146.865168539326	0.810526315789474	0.272727272727273	0.727272727272727	G,A	0.27,0.73	0.235294117647059
210	Tpa_4055_1	15.5679012345679	0.6	0.0350877192982456	0.964912280701754	A,C	0.96,0.04	0
211	Tpa_4077_1	64.95	0.663157894736842	0.0238095238095238	0.976190476190476	A,T	0.98,0.02	0
212	Tpa_4120_1	219.978021978022	0.884210526315789	0.136904761904762	0.863095238095238	C,T	0.86,0.14	0.210526315789474
213	Tpa_4126_1	41.2840909090909	0.736842105263158	0.0857142857142857	0.914285714285714	G,C	0.91,0.09	0.0833333333333333
214	Tpa_4137_1	100.648351648352	0.842105263157895	0.0375	0.9625	C,A	0.04,0.96	0
215	Tpa_4148_1	56.144578313253	0.705263157894737	0.238805970149254	0.761194029850746	A,G	0.24,0.76	0.0769230769230769
216	Tpa_4168_1	38.9024390243902	0.621052631578947	0.0593220338983051	0.940677966101695	C,T	0.94,0.06	0.285714285714286
217	Tpa_4176_1	32.4767441860465	0.726315789473684	0	1	C,G	1,0	NA
218	Tpa_4178_1	50.9125	0.610526315789474	0.0603448275862069	0.939655172413793	C,T	0.94,0.06	0
219	Tpa_4209_1	61.037037037037	0.694736842105263	0.0151515151515152	0.984848484848485	G,A	0.02,0.98	0
220	Tpa_4221_1	2.73529411764706	0.0842105263157895	0.3125	0.6875	T,A	0.31,0.69	0
221	Tpa_4230_1	68.5730337078652	0.789473684210526	0.153333333333333	0.846666666666667	C,G	0.85,0.15	0.636363636363636
222	Tpa_4245_1	4.2	0.0631578947368421	0.0833333333333333	0.916666666666667	G,C	0.08,0.92	0
223	Tpa_4246_1	77.3888888888889	0.778947368421053	0	1	T,C	0,1	NA
224	Tpa_4247_1	69.1463414634146	0.652631578947368	0.0645161290322581	0.935483870967742	T,A	0.94,0.06	0.5
225	Tpa_4268_1	3155.14736842105	1	0.0421052631578947	0.957894736842105	C,G	0.96,0.04	0.125
226	Tpa_4291_1	197.29347826087	0.852631578947368	0.0864197530864197	0.91358024691358	C,T	0.91,0.09	0
227	Tpa_4295_1	46.9	0.621052631578947	0	1	C,A	0,1	NA
228	Tpa_4310_1	111.433333333333	0.8	0.0526315789473684	0.947368421052632	G,C	0.95,0.05	0.375
229	Tpa_4316_1	118.275	0.705263157894737	0.0447761194029851	0.955223880597015	C,T	0.96,0.04	0
230	Tpa_4353_1	192.7625	0.715789473684211	0.0147058823529412	0.985294117647059	G,A	0.01,0.99	0.5
231	Tpa_4356_1	205.711111111111	0.831578947368421	0.0886075949367089	0.911392405063291	C,T	0.91,0.09	0.0714285714285714
232	Tpa_4380_1	405.698924731183	0.936842105263158	0.0280898876404494	0.971910112359551	G,T	0.97,0.03	0.2
233	Tpa_4384_1	1173.89473684211	0.978947368421053	0.0483870967741935	0.951612903225806	G,A	0.05,0.95	0.222222222222222
234	Tpa_4394_1	712.106382978723	0.978947368421053	0.0161290322580645	0.983870967741935	C,T	0.98,0.02	0.333333333333333
235	Tpa_4416_1	164.04347826087	0.863157894736842	0.0792682926829268	0.920731707317073	G,A	0.08,0.92	0.111111111111111
236	Tpa_4425_1	38.5479452054795	0.547368421052632	0.153846153846154	0.846153846153846	G,A	0.15,0.85	0
237	Tpa_4443_1	126.629213483146	0.842105263157895	0.00625	0.99375	C,T	0.99,0.01	0
238	Tpa_4454_1	109.188888888889	0.852631578947368	0.0802469135802469	0.919753086419753	G,A	0.08,0.92	0.272727272727273
239	Tpa_4467_1	58.5529411764706	0.705263157894737	0.082089552238806	0.917910447761194	G,C	0.08,0.92	0.111111111111111
240	Tpa_4495_1	184.41935483871	0.957894736842105	0.181318681318681	0.818681318681319	T,C	0.18,0.82	0.037037037037037
241	Tpa_4506_1	11.9365079365079	0.442105263157895	0.0119047619047619	0.988095238095238	C,G	0.99,0.01	0
242	Tpa_4511_1	581.265957446809	0.968421052631579	0.0380434782608696	0.96195652173913	G,A	0.04,0.96	0.714285714285714
243	Tpa_4549_1	22.2424242424242	0.463157894736842	0.159090909090909	0.840909090909091	A,G	0.84,0.16	0.166666666666667
244	Tpa_4556_1	35.3950617283951	0.663157894736842	0.0714285714285714	0.928571428571429	A,C	0.93,0.07	0.333333333333333
245	Tpa_4569_1	172.522222222222	0.873684210526316	0.259036144578313	0.740963855421687	A,C	0.74,0.26	0.0689655172413793
246	Tpa_4582_1	260.86170212766	0.91578947368421	0.0632183908045977	0.936781609195402	A,T	0.94,0.06	0.272727272727273
247	Tpa_4590_1	1065.01052631579	0.978947368421053	0.0268817204301075	0.973118279569892	G,T	0.97,0.03	0.4
248	Tpa_4591_1	157.703296703297	0.831578947368421	0.0126582278481013	0.987341772151899	C,T	0.99,0.01	0
249	Tpa_4592_1	31.3857142857143	0.536842105263158	0.0882352941176471	0.911764705882353	G,C	0.09,0.91	0
250	Tpa_4593_1	58.2235294117647	0.715789473684211	0.0661764705882353	0.933823529411765	C,T	0.93,0.07	0
251	Tpa_4595_1	59.1882352941176	0.642105263157895	0.0163934426229508	0.983606557377049	G,A	0.02,0.98	0.5
252	Tpa_4599_1	1383.36842105263	1	0.0631578947368421	0.936842105263158	C,T	0.94,0.06	0.416666666666667
253	Tpa_4633_1	175.483870967742	0.936842105263158	0.0617977528089888	0.938202247191011	A,C	0.06,0.94	0
254	Tpa_4637_1	15.4933333333333	0.526315789473684	0.04	0.96	C,A	0.04,0.96	0
255	Tpa_4668_1	14.3529411764706	0.547368421052632	0.201923076923077	0.798076923076923	C,A	0.8,0.2	0
256	Tpa_4678_1	187.358695652174	0.842105263157895	0.025	0.975	T,A	0.03,0.98	0
257	Tpa_4697_1	303.193548387097	0.91578947368421	0.0114942528735632	0.988505747126437	T,C	0.01,0.99	0
258	Tpa_4713_1	447.148936170213	0.968421052631579	0.0597826086956522	0.940217391304348	G,A	0.06,0.94	0
259	Tpa_4731_1	47.8148148148148	0.621052631578947	0.0254237288135593	0.974576271186441	C,A	0.03,0.97	0
260	Tpa_4747_1	21.4324324324324	0.547368421052632	0	1	C,T	1,0	NA
261	Tpa_4749_1	48.1904761904762	0.694736842105263	0.0681818181818182	0.931818181818182	G,T	0.93,0.07	0
262	Tpa_4804_1	155.494117647059	0.831578947368421	0.253164556962025	0.746835443037975	G,C	0.25,0.75	0.09375
263	Tpa_4849_1	86.1975308641975	0.726315789473684	0.188405797101449	0.811594202898551	T,C	0.19,0.81	0.0625
264	Tpa_4885_1	17.2727272727273	0.473684210526316	0.188888888888889	0.811111111111111	T,G	0.81,0.19	0.230769230769231
265	Tpa_4886_1	50.7179487179487	0.652631578947368	0	1	A,T	1,0	NA
266	Tpa_4900_1	250.505494505495	0.873684210526316	0.0903614457831325	0.909638554216867	C,T	0.91,0.09	0.2
267	Tpa_4920_1	2.92105263157895	0.115789473684211	0	1	G,C	0,1	NA
268	Tpa_4928_1	426.139784946237	0.936842105263158	0.140449438202247	0.859550561797753	C,T	0.86,0.14	0.130434782608696
269	Tpa_4936_1	320.569892473118	0.926315789473684	0.113636363636364	0.886363636363636	C,T	0.89,0.11	0.375
270	Tpa_4985_1	43.2278481012658	0.568421052631579	0.0648148148148148	0.935185185185185	A,G	0.06,0.94	0
271	Tpa_5002_1	238.989247311828	0.91578947368421	0.028735632183908	0.971264367816092	C,T	0.97,0.03	0
272	Tpa_5015_1	5.12962962962963	0.210526315789474	0	1	A,G	1,0	NA
273	Tpa_5022_1	14.3421052631579	0.557894736842105	0.0566037735849057	0.943396226415094	C,T	0.94,0.06	0
274	Tpa_5057_1	217.972972972973	0.642105263157895	0.122950819672131	0.877049180327869	T,G	0.88,0.12	0.428571428571429
275	Tpa_5075_1	84.8255813953488	0.757894736842105	0.340277777777778	0.659722222222222	A,G	0.66,0.34	0.121212121212121
276	Tpa_5104_1	18.9402985074627	0.463157894736842	0.0227272727272727	0.977272727272727	G,A	0.02,0.98	0
277	Tpa_5106_1	260.161290322581	0.947368421052632	0.294444444444444	0.705555555555556	C,G	0.71,0.29	0.128205128205128
278	Tpa_5118_1	6.08333333333333	0.326315789473684	0.112903225806452	0.887096774193548	C,T	0.89,0.11	0
279	Tpa_5138_1	547.139784946237	0.936842105263158	0.0393258426966292	0.960674157303371	C,T	0.96,0.04	0
280	Tpa_5144_1	157.523255813953	0.789473684210526	0.0866666666666667	0.913333333333333	T,G	0.09,0.91	0
281	Tpa_5167_1	101.116279069767	0.8	0.118421052631579	0.881578947368421	C,T	0.88,0.12	0.25
282	Tpa_5196_1	70.2820512820513	0.663157894736842	0	1	G,A	0,1	NA
283	Tpa_5205_1	100.558139534884	0.768421052631579	0	1	G,T	1,0	NA
284	Tpa_5206_1	32.7228915662651	0.663157894736842	0.182539682539683	0.817460317460317	G,A	0.18,0.82	0.19047619047619
285	Tpa_5218_1	308.182795698925	0.894736842105263	0.311764705882353	0.688235294117647	C,G	0.69,0.31	0.363636363636364
286	Tpa_5222_1	284.388888888889	0.926315789473684	0.0170454545454545	0.982954545454545	G,A	0.02,0.98	0.333333333333333
287	Tpa_5228_1	64.0344827586207	0.736842105263158	0.0357142857142857	0.964285714285714	C,T	0.96,0.04	0
288	Tpa_5241_1	72.9418604651163	0.736842105263158	0.05	0.95	C,T	0.95,0.05	0
289	Tpa_5242_1	150.011494252874	0.821052631578947	0.275641025641026	0.724358974358974	C,T	0.72,0.28	0.0645161290322581
290	Tpa_5244_1	296.549450549451	0.936842105263158	0.123595505617978	0.876404494382023	A,C	0.88,0.12	0.1
291	Tpa_5249_1	476.516129032258	0.926315789473684	0.221590909090909	0.778409090909091	T,C	0.78,0.22	0.212121212121212
292	Tpa_5270_1	3.88679245283019	0.221052631578947	0.0714285714285714	0.928571428571429	C,A	0.07,0.93	0
293	Tpa_5278_1	445.238636363636	0.842105263157895	0.1	0.9	G,A	0.1,0.9	0
294	Tpa_5279_1	87.25	0.768421052631579	0.0273972602739726	0.972602739726027	C,T	0.97,0.03	0
295	Tpa_5292_1	216.252747252747	0.842105263157895	0.15	0.85	C,T	0.15,0.85	0.1875
296	Tpa_5298_1	166.112359550562	0.863157894736842	0.0792682926829268	0.920731707317073	G,A	0.08,0.92	0.0909090909090909
297	Tpa_5327_1	268.318681318681	0.852631578947368	0.0925925925925926	0.907407407407407	C,G	0.91,0.09	0.384615384615385
298	Tpa_5360_1	268.559139784946	0.936842105263158	0.0561797752808989	0.943820224719101	G,A	0.06,0.94	0.833333333333333
299	Tpa_5361_1	97.2747252747253	0.852631578947368	0.179012345679012	0.820987654320988	A,C	0.82,0.18	0.172413793103448
300	Tpa_5373_1	105.142857142857	0.831578947368421	0.0759493670886076	0.924050632911392	C,T	0.92,0.08	0
301	Tpa_5379_1	2030.52631578947	0.968421052631579	0.0380434782608696	0.96195652173913	C,G	0.96,0.04	0.428571428571429
302	Tpa_5382_1	1143.13978494624	0.968421052631579	0	1	A,G	1,0	NA
303	Tpa_5418_1	225.835164835165	0.842105263157895	0.15	0.85	C,T	0.85,0.15	0.136363636363636
304	Tpa_5441_1	136.380434782609	0.884210526315789	0	1	G,A	0,1	NA
305	Tpa_5445_1	125.666666666667	0.778947368421053	0.351351351351351	0.648648648648649	T,C	0.35,0.65	0
306	Tpa_5446_1	122.375	0.736842105263158	0.0285714285714286	0.971428571428571	G,T	0.97,0.03	0
307	Tpa_5454_1	629.553191489362	0.957894736842105	0.214285714285714	0.785714285714286	A,G	0.21,0.79	0.103448275862069
308	Tpa_5471_1	63.9852941176471	0.578947368421053	0.0181818181818182	0.981818181818182	G,T	0.98,0.02	0
309	Tpa_5485_1	14.5696202531646	0.547368421052632	0.00961538461538462	0.990384615384615	A,C	0.99,0.01	0
310	Tpa_5501_1	548.265957446809	0.936842105263158	0.0730337078651685	0.926966292134832	G,A	0.07,0.93	0
311	Tpa_5525_1	204.384615384615	0.810526315789474	0.116883116883117	0.883116883116883	T,A	0.12,0.88	0.125
312	Tpa_5538_1	13.7037037037037	0.389473684210526	0.108108108108108	0.891891891891892	C,T	0.11,0.89	0.25
313	Tpa_5540_1	415.717391304348	0.894736842105263	0.235294117647059	0.764705882352941	A,G	0.76,0.24	0.15625
314	Tpa_5542_1	263.571428571429	0.905263157894737	0.0697674418604651	0.930232558139535	C,T	0.93,0.07	0.1
315	Tpa_5563_1	70.6590909090909	0.747368421052632	0.0422535211267606	0.957746478873239	G,A	0.04,0.96	0
316	Tpa_5565_1	1006.08421052632	0.989473684210526	0.148936170212766	0.851063829787234	G,T	0.85,0.15	0.230769230769231
317	Tpa_5570_1	22.089552238806	0.463157894736842	0.204545454545455	0.795454545454545	G,A	0.2,0.8	0
318	Tpa_5574_1	38.5185185185185	0.652631578947368	0.153225806451613	0.846774193548387	C,T	0.85,0.15	0
319	Tpa_5588_1	27.3176470588235	0.694736842105263	0.0227272727272727	0.977272727272727	C,T	0.98,0.02	0
320	Tpa_5594_1	235.450549450549	0.936842105263158	0.00561797752808989	0.99438202247191	G,A	0.99,0.01	0
321	Tpa_5601_1	548.36170212766	0.947368421052632	0.122222222222222	0.877777777777778	C,A	0.12,0.88	0.166666666666667
322	Tpa_5609_1	40.4096385542169	0.684210526315789	0.169230769230769	0.830769230769231	A,G	0.83,0.17	0
323	Tpa_5623_1	177.32967032967	0.852631578947368	0	1	C,T	1,0	NA
324	Tpa_5636_1	42.6913580246914	0.652631578947368	0.0645161290322581	0.935483870967742	A,G	0.06,0.94	0.25
325	Tpa_5651_1	236.538461538462	0.894736842105263	0.129411764705882	0.870588235294118	T,C	0.13,0.87	0.05
326	Tpa_5679_1	33.4810126582278	0.631578947368421	0.025	0.975	G,A	0.03,0.98	0
327	Tpa_5741_1	31.1733333333333	0.663157894736842	0.0634920634920635	0.936507936507937	C,T	0.94,0.06	0
328	Tpa_5761_1	512.279569892473	0.947368421052632	0.0555555555555556	0.944444444444444	G,A	0.06,0.94	0
329	Tpa_5774_1	1032.67741935484	0.947368421052632	0	1	T,C	0,1	NA
330	Tpa_5795_1	2.5	0.0736842105263158	0	1	G,T	1,0	NA
331	Tpa_5796_1	99.175	0.747368421052632	0.154929577464789	0.845070422535211	A,G	0.85,0.15	0.0625
332	Tpa_5823_1	696.347368421053	0.978947368421053	0.0591397849462366	0.940860215053763	A,G	0.06,0.94	0.0909090909090909
333	Tpa_5827_1	504.531914893617	0.957894736842105	0.153846153846154	0.846153846153846	T,G	0.15,0.85	0.0384615384615385
334	Tpa_5829_1	1669.79787234043	0.978947368421053	0.102150537634409	0.897849462365591	C,T	0.9,0.1	0.230769230769231
335	Tpa_5838_1	181.177777777778	0.831578947368421	0.0506329113924051	0.949367088607595	T,C	0.95,0.05	0.25
336	Tpa_5854_1	2	0.0105263157894737	0.5	0.5	T,G	0.5,0.5	0
337	Tpa_5856_1	103.976744186047	0.821052631578947	0.0641025641025641	0.935897435897436	C,T	0.06,0.94	0
338	Tpa_5863_1	233.164835164835	0.91578947368421	0.293103448275862	0.706896551724138	G,A	0.29,0.71	0.114285714285714
339	Tpa_5868_1	177	0.905263157894737	0.133720930232558	0.866279069767442	C,G	0.87,0.13	0.142857142857143
340	Tpa_5878_1	152.112359550562	0.810526315789474	0.155844155844156	0.844155844155844	G,C	0.84,0.16	0.1
341	Tpa_5913_1	1409.09677419355	0.978947368421053	0.376344086021505	0.623655913978495	G,A	0.62,0.38	0.375
342	Tpa_5917_1	182.956043956044	0.810526315789474	0.181818181818182	0.818181818181818	T,G	0.18,0.82	0.125
343	Tpa_5942_1	648.505263157895	0.978947368421053	0.365591397849462	0.634408602150538	G,T	0.63,0.37	0.238095238095238
344	Tpa_5951_1	47.4625	0.652631578947368	0.032258064516129	0.967741935483871	T,A	0.03,0.97	0.25
345	Tpa_5961_1	8.36231884057971	0.442105263157895	0.0714285714285714	0.928571428571429	T,G	0.07,0.93	0
346	Tpa_5978_1	75.2777777777778	0.810526315789474	0.051948051948052	0.948051948051948	G,A	0.05,0.95	0
347	Tpa_5980_1	42.92	0.589473684210526	0.258928571428571	0.741071428571429	T,C	0.74,0.26	0.0476190476190476
348	Tpa_6016_1	21.3484848484848	0.494736842105263	0.180851063829787	0.819148936170213	C,T	0.82,0.18	0
349	Tpa_6076_1	124.735632183908	0.810526315789474	0.227272727272727	0.772727272727273	A,G	0.23,0.77	0.037037037037037
350	Tpa_6083_1	148.16091954023	0.789473684210526	0.0533333333333333	0.946666666666667	A,G	0.95,0.05	0.5
351	Tpa_6137_1	55.962962962963	0.684210526315789	0.0846153846153846	0.915384615384615	A,G	0.08,0.92	0.111111111111111
352	Tpa_6139_1	495.586956521739	0.936842105263158	0.0842696629213483	0.915730337078652	C,G	0.92,0.08	0
353	Tpa_6150_1	10.6	0.452631578947368	0.0930232558139535	0.906976744186046	A,G	0.91,0.09	0
354	Tpa_6158_1	129.280898876405	0.821052631578947	0.0641025641025641	0.935897435897436	C,T	0.94,0.06	0.2
355	Tpa_6169_1	165.45652173913	0.873684210526316	0.0662650602409639	0.933734939759036	A,G	0.07,0.93	0.0909090909090909
356	Tpa_6172_1	111.428571428571	0.768421052631579	0	1	G,A	0,1	NA
357	Tpa_6204_1	3.3	0.147368421052632	0.0357142857142857	0.964285714285714	T,C	0.04,0.96	0
358	Tpa_6220_1	123.79347826087	0.873684210526316	0.204819277108434	0.795180722891566	A,G	0.8,0.2	0.133333333333333
359	Tpa_6222_1	77.0227272727273	0.789473684210526	0.12	0.88	G,A	0.12,0.88	0.0833333333333333
360	Tpa_6224_1	257.709677419355	0.968421052631579	0.0271739130434783	0.972826086956522	G,A	0.03,0.97	0
361	Tpa_6265_1	3.78	0.210526315789474	0.275	0.725	A,C	0.72,0.28	0
362	Tpa_6270_1	127.089887640449	0.715789473684211	0.139705882352941	0.860294117647059	C,T	0.86,0.14	0.0588235294117647
363	Tpa_6321_1	12.203125	0.473684210526316	0.0111111111111111	0.988888888888889	G,A	0.99,0.01	0
364	Tpa_6352_1	3.03921568627451	0.242105263157895	0.0652173913043478	0.934782608695652	G,C	0.07,0.93	0
365	Tpa_6355_1	129.945652173913	0.894736842105263	0.129411764705882	0.870588235294118	T,G	0.13,0.87	0
366	Tpa_6384_1	4.29787234042553	0.221052631578947	0.0714285714285714	0.928571428571429	G,A	0.07,0.93	0
367	Tpa_6385_1	42.0759493670886	0.6	0.0263157894736842	0.973684210526316	C,T	0.97,0.03	0.333333333333333
368	Tpa_6388_1	10.4406779661017	0.347368421052632	0.0303030303030303	0.96969696969697	C,A	0.03,0.97	0
369	Tpa_6391_1	105.844444444444	0.778947368421053	0.175675675675676	0.824324324324324	C,T	0.82,0.18	0.0833333333333333
370	Tpa_6411_1	2	0.0210526315789474	0.25	0.75	T,C	0.25,0.75	0
371	Tpa_6422_1	95.9615384615385	0.694736842105263	0	1	C,T	1,0	NA
372	Tpa_6442_1	331.260869565217	0.91578947368421	0.0862068965517241	0.913793103448276	T,C	0.09,0.91	0.307692307692308
373	Tpa_6449_1	6.11764705882353	0.168421052631579	0.03125	0.96875	T,C	0.03,0.97	0
374	Tpa_6451_1	15.2469135802469	0.631578947368421	0.0166666666666667	0.983333333333333	C,A	0.02,0.98	0
375	Tpa_6453_1	115.48275862069	0.831578947368421	0.107594936708861	0.892405063291139	C,T	0.89,0.11	0
376	Tpa_6487_1	55.0337078651685	0.821052631578947	0.0512820512820513	0.948717948717949	A,C	0.95,0.05	0.166666666666667
377	Tpa_6493_1	167.211111111111	0.884210526315789	0.00595238095238095	0.994047619047619	T,C	0.99,0.01	0
378	Tpa_6511_1	5.64285714285714	0.0210526315789474	0.25	0.75	G,A	0.25,0.75	0
379	Tpa_6543_1	14.1428571428571	0.357894736842105	0.132352941176471	0.867647058823529	C,T	0.87,0.13	0
380	Tpa_6562_1	21.6349206349206	0.452631578947368	0.0348837209302326	0.965116279069767	C,T	0.97,0.03	0
381	Tpa_6565_1	75.225	0.736842105263158	0.0285714285714286	0.971428571428571	G,A	0.03,0.97	0.25
382	Tpa_6586_1	264.652173913043	0.905263157894737	0.00581395348837209	0.994186046511628	G,A	0.01,0.99	0
383	Tpa_6591_1	175.565217391304	0.905263157894737	0.104651162790698	0.895348837209302	G,C	0.1,0.9	0.0555555555555556
384	Tpa_6604_1	3.14285714285714	0.0210526315789474	0	1	C,A	0,1	NA
385	Tpa_6611_1	1	0	NA	NA	C,T	NaN,NaN	NA
386	Tpa_6630_1	158.811111111111	0.831578947368421	0.227848101265823	0.772151898734177	C,T	0.77,0.23	0.0357142857142857
387	Tpa_6654_1	11.2816901408451	0.589473684210526	0.0446428571428571	0.955357142857143	G,T	0.96,0.04	0
388	Tpa_6683_1	6.8	0.0736842105263158	0	1	C,A	1,0	NA
389	Tpa_6687_1	46.4024390243902	0.705263157894737	0.171641791044776	0.828358208955224	C,T	0.83,0.17	0
390	Tpa_6713_1	273.703296703297	0.905263157894737	0.127906976744186	0.872093023255814	C,T	0.87,0.13	0
391	Tpa_6733_1	46.7710843373494	0.726315789473684	0.0652173913043478	0.934782608695652	G,T	0.93,0.07	0
392	Tpa_6768_1	560.978494623656	0.947368421052632	0.0222222222222222	0.977777777777778	T,C	0.02,0.98	1
393	Tpa_6773_1	427.563829787234	0.926315789473684	0.0227272727272727	0.977272727272727	G,A	0.02,0.98	0.75
394	Tpa_6774_1	141.822222222222	0.8	0.00657894736842105	0.993421052631579	T,C	0.99,0.01	0
395	Tpa_6786_1	375.531914893617	0.947368421052632	0.0222222222222222	0.977777777777778	C,T	0.98,0.02	0.25
396	Tpa_6814_1	190.208791208791	0.884210526315789	0.101190476190476	0.898809523809524	G,A	0.1,0.9	0.0909090909090909
397	Tpa_6816_1	373.763440860215	0.936842105263158	0.308988764044944	0.691011235955056	T,G	0.31,0.69	0.151515151515152
398	Tpa_6853_1	141.911111111111	0.863157894736842	0.0426829268292683	0.957317073170732	A,G	0.96,0.04	0.285714285714286
399	Tpa_6887_1	90.4888888888889	0.768421052631579	0.0479452054794521	0.952054794520548	C,T	0.95,0.05	0
400	Tpa_6922_1	91.7065217391304	0.768421052631579	0.0205479452054795	0.979452054794521	T,G	0.98,0.02	0
401	Tpa_6937_1	193.268817204301	0.873684210526316	0	1	A,G	1,0	NA
402	Tpa_6963_1	616.634408602151	0.947368421052632	0.0444444444444444	0.955555555555556	C,T	0.96,0.04	0
403	Tpa_6973_1	176.802197802198	0.873684210526316	0.0963855421686747	0.903614457831325	C,T	0.9,0.1	0.0625
404	Tpa_7007_1	15.9130434782609	0.210526315789474	0.375	0.625	A,G	0.38,0.62	0
405	Tpa_7010_1	523.440860215054	0.947368421052632	0.0777777777777778	0.922222222222222	T,C	0.08,0.92	0.428571428571429
406	Tpa_7018_1	115.576086956522	0.873684210526316	0.240963855421687	0.759036144578313	G,C	0.76,0.24	0.03125
407	Tpa_7052_1	311.872340425532	0.968421052631579	0.0543478260869565	0.945652173913043	A,T	0.95,0.05	0
408	Tpa_7058_1	103.817204301075	0.831578947368421	0.0126582278481013	0.987341772151899	C,T	0.99,0.01	0
409	Tpa_7062_1	131.215909090909	0.8	0.0986842105263158	0.901315789473684	C,T	0.9,0.1	0.0769230769230769
410	Tpa_7080_1	564.68085106383	0.957894736842105	0	1	G,C	0,1	NA
411	Tpa_7082_1	46.2025316455696	0.652631578947368	0.0645161290322581	0.935483870967742	G,A	0.06,0.94	0
412	Tpa_7090_1	127.824175824176	0.831578947368421	0.0886075949367089	0.911392405063291	T,C	0.09,0.91	0.0714285714285714
413	Tpa_7153_1	4.41860465116279	0.168421052631579	0.03125	0.96875	G,A	0.97,0.03	0
414	Tpa_7157_1	274.882978723404	0.947368421052632	0.283333333333333	0.716666666666667	T,G	0.72,0.28	0.129032258064516
415	Tpa_7201_1	177.565217391304	0.842105263157895	0.08125	0.91875	G,A	0.08,0.92	0.0769230769230769
416	Tpa_7204_1	352.29347826087	0.91578947368421	0.0229885057471264	0.977011494252874	G,A	0.02,0.98	0
417	Tpa_7210_1	77.7093023255814	0.8	0.0855263157894737	0.914473684210526	T,A	0.09,0.91	0
418	Tpa_7213_1	940.054347826087	0.926315789473684	0	1	T,G	0,1	NA
419	Tpa_7221_1	52.1951219512195	0.715789473684211	0.242647058823529	0.757352941176471	G,A	0.24,0.76	0.037037037037037
420	Tpa_7240_1	68.8409090909091	0.842105263157895	0.025	0.975	T,C	0.03,0.98	0.25
421	Tpa_7289_1	295.228260869565	0.905263157894737	0	1	C,T	1,0	NA
422	Tpa_7291_1	67.7530864197531	0.673684210526316	0.3671875	0.6328125	A,G	0.63,0.37	0.0571428571428571
423	Tpa_7293_1	9.15	0.357894736842105	0.0882352941176471	0.911764705882353	A,C	0.91,0.09	0
424	Tpa_7331_1	3.5	0.0210526315789474	0	1	G,T	1,0	NA
425	Tpa_7348_1	30.725	0.673684210526316	0.0234375	0.9765625	A,T	0.98,0.02	0
426	Tpa_7352_1	2.1	0.0210526315789474	0.25	0.75	G,A	0.25,0.75	0
427	Tpa_7367_1	152.011111111111	0.768421052631579	0.13013698630137	0.86986301369863	G,A	0.13,0.87	0.0588235294117647
428	Tpa_7375_1	479.734042553192	0.926315789473684	0.261363636363636	0.738636363636364	C,T	0.74,0.26	0.125
429	Tpa_7406_1	1.57142857142857	0.0105263157894737	0	1	G,A	0,1	NA
430	Tpa_7413_1	12.6491228070175	0.231578947368421	0.0227272727272727	0.977272727272727	T,C	0.02,0.98	0
431	Tpa_7417_1	83.2934782608696	0.831578947368421	0.0379746835443038	0.962025316455696	G,A	0.04,0.96	0.166666666666667
432	Tpa_7425_1	93.2272727272727	0.789473684210526	0.0733333333333333	0.926666666666667	G,A	0.07,0.93	0
433	Tpa_7447_1	4.60416666666667	0.231578947368421	0.0227272727272727	0.977272727272727	G,A	0.02,0.98	0
434	Tpa_7450_1	2.23529411764706	0.0105263157894737	0	1	A,C	0,1	NA
435	Tpa_7452_1	28.1973684210526	0.589473684210526	0.107142857142857	0.892857142857143	C,G	0.89,0.11	0
436	Tpa_7454_1	260.849462365591	0.905263157894737	0.0523255813953488	0.947674418604651	T,G	0.95,0.05	0.111111111111111
437	Tpa_7461_1	162.913978494624	0.884210526315789	0	1	T,C	0,1	NA
438	Tpa_7477_1	208.673913043478	0.831578947368421	0.158227848101266	0.841772151898734	C,T	0.84,0.16	0.0869565217391304
439	Tpa_7479_1	227.808510638298	0.873684210526316	0.0481927710843374	0.951807228915663	G,A	0.05,0.95	0
440	Tpa_7483_1	1317.96842105263	0.989473684210526	0.106382978723404	0.893617021276596	G,A	0.11,0.89	0.25
441	Tpa_7495_1	23.2875	0.621052631578947	0.0508474576271186	0.949152542372881	C,A	0.05,0.95	0
442	Tpa_7533_1	219.155555555556	0.852631578947368	0.123456790123457	0.876543209876543	A,G	0.88,0.12	0.125
443	Tpa_7540_1	260.446808510638	0.905263157894737	0.0406976744186047	0.959302325581395	G,T	0.96,0.04	0.142857142857143
444	Tpa_7553_1	182.021739130435	0.852631578947368	0.0740740740740741	0.925925925925926	T,C	0.93,0.07	0.0833333333333333
445	Tpa_7560_1	95.0117647058824	0.757894736842105	0.0625	0.9375	T,C	0.06,0.94	0
446	Tpa_7566_1	1582.12765957447	0.968421052631579	0.0923913043478261	0.907608695652174	C,T	0.91,0.09	0.0588235294117647
447	Tpa_7567_1	30.8571428571429	0.663157894736842	0.349206349206349	0.650793650793651	A,G	0.65,0.35	0.142857142857143
448	Tpa_7571_1	180.688888888889	0.863157894736842	0.140243902439024	0.859756097560976	G,A	0.14,0.86	0.0526315789473684
449	Tpa_7586_1	1391.73684210526	0.989473684210526	0.26063829787234	0.73936170212766	A,C	0.26,0.74	0.0540540540540541
450	Tpa_7594_1	16.2	0.263157894736842	0.12	0.88	T,G	0.88,0.12	0
451	Tpa_7597_1	178.516129032258	0.873684210526316	0.0240963855421687	0.975903614457831	T,G	0.02,0.98	0.25
452	Tpa_7601_1	1	0	NA	NA	C,A	NaN,NaN	NA
453	Tpa_7604_1	221.446153846154	0.578947368421053	0	1	C,T	1,0	NA
454	Tpa_7605_1	129.023255813953	0.736842105263158	0.207142857142857	0.792857142857143	A,G	0.79,0.21	0.0434782608695652
455	Tpa_7615_1	360.537634408602	0.884210526315789	0.00595238095238095	0.994047619047619	C,G	0.99,0.01	0
456	Tpa_7652_1	7.61904761904762	0.168421052631579	0.09375	0.90625	G,A	0.09,0.91	0
457	Tpa_7653_1	3.97058823529412	0.0842105263157895	0.1875	0.8125	C,T	0.19,0.81	0
458	Tpa_7657_1	112.43956043956	0.778947368421053	0.0135135135135135	0.986486486486487	G,A	0.01,0.99	0
459	Tpa_7665_1	1.66666666666667	0.0210526315789474	0.25	0.75	A,T	0.75,0.25	0
460	Tpa_7686_1	1090.86021505376	0.957894736842105	0.28021978021978	0.71978021978022	A,C	0.28,0.72	0.243243243243243
461	Tpa_7690_1	751.31914893617	0.968421052631579	0.0923913043478261	0.907608695652174	T,G	0.91,0.09	0.294117647058824
462	Tpa_7691_1	16.986301369863	0.484210526315789	0.0543478260869565	0.945652173913043	T,G	0.05,0.95	0.333333333333333
463	Tpa_7703_1	42.0649350649351	0.6	0.0701754385964912	0.929824561403509	G,T	0.93,0.07	0.125
464	Tpa_7757_1	2.35	0.0210526315789474	0	1	A,T	0,1	NA
465	Tpa_7764_1	578.726315789474	0.978947368421053	0.150537634408602	0.849462365591398	C,A	0.15,0.85	0.277777777777778
466	Tpa_7765_1	73.7307692307692	0.684210526315789	0.0692307692307692	0.930769230769231	A,T	0.07,0.93	0
467	Tpa_7769_1	310.111111111111	0.863157894736842	0.310975609756098	0.689024390243902	C,T	0.31,0.69	0.0540540540540541
468	Tpa_7772_1	1.85714285714286	0.0210526315789474	0	1	A,G	0,1	NA
469	Tpa_7798_1	162.108695652174	0.852631578947368	0.234567901234568	0.765432098765432	C,T	0.77,0.23	0.0333333333333333
470	Tpa_7799_1	56.2168674698795	0.684210526315789	0.0923076923076923	0.907692307692308	A,G	0.91,0.09	0
471	Tpa_7805_1	49.5795454545455	0.778947368421053	0.128378378378378	0.871621621621622	G,A	0.13,0.87	0
472	Tpa_7807_1	76.0116279069767	0.778947368421053	0.027027027027027	0.972972972972973	C,T	0.97,0.03	0
473	Tpa_7814_1	457.117021276596	0.957894736842105	0.10989010989011	0.89010989010989	C,T	0.89,0.11	0.222222222222222
474	Tpa_7825_1	693.234042553191	0.957894736842105	0.0164835164835165	0.983516483516483	G,A	0.02,0.98	0
475	Tpa_7848_1	73.7710843373494	0.705263157894737	0	1	T,C	1,0	NA
476	Tpa_7910_1	95.4725274725275	0.831578947368421	0.139240506329114	0.860759493670886	C,T	0.86,0.14	0.0833333333333333
