Locus	Primer Reads	Primer Probe Reads	Primer Probe Proportion
Tpa_0010	254	193	0.76
Tpa_0012	650	296	0.46
Tpa_0024	3239	0	0.00
Tpa_0035	661	371	0.56
Tpa_0037	1194	39	0.03
Tpa_0095	641	101	0.16
Tpa_0151	1243	731	0.59
Tpa_0183	415	266	0.64
Tpa_0186	5921	215	0.04
Tpa_0215	4008	0	0.00
Tpa_0226	203	193	0.95
Tpa_0228	9871	87	0.01
Tpa_0263	1661	757	0.46
Tpa_0269	2294	106	0.05
Tpa_0272	703	2	0.00
Tpa_0301	486	473	0.97
Tpa_0342	464	349	0.75
Tpa_0346	2233	591	0.26
Tpa_0358	1226	527	0.43
Tpa_0366	9604	40	0.00
Tpa_0367	755	586	0.78
Tpa_0371	124	27	0.22
Tpa_0395	12	11	0.92
Tpa_0409	13513	13	0.00
Tpa_0427	1017	853	0.84
Tpa_0429	786	43	0.05
Tpa_0438	4040	89	0.02
Tpa_0439	28	23	0.82
Tpa_0474	42	15	0.36
Tpa_0492	1330	18	0.01
Tpa_0500	645	62	0.10
Tpa_0540	26483	896	0.03
Tpa_0547	651	10	0.02
Tpa_0556	23058	1306	0.06
Tpa_0569	28	20	0.71
Tpa_0592	1219	171	0.14
Tpa_0650	9258	50	0.01
Tpa_0671	49	48	0.98
Tpa_0678	2839	20	0.01
Tpa_0730	2607	785	0.30
Tpa_0743	851	829	0.97
Tpa_0763	45	1	0.02
Tpa_0768	2068	863	0.42
Tpa_0826	2628	275	0.10
Tpa_0866	1490	483	0.32
Tpa_0868	978	16	0.02
Tpa_0882	24	17	0.71
Tpa_0888	4943	28	0.01
Tpa_0895	7900	172	0.02
Tpa_0905	243	28	0.12
Tpa_0912	7689	43	0.01
Tpa_0929	540	17	0.03
Tpa_0936	13738	545	0.04
Tpa_0953	7557	747	0.10
Tpa_0970	10731	0	0.00
Tpa_0973	21546	0	0.00
Tpa_0979	5645	1	0.00
Tpa_1007	289	109	0.38
Tpa_1022	70	1	0.01
Tpa_1042	18	2	0.11
Tpa_1071	4222	293	0.07
Tpa_1077	2466	29	0.01
Tpa_1082	585	172	0.29
Tpa_1098	41	4	0.10
Tpa_1112	222	1	0.00
Tpa_1136	3	1	0.33
Tpa_1144	14	3	0.21
Tpa_1154	17	2	0.12
Tpa_1156	2	1	0.50
Tpa_1187	161	129	0.80
Tpa_1268	32	14	0.44
Tpa_1290	761	143	0.19
Tpa_1304	10	3	0.30
Tpa_1305	7946	0	0.00
Tpa_1310	351	125	0.36
Tpa_1312	5870	1634	0.28
Tpa_1320	10030	333	0.03
Tpa_1341	12671	7	0.00
Tpa_1357	551	37	0.07
Tpa_1359	5016	1447	0.29
Tpa_1394	1521	763	0.50
Tpa_1443	585	157	0.27
Tpa_1486	5673	19	0.00
Tpa_1515	2605	36	0.01
Tpa_1528	5655	30	0.01
Tpa_1542	9495	14	0.00
Tpa_1548	10352	945	0.09
Tpa_1550	330	186	0.56
Tpa_1585	1120	562	0.50
Tpa_1593	589	322	0.55
Tpa_1606	5299	2768	0.52
Tpa_1638	6179	181	0.03
Tpa_1646	13416	1224	0.09
Tpa_1662	2118	45	0.02
Tpa_1678	511	64	0.13
Tpa_1689	1441	9	0.01
Tpa_1703	23	0	0.00
Tpa_1731	5531	1326	0.24
Tpa_1774	18	5	0.28
Tpa_1775	31429	1116	0.04
Tpa_1818	1881	99	0.05
Tpa_1831	589	582	0.99
Tpa_1832	194	189	0.97
Tpa_1843	10698	413	0.04
Tpa_1891	766	712	0.93
Tpa_1896	17114	386	0.02
Tpa_1917	333	33	0.10
Tpa_1930	448	430	0.96
Tpa_1966	14	8	0.57
Tpa_2006	20	19	0.95
Tpa_2010	3178	115	0.04
Tpa_2021	4999	2	0.00
Tpa_2034	21	21	1.00
Tpa_2040	143	129	0.90
Tpa_2041	2757	51	0.02
Tpa_2073	15080	157	0.01
Tpa_2076	1143	416	0.36
Tpa_2096	806	294	0.36
Tpa_2128	7	6	0.86
Tpa_2157	2488	1050	0.42
Tpa_2180	8646	98	0.01
Tpa_2194	85	79	0.93
Tpa_2207	877	799	0.91
Tpa_2254	7636	56	0.01
Tpa_2278	272	246	0.90
Tpa_2334	18499	0	0.00
Tpa_2344	3632	1331	0.37
Tpa_2353	854	754	0.88
Tpa_2368	7784	38	0.00
Tpa_2412	16321	2193	0.13
Tpa_2417	773	354	0.46
Tpa_2453	631	0	0.00
Tpa_2458	505	20	0.04
Tpa_2460	22432	189	0.01
Tpa_2470	4314	204	0.05
Tpa_2483	5392	647	0.12
Tpa_2498	5370	47	0.01
Tpa_2509	73	71	0.97
Tpa_2518	2626	324	0.12
Tpa_2519	297	23	0.08
Tpa_2523	6298	22	0.00
Tpa_2581	1747	743	0.43
Tpa_2601	2661	2545	0.96
Tpa_2608	11553	1163	0.10
Tpa_2636	731	317	0.43
Tpa_2639	9579	11	0.00
Tpa_2664	11960	76	0.01
Tpa_2702	25	11	0.44
Tpa_2712	73	19	0.26
Tpa_2734	971	71	0.07
Tpa_2741	4	0	0.00
Tpa_2745	2368	284	0.12
Tpa_2763	268	249	0.93
Tpa_2845	186	26	0.14
Tpa_2854	26673	176	0.01
Tpa_2856	9796	195	0.02
Tpa_2861	12735	746	0.06
Tpa_2868	7870	193	0.02
Tpa_2900	79	20	0.25
Tpa_2907	8590	297	0.03
Tpa_2961	475	424	0.89
Tpa_2970	2090	19	0.01
Tpa_3004	3041	82	0.03
Tpa_3011	14217	196	0.01
Tpa_3018	0	0	NA
Tpa_3047	3668	231	0.06
Tpa_3055	551	24	0.04
Tpa_3063	5335	27	0.01
Tpa_3129	196	8	0.04
Tpa_3149	213	208	0.98
Tpa_3193	101	0	0.00
Tpa_3197	2862	134	0.05
Tpa_3200	430	56	0.13
Tpa_3248	150	147	0.98
Tpa_3254	3167	53	0.02
Tpa_3262	5709	1053	0.18
Tpa_3263	24131	203	0.01
Tpa_3310	8760	186	0.02
Tpa_3347	3357	40	0.01
Tpa_3354	528	503	0.95
Tpa_3364	3584	316	0.09
Tpa_3385	7	3	0.43
Tpa_3439	209	11	0.05
Tpa_3502	203	2	0.01
Tpa_3561	413	6	0.01
Tpa_3569	26	25	0.96
Tpa_3583	1657	171	0.10
Tpa_3616	2799	1857	0.66
Tpa_3674	11881	194	0.02
Tpa_3676	1888	10	0.01
Tpa_3679	30	7	0.23
Tpa_3684	6383	5	0.00
Tpa_3705	7498	1252	0.17
Tpa_3723	75	44	0.59
Tpa_3737	2697	75	0.03
Tpa_3745	481	353	0.73
Tpa_3795	8246	2874	0.35
Tpa_3846	485	81	0.17
Tpa_3862	0	0	NA
Tpa_3871	2252	639	0.28
Tpa_3879	1229	1087	0.88
Tpa_3905	19352	225	0.01
Tpa_3926	32466	28	0.00
Tpa_3937	19	13	0.68
Tpa_3962	388	114	0.29
Tpa_3974	260	62	0.24
Tpa_4020	44	42	0.95
Tpa_4021	724	572	0.79
Tpa_4022	3538	1639	0.46
Tpa_4055	216	25	0.12
Tpa_4077	22571	203	0.01
Tpa_4120	7309	876	0.12
Tpa_4126	2766	630	0.23
Tpa_4137	1052	399	0.38
Tpa_4148	15835	16	0.00
Tpa_4168	4204	100	0.02
Tpa_4176	172	3	0.02
Tpa_4178	2110	572	0.27
Tpa_4209	2233	433	0.19
Tpa_4221	325	0	0.00
Tpa_4230	12074	219	0.02
Tpa_4245	9844	0	0.00
Tpa_4246	3003	219	0.07
Tpa_4247	4068	511	0.13
Tpa_4268	1380	1300	0.94
Tpa_4291	935	810	0.87
Tpa_4295	208	25	0.12
Tpa_4310	15469	132	0.01
Tpa_4316	492	407	0.83
Tpa_4353	6763	1700	0.25
Tpa_4356	2546	1976	0.78
Tpa_4380	328	13	0.04
Tpa_4384	232	113	0.49
Tpa_4394	600	51	0.09
Tpa_4416	2029	344	0.17
Tpa_4425	7119	419	0.06
Tpa_4443	529	463	0.88
Tpa_4454	12857	128	0.01
Tpa_4467	14720	1	0.00
Tpa_4495	21	16	0.76
Tpa_4506	68	7	0.10
Tpa_4511	1652	0	0.00
Tpa_4549	44983	7	0.00
Tpa_4556	111	99	0.89
Tpa_4569	15650	471	0.03
Tpa_4582	1400	6	0.00
Tpa_4590	1643	296	0.18
Tpa_4591	92	1	0.01
Tpa_4592	6440	73	0.01
Tpa_4593	18839	199	0.01
Tpa_4595	6	0	0.00
Tpa_4599	1557	1474	0.95
Tpa_4633	2088	3	0.00
Tpa_4637	8204	36	0.00
Tpa_4668	2293	583	0.25
Tpa_4678	3225	1775	0.55
Tpa_4697	29	24	0.83
Tpa_4713	2429	77	0.03
Tpa_4731	3656	0	0.00
Tpa_4747	5814	817	0.14
Tpa_4749	272	87	0.32
Tpa_4804	4673	179	0.04
Tpa_4849	465	46	0.10
Tpa_4885	18275	36	0.00
Tpa_4886	5388	18	0.00
Tpa_4900	509	10	0.02
Tpa_4920	18240	1	0.00
Tpa_4928	9260	69	0.01
Tpa_4936	256	13	0.05
Tpa_4985	6449	406	0.06
Tpa_5002	182	50	0.27
Tpa_5015	8	1	0.12
Tpa_5022	2624	2553	0.97
Tpa_5057	273	170	0.62
Tpa_5075	313	156	0.50
Tpa_5104	3441	3112	0.90
Tpa_5106	873	42	0.05
Tpa_5118	14455	34	0.00
Tpa_5138	4061	123	0.03
Tpa_5144	330	93	0.28
Tpa_5167	32	3	0.09
Tpa_5196	749	28	0.04
Tpa_5205	35	6	0.17
Tpa_5206	11775	7	0.00
Tpa_5218	4725	3	0.00
Tpa_5222	100	31	0.31
Tpa_5228	630	262	0.42
Tpa_5241	369	128	0.35
Tpa_5242	918	427	0.47
Tpa_5244	2849	1500	0.53
Tpa_5249	145	12	0.08
Tpa_5270	3	2	0.67
Tpa_5278	369	355	0.96
Tpa_5279	1858	81	0.04
Tpa_5292	1862	1390	0.75
Tpa_5298	3256	446	0.14
Tpa_5327	1649	1014	0.61
Tpa_5360	5146	36	0.01
Tpa_5361	1242	328	0.26
Tpa_5373	4013	42	0.01
Tpa_5379	5233	1325	0.25
Tpa_5382	4378	624	0.14
Tpa_5418	2732	1345	0.49
Tpa_5441	12689	1051	0.08
Tpa_5445	1419	1270	0.89
Tpa_5446	573	556	0.97
Tpa_5454	360	306	0.85
Tpa_5471	9151	4476	0.49
Tpa_5485	5087	190	0.04
Tpa_5501	2475	222	0.09
Tpa_5525	17446	1095	0.06
Tpa_5538	1602	19	0.01
Tpa_5540	235	25	0.11
Tpa_5542	26	6	0.23
Tpa_5563	132	57	0.43
Tpa_5565	8318	2400	0.29
Tpa_5570	15441	113	0.01
Tpa_5574	18507	102	0.01
Tpa_5588	5641	4574	0.81
Tpa_5594	1730	145	0.08
Tpa_5601	8198	595	0.07
Tpa_5609	4344	22	0.01
Tpa_5623	3324	1629	0.49
Tpa_5636	5300	15	0.00
Tpa_5651	219	112	0.51
Tpa_5679	1232	140	0.11
Tpa_5741	4611	209	0.05
Tpa_5761	1257	162	0.13
Tpa_5774	9903	263	0.03
Tpa_5795	26466	5	0.00
Tpa_5796	855	602	0.70
Tpa_5823	4933	452	0.09
Tpa_5827	1199	321	0.27
Tpa_5829	23	14	0.61
Tpa_5838	1355	1156	0.85
Tpa_5854	1	0	0.00
Tpa_5856	161	138	0.86
Tpa_5863	574	294	0.51
Tpa_5868	71	14	0.20
Tpa_5878	812	651	0.80
Tpa_5913	1332	542	0.41
Tpa_5917	1516	622	0.41
Tpa_5942	35	9	0.26
Tpa_5951	299	92	0.31
Tpa_5961	52	6	0.12
Tpa_5978	11452	775	0.07
Tpa_5980	3015	701	0.23
Tpa_6016	9461	711	0.08
Tpa_6076	1118	33	0.03
Tpa_6083	593	542	0.91
Tpa_6137	214	86	0.40
Tpa_6139	8219	542	0.07
Tpa_6150	157	144	0.92
Tpa_6158	6642	1073	0.16
Tpa_6169	3320	1055	0.32
Tpa_6172	8199	760	0.09
Tpa_6204	13099	30	0.00
Tpa_6220	1149	1045	0.91
Tpa_6222	71	61	0.86
Tpa_6224	1624	189	0.12
Tpa_6265	99	95	0.96
Tpa_6270	354	190	0.54
Tpa_6321	4	1	0.25
Tpa_6352	1826	11	0.01
Tpa_6355	2261	21	0.01
Tpa_6384	1161	12	0.01
Tpa_6385	8411	40	0.00
Tpa_6388	81	62	0.77
Tpa_6391	856	319	0.37
Tpa_6411	4	3	0.75
Tpa_6422	8208	985	0.12
Tpa_6442	12442	291	0.02
Tpa_6449	28	0	0.00
Tpa_6451	9850	126	0.01
Tpa_6453	1689	122	0.07
Tpa_6487	539	453	0.84
Tpa_6493	5017	186	0.04
Tpa_6511	31901	10797	0.34
Tpa_6543	30777	319	0.01
Tpa_6562	6298	9	0.00
Tpa_6565	5198	3987	0.77
Tpa_6586	181	47	0.26
Tpa_6591	30	26	0.87
Tpa_6604	53	0	0.00
Tpa_6611	44636	14	0.00
Tpa_6630	7823	262	0.03
Tpa_6654	379	334	0.88
Tpa_6683	673	0	0.00
Tpa_6687	970	35	0.04
Tpa_6713	3006	2	0.00
Tpa_6733	212	200	0.94
Tpa_6768	1182	814	0.69
Tpa_6773	771	185	0.24
Tpa_6774	327	194	0.59
Tpa_6786	210	17	0.08
Tpa_6814	2529	1591	0.63
Tpa_6816	541	455	0.84
Tpa_6853	6943	780	0.11
Tpa_6887	8754	466	0.05
Tpa_6922	6337	260	0.04
Tpa_6937	4116	1411	0.34
Tpa_6963	460	428	0.93
Tpa_6973	1675	509	0.30
Tpa_7007	329	122	0.37
Tpa_7010	752	336	0.45
Tpa_7018	12	8	0.67
Tpa_7052	1052	1040	0.99
Tpa_7058	2664	503	0.19
Tpa_7062	519	437	0.84
Tpa_7080	281	254	0.90
Tpa_7082	17	17	1.00
Tpa_7090	1278	1124	0.88
Tpa_7153	28	23	0.82
Tpa_7157	406	70	0.17
Tpa_7201	7446	1430	0.19
Tpa_7204	954	261	0.27
Tpa_7210	2396	57	0.02
Tpa_7213	2447	1465	0.60
Tpa_7221	8182	168	0.02
Tpa_7240	6027	817	0.14
Tpa_7289	5783	62	0.01
Tpa_7291	16265	9	0.00
Tpa_7293	4	0	0.00
Tpa_7331	9299	1	0.00
Tpa_7348	22060	941	0.04
Tpa_7352	0	0	NA
Tpa_7367	1785	1442	0.81
Tpa_7375	1778	558	0.31
Tpa_7406	1	0	0.00
Tpa_7413	1430	1397	0.98
Tpa_7417	42	37	0.88
Tpa_7425	9531	1006	0.11
Tpa_7447	2025	66	0.03
Tpa_7450	1380	0	0.00
Tpa_7452	5761	2616	0.45
Tpa_7454	1645	6	0.00
Tpa_7461	2512	33	0.01
Tpa_7477	300	236	0.79
Tpa_7479	1762	730	0.41
Tpa_7483	1667	392	0.24
Tpa_7495	2426	1803	0.74
Tpa_7533	1859	1726	0.93
Tpa_7540	1071	16	0.01
Tpa_7553	1199	1075	0.90
Tpa_7560	1670	633	0.38
Tpa_7566	1065	1032	0.97
Tpa_7567	6836	4734	0.69
Tpa_7571	2369	1699	0.72
Tpa_7586	1917	1378	0.72
Tpa_7594	22937	9805	0.43
Tpa_7597	6030	5848	0.97
Tpa_7601	22984	0	0.00
Tpa_7604	16751	4749	0.28
Tpa_7605	15884	32	0.00
Tpa_7615	103	95	0.92
Tpa_7652	19389	8073	0.42
Tpa_7653	8753	7023	0.80
Tpa_7657	1169	161	0.14
Tpa_7665	2	0	0.00
Tpa_7686	4643	3908	0.84
Tpa_7690	2259	2111	0.93
Tpa_7691	1978	678	0.34
Tpa_7703	17122	2144	0.13
Tpa_7757	2948	3	0.00
Tpa_7764	5969	546	0.09
Tpa_7765	10426	160	0.02
Tpa_7769	8	4	0.50
Tpa_7772	36	0	0.00
Tpa_7798	564	391	0.69
Tpa_7799	1071	94	0.09
Tpa_7805	174	75	0.43
Tpa_7807	3794	47	0.01
Tpa_7814	2775	214	0.08
Tpa_7825	928	879	0.95
Tpa_7848	3591	183	0.05
Tpa_7910	4467	430	0.10
