Locus_ID	AvgReadDepth	GenotypeRate	minAF	majAF	alleles	allFreqs	conScore
1	Tpa_0010_1	6.5609756097561	0.1875	0.194444444444444	0.805555555555556	A,G	0.81,0.19	0
2	Tpa_0012_1	28.6206896551724	0.15625	0	1	C,A	0,1	NA
3	Tpa_0024_1	1	0	NA	NA	A,C	NaN,NaN	NA
4	Tpa_0035_1	15.2820512820513	0.177083333333333	0.0882352941176471	0.911764705882353	T,C	0.09,0.91	1
5	Tpa_0037_1	1.95833333333333	0.0520833333333333	0.3	0.7	A,C	0.7,0.3	0
6	Tpa_0095_1	43.2666666666667	0.21875	0.0476190476190476	0.952380952380952	G,A	0.05,0.95	0
7	Tpa_0151_1	90.45	0.354166666666667	0.0294117647058824	0.970588235294118	G,A	0.03,0.97	0
8	Tpa_0183_1	57.5111111111111	0.229166666666667	0.159090909090909	0.840909090909091	C,A	0.84,0.16	0
9	Tpa_0186_1	13.4473684210526	0.197916666666667	0.0526315789473684	0.947368421052632	C,A	0.05,0.95	0
10	Tpa_0215_1	NA	0	NA	NA	A,C	NaN,NaN	NA
11	Tpa_0226_1	5.925	0.208333333333333	0.2	0.8	C,A	0.2,0.8	0
12	Tpa_0228_1	2.46153846153846	0.0416666666666667	0	1	T,A	0,1	NA
13	Tpa_0263_1	20.8297872340426	0.28125	0.314814814814815	0.685185185185185	C,G	0.31,0.69	0.142857142857143
14	Tpa_0269_1	5.96969696969697	0.0625	0.25	0.75	G,A	0.25,0.75	0
15	Tpa_0272_1	1.28571428571429	0	NA	NA	A,C	NaN,NaN	NA
16	Tpa_0301_1	108.276595744681	0.270833333333333	0	1	G,T	1,0	NA
17	Tpa_0342_1	26.6176470588235	0.166666666666667	0.28125	0.71875	C,T	0.72,0.28	0
18	Tpa_0346_1	18.063829787234	0.260416666666667	0.02	0.98	A,C	0.98,0.02	0
19	Tpa_0358_1	27.9459459459459	0.25	0	1	A,C	1,0	NA
20	Tpa_0366_1	22.6842105263158	0.0729166666666667	0	1	T,C	1,0	NA
21	Tpa_0367_1	23.2608695652174	0.229166666666667	0	1	C,T	1,0	NA
22	Tpa_0371_1	22.75	0.0729166666666667	0	1	C,T	1,0	NA
23	Tpa_0395_1	22.64	0.09375	0	1	G,A	0,1	NA
24	Tpa_0409_1	9.71428571428571	0.0208333333333333	0	1	T,C	1,0	NA
25	Tpa_0427_1	36.2666666666667	0.28125	0.462962962962963	0.537037037037037	C,T	0.54,0.46	0.333333333333333
26	Tpa_0429_1	13.48	0.135416666666667	0	1	G,C	0,1	NA
27	Tpa_0438_1	4.11538461538461	0.0625	0.0833333333333333	0.916666666666667	A,C	0.08,0.92	0
28	Tpa_0439_1	54.5757575757576	0.166666666666667	0.15625	0.84375	G,C	0.84,0.16	0
29	Tpa_0474_1	2.23076923076923	0.03125	0	1	A,T	1,0	NA
30	Tpa_0492_1	16.4090909090909	0.0625	0	1	C,G	1,0	NA
31	Tpa_0500_1	14.4615384615385	0.0729166666666667	0.357142857142857	0.642857142857143	A,C	0.64,0.36	0
32	Tpa_0540_1	14.8333333333333	0.291666666666667	0.25	0.75	G,C	0.25,0.75	0.0714285714285714
33	Tpa_0547_1	29.9444444444444	0.0729166666666667	0	1	G,A	0,1	NA
34	Tpa_0556_1	24.3260869565217	0.28125	0	1	C,T	1,0	NA
35	Tpa_0569_1	20.5	0.0729166666666667	0.428571428571429	0.571428571428571	A,G	0.43,0.57	0
36	Tpa_0592_1	56.4666666666667	0.25	0.104166666666667	0.895833333333333	A,G	0.9,0.1	0
37	Tpa_0650_1	7.16129032258065	0.114583333333333	0	1	G,A	0,1	NA
38	Tpa_0671_1	23.6111111111111	0.09375	0	1	C,G	1,0	NA
39	Tpa_0678_1	3.64285714285714	0.0625	0	1	G,A	0,1	NA
40	Tpa_0730_1	22.175	0.260416666666667	0.18	0.82	G,C	0.18,0.82	0
41	Tpa_0743_1	22.3137254901961	0.302083333333333	0	1	C,A	0,1	NA
42	Tpa_0763_1	16	0.0416666666666667	0.5	0.5	C,A	0.5,0.5	NA
43	Tpa_0768_1	33.58	0.354166666666667	0	1	G,A	0,1	NA
44	Tpa_0826_1	6.17857142857143	0.0729166666666667	0.0714285714285714	0.928571428571429	G,C	0.07,0.93	0
45	Tpa_0866_1	98.3653846153846	0.34375	0.0909090909090909	0.909090909090909	C,T	0.91,0.09	0.5
46	Tpa_0868_1	1.8125	0.0416666666666667	0	1	A,T	1,0	NA
47	Tpa_0882_1	2.0952380952381	0.0416666666666667	0.25	0.75	A,T	0.75,0.25	0
48	Tpa_0888_1	19.2142857142857	0.0729166666666667	0	1	G,A	0,1	NA
49	Tpa_0895_1	18.7142857142857	0.114583333333333	0	1	G,A	0,1	NA
50	Tpa_0905_1	28.8888888888889	0.09375	0.0555555555555556	0.944444444444444	T,C	0.94,0.06	0
51	Tpa_0912_1	2.92307692307692	0.0729166666666667	0	1	C,A	0,1	NA
52	Tpa_0929_1	21.75	0.03125	0	1	G,A	0,1	NA
53	Tpa_0936_1	18.2	0.177083333333333	0	1	C,T	1,0	NA
54	Tpa_0953_1	63.1851851851852	0.427083333333333	0.0853658536585366	0.914634146341463	C,T	0.91,0.09	0
55	Tpa_0970_1	1	0	NA	NA	A,C	NaN,NaN	NA
56	Tpa_0973_1	1	0	NA	NA	T,G	NaN,NaN	NA
57	Tpa_0979_1	25.5384615384615	0.0625	0.166666666666667	0.833333333333333	C,G	0.83,0.17	0
58	Tpa_1007_1	21.52	0.104166666666667	0.15	0.85	T,C	0.85,0.15	0
59	Tpa_1022_1	18	0.0520833333333333	0	1	G,A	0,1	NA
60	Tpa_1042_1	17.4	0.03125	0	1	G,A	0,1	NA
61	Tpa_1071_1	14.7777777777778	0.125	0.291666666666667	0.708333333333333	A,C	0.71,0.29	0.142857142857143
62	Tpa_1077_1	13.2173913043478	0.09375	0	1	C,T	1,0	NA
63	Tpa_1082_1	68.5178571428571	0.333333333333333	0.171875	0.828125	C,T	0.83,0.17	0
64	Tpa_1098_1	17.5	0.0208333333333333	0.5	0.5	A,C	0.5,0.5	0.5
65	Tpa_1112_1	28.25	0.0833333333333333	0	1	G,A	0,1	NA
66	Tpa_1136_1	1	0	NA	NA	T,G	NaN,NaN	NA
67	Tpa_1144_1	8.38461538461539	0.0416666666666667	0.125	0.875	G,T	0.88,0.12	0
68	Tpa_1154_1	15.6875	0.0520833333333333	0	1	C,T	0,1	NA
69	Tpa_1156_1	1	0	NA	NA	G,A	NaN,NaN	NA
70	Tpa_1187_1	10.0294117647059	0.145833333333333	0.0714285714285714	0.928571428571429	C,T	0.93,0.07	0
71	Tpa_1268_1	8.16666666666667	0.0520833333333333	0	1	T,A	0,1	NA
72	Tpa_1290_1	13.71875	0.135416666666667	0.0384615384615385	0.961538461538462	C,T	0.96,0.04	0
73	Tpa_1304_1	17.7692307692308	0.0416666666666667	0	1	A,G	0,1	NA
74	Tpa_1305_1	1	0	NA	NA	A,T	NaN,NaN	NA
75	Tpa_1310_1	19.6666666666667	0.0625	0	1	C,T	1,0	NA
76	Tpa_1312_1	47.1290322580645	0.479166666666667	0.0108695652173913	0.989130434782609	C,T	0.99,0.01	0
77	Tpa_1320_1	85.1363636363636	0.0833333333333333	0	1	T,C	0,1	NA
78	Tpa_1341_1	20.8	0.0520833333333333	0	1	C,T	1,0	NA
79	Tpa_1357_1	33.2307692307692	0.104166666666667	0.1	0.9	G,C	0.1,0.9	0
80	Tpa_1359_1	26.0757575757576	0.4375	0.119047619047619	0.880952380952381	A,G	0.88,0.12	0
81	Tpa_1394_1	14.5652173913043	0.270833333333333	0.230769230769231	0.769230769230769	G,A	0.23,0.77	0
82	Tpa_1443_1	4.71428571428571	0.0416666666666667	0.5	0.5	A,G	0.5,0.5	NA
83	Tpa_1486_1	21.4	0.0416666666666667	0	1	T,C	0,1	NA
84	Tpa_1515_1	3.5	0.0833333333333333	0.1875	0.8125	A,C	0.81,0.19	0
85	Tpa_1528_1	2.375	0.0416666666666667	0.125	0.875	G,T	0.88,0.12	0
86	Tpa_1542_1	29.5	0.104166666666667	0.1	0.9	C,G	0.9,0.1	0
87	Tpa_1548_1	12.4878048780488	0.21875	0.214285714285714	0.785714285714286	T,G	0.21,0.79	0
88	Tpa_1550_1	18.95	0.09375	0	1	C,G	1,0	NA
89	Tpa_1585_1	65.2549019607843	0.3125	0.0833333333333333	0.916666666666667	T,C	0.92,0.08	0.2
90	Tpa_1593_1	7.13513513513514	0.135416666666667	0.307692307692308	0.692307692307692	G,A	0.31,0.69	0
91	Tpa_1606_1	70.7777777777778	0.395833333333333	0.0526315789473684	0.947368421052632	T,G	0.05,0.95	0
92	Tpa_1638_1	6.36363636363636	0.0520833333333333	0.1	0.9	C,G	0.9,0.1	0
93	Tpa_1646_1	37.5813953488372	0.270833333333333	0	1	C,T	1,0	NA
94	Tpa_1662_1	23.7826086956522	0.09375	0.166666666666667	0.833333333333333	G,A	0.17,0.83	0
95	Tpa_1678_1	26.5555555555556	0.125	0	1	C,T	1,0	NA
96	Tpa_1689_1	14.4615384615385	0.03125	0	1	C,T	1,0	NA
97	Tpa_1703_1	1	0	NA	NA	A,G	NaN,NaN	NA
98	Tpa_1731_1	42.4074074074074	0.354166666666667	0.0147058823529412	0.985294117647059	C,A	0.01,0.99	1
99	Tpa_1774_1	13.1666666666667	0.0416666666666667	0	1	C,T	1,0	NA
100	Tpa_1775_1	123.666666666667	0.28125	0.166666666666667	0.833333333333333	C,T	0.83,0.17	0
101	Tpa_1818_1	6.37037037037037	0.0729166666666667	0.285714285714286	0.714285714285714	G,A	0.71,0.29	0
102	Tpa_1831_1	46.1538461538462	0.333333333333333	0.046875	0.953125	G,T	0.95,0.05	0
103	Tpa_1832_1	7.52380952380952	0.208333333333333	0.05	0.95	A,G	0.95,0.05	0
104	Tpa_1843_1	15.3428571428571	0.1875	0.111111111111111	0.888888888888889	C,T	0.89,0.11	0
105	Tpa_1891_1	23.1428571428571	0.21875	0.0238095238095238	0.976190476190476	C,A	0.02,0.98	0
106	Tpa_1896_1	7.43243243243243	0.15625	0	1	A,G	0,1	NA
107	Tpa_1917_1	21.4545454545455	0.03125	0	1	C,T	1,0	NA
108	Tpa_1930_1	18.6	0.15625	0.366666666666667	0.633333333333333	A,G	0.37,0.63	0
109	Tpa_1966_1	42.375	0.0416666666666667	0	1	C,T	0,1	NA
110	Tpa_2006_1	15.8	0.09375	0.166666666666667	0.833333333333333	C,T	0.83,0.17	0
111	Tpa_2010_1	19.5277777777778	0.125	0	1	C,G	1,0	NA
112	Tpa_2021_1	17.375	0.0520833333333333	0	1	C,T	1,0	NA
113	Tpa_2034_1	31.625	0.114583333333333	0	1	A,T	1,0	NA
114	Tpa_2040_1	34.7096774193548	0.145833333333333	0.178571428571429	0.821428571428571	T,A	0.18,0.82	0
115	Tpa_2041_1	15.28	0.0833333333333333	0	1	C,A	0,1	NA
116	Tpa_2073_1	5.45833333333333	0.0625	0.166666666666667	0.833333333333333	G,A	0.17,0.83	0
117	Tpa_2076_1	14.2439024390244	0.239583333333333	0.0869565217391304	0.91304347826087	C,A	0.09,0.91	0
118	Tpa_2096_1	22.1944444444444	0.166666666666667	0.15625	0.84375	G,A	0.16,0.84	0
119	Tpa_2128_1	28	0.0729166666666667	0	1	G,T	1,0	NA
120	Tpa_2157_1	35.1538461538462	0.260416666666667	0.04	0.96	A,C	0.96,0.04	0
121	Tpa_2180_1	9.55882352941176	0.104166666666667	0	1	C,T	0,1	NA
122	Tpa_2194_1	12.6666666666667	0.114583333333333	0.454545454545455	0.545454545454545	A,G	0.55,0.45	0
123	Tpa_2207_1	31.0588235294118	0.239583333333333	0.0217391304347826	0.978260869565217	G,T	0.98,0.02	0
124	Tpa_2254_1	18.2068965517241	0.0833333333333333	0.4375	0.5625	C,G	0.56,0.44	0
125	Tpa_2278_1	22.4736842105263	0.177083333333333	0.147058823529412	0.852941176470588	G,A	0.15,0.85	0
126	Tpa_2334_1	1	0	NA	NA	C,T	NaN,NaN	NA
127	Tpa_2344_1	46.64	0.3125	0.133333333333333	0.866666666666667	G,A	0.13,0.87	0
128	Tpa_2353_1	17.3783783783784	0.239583333333333	0.0652173913043478	0.934782608695652	C,G	0.93,0.07	0
129	Tpa_2368_1	26.1379310344828	0.145833333333333	0	1	A,G	0,1	NA
130	Tpa_2412_1	27.625	0.34375	0.0303030303030303	0.96969696969697	G,A	0.03,0.97	0
131	Tpa_2417_1	9.31428571428571	0.177083333333333	0.0588235294117647	0.941176470588235	A,G	0.06,0.94	0
132	Tpa_2453_1	NA	0	NA	NA	T,C	NaN,NaN	NA
133	Tpa_2458_1	24.4782608695652	0.104166666666667	0.1	0.9	C,T	0.9,0.1	NA
134	Tpa_2460_1	16.5	0.0520833333333333	0	1	G,A	0,1	NA
135	Tpa_2470_1	4.70967741935484	0.09375	0	1	C,T	1,0	NA
136	Tpa_2483_1	13.3142857142857	0.208333333333333	0.125	0.875	C,T	0.88,0.12	0
137	Tpa_2498_1	12.9285714285714	0.0416666666666667	0.125	0.875	C,G	0.88,0.12	0
138	Tpa_2509_1	18.8333333333333	0.104166666666667	0.35	0.65	C,T	0.65,0.35	0
139	Tpa_2518_1	5.23529411764706	0.166666666666667	0.1875	0.8125	T,C	0.19,0.81	0
140	Tpa_2519_1	8.53333333333333	0.0416666666666667	0	1	A,T	1,0	NA
141	Tpa_2523_1	5.5	0.0208333333333333	0	1	A,G	1,0	NA
142	Tpa_2581_1	27.8666666666667	0.25	0.229166666666667	0.770833333333333	T,C	0.23,0.77	0.4
143	Tpa_2601_1	102.949152542373	0.489583333333333	0.393617021276596	0.606382978723404	T,C	0.61,0.39	0.142857142857143
144	Tpa_2608_1	28.8125	0.28125	0.111111111111111	0.888888888888889	A,C	0.89,0.11	0
145	Tpa_2636_1	9.16666666666667	0.21875	0	1	A,T	1,0	NA
146	Tpa_2639_1	16.6666666666667	0.03125	0	1	G,A	0,1	NA
147	Tpa_2664_1	6.29411764705882	0.03125	0	1	C,T	1,0	NA
148	Tpa_2702_1	18.3529411764706	0.0833333333333333	0.0625	0.9375	C,T	0.94,0.06	0
149	Tpa_2712_1	18.2608695652174	0.09375	0	1	G,A	0,1	NA
150	Tpa_2734_1	42.3783783783784	0.208333333333333	0.05	0.95	T,G	0.95,0.05	NA
151	Tpa_2741_1	9	0.0208333333333333	0.5	0.5	A,C	0.5,0.5	0
152	Tpa_2745_1	30.7560975609756	0.21875	0.0714285714285714	0.928571428571429	G,A	0.93,0.07	0
153	Tpa_2763_1	48.1470588235294	0.177083333333333	0	1	A,T	1,0	NA
154	Tpa_2845_1	1.75	0.0208333333333333	0	1	T,G	0,1	NA
155	Tpa_2854_1	8.02631578947368	0.135416666666667	0.153846153846154	0.846153846153846	C,T	0.85,0.15	0
156	Tpa_2856_1	7.65909090909091	0.270833333333333	0.269230769230769	0.730769230769231	C,T	0.73,0.27	0
157	Tpa_2861_1	23.59375	0.177083333333333	0.0294117647058824	0.970588235294118	G,A	0.03,0.97	0
158	Tpa_2868_1	8.75	0.0520833333333333	0.1	0.9	C,T	0.9,0.1	0
159	Tpa_2900_1	25.4285714285714	0.09375	0	1	G,A	0,1	NA
160	Tpa_2907_1	16	0.09375	0.333333333333333	0.666666666666667	T,C	0.33,0.67	0
161	Tpa_2961_1	16.0857142857143	0.135416666666667	0	1	A,G	1,0	NA
162	Tpa_2970_1	8	0.0416666666666667	0.375	0.625	C,T	0.62,0.38	0.333333333333333
163	Tpa_3004_1	21.4090909090909	0.114583333333333	0.0909090909090909	0.909090909090909	A,G	0.09,0.91	0
164	Tpa_3011_1	11.9166666666667	0.0520833333333333	0	1	G,A	0,1	NA
165	Tpa_3018_1	NA	0	NA	NA	G,T	NaN,NaN	NA
166	Tpa_3047_1	11.2333333333333	0.145833333333333	0.0714285714285714	0.928571428571429	C,G	0.93,0.07	NA
167	Tpa_3055_1	20.4583333333333	0.0625	0	1	T,C	1,0	NA
168	Tpa_3063_1	1.80952380952381	0.03125	0.166666666666667	0.833333333333333	A,T	0.83,0.17	0
169	Tpa_3129_1	25.7	0.09375	0	1	G,A	0,1	NA
170	Tpa_3149_1	18.695652173913	0.1875	0.111111111111111	0.888888888888889	A,G	0.89,0.11	0
171	Tpa_3193_1	NA	0	NA	NA	G,C	NaN,NaN	NA
172	Tpa_3197_1	27.3333333333333	0.135416666666667	0.0769230769230769	0.923076923076923	T,C	0.08,0.92	0
173	Tpa_3200_1	22.2173913043478	0.104166666666667	0	1	C,T	1,0	NA
174	Tpa_3248_1	25.906976744186	0.25	0.104166666666667	0.895833333333333	C,T	0.1,0.9	0.4
175	Tpa_3254_1	22.0714285714286	0.125	0	1	G,T	1,0	NA
176	Tpa_3262_1	52.6470588235294	0.40625	0.179487179487179	0.82051282051282	G,T	0.82,0.18	0.3
177	Tpa_3263_1	4.48148148148148	0.145833333333333	0.0357142857142857	0.964285714285714	A,G	0.96,0.04	0
178	Tpa_3310_1	25.3333333333333	0.145833333333333	0.107142857142857	0.892857142857143	C,T	0.89,0.11	0.333333333333333
179	Tpa_3347_1	1.66666666666667	0.0520833333333333	0.3	0.7	C,T	0.7,0.3	0
180	Tpa_3354_1	9.22	0.239583333333333	0.0434782608695652	0.956521739130435	T,C	0.04,0.96	0
181	Tpa_3364_1	22.8461538461538	0.166666666666667	0.375	0.625	A,G	0.62,0.38	0
182	Tpa_3385_1	10.7142857142857	0.0416666666666667	0	1	C,T	1,0	NA
183	Tpa_3439_1	20.1666666666667	0.0833333333333333	0	1	G,T	1,0	NA
184	Tpa_3502_1	2.5	0.0104166666666667	0	1	A,G	1,0	NA
185	Tpa_3561_1	2.09090909090909	0.0520833333333333	0	1	G,A	0,1	NA
186	Tpa_3569_1	14.2727272727273	0.0833333333333333	0	1	G,A	0,1	NA
187	Tpa_3583_1	13.6086956521739	0.0520833333333333	0	1	A,G	0,1	NA
188	Tpa_3616_1	36.5740740740741	0.3125	0	1	T,A	0,1	NA
189	Tpa_3674_1	33.3255813953488	0.21875	0.0238095238095238	0.976190476190476	G,A	0.02,0.98	0
190	Tpa_3676_1	6.76923076923077	0.0625	0	1	C,T	1,0	NA
191	Tpa_3679_1	3.72727272727273	0.03125	0.5	0.5	C,T	0.5,0.5	0
192	Tpa_3684_1	1.33333333333333	0	NA	NA	T,C	NaN,NaN	NA
193	Tpa_3705_1	19.6551724137931	0.354166666666667	0.0441176470588235	0.955882352941177	G,T	0.96,0.04	0
194	Tpa_3723_1	2.77272727272727	0.0729166666666667	0.142857142857143	0.857142857142857	A,G	0.14,0.86	0
195	Tpa_3737_1	6.44444444444444	0.0625	0.0833333333333333	0.916666666666667	G,A	0.08,0.92	0
196	Tpa_3745_1	34.5238095238095	0.1875	0.0277777777777778	0.972222222222222	G,A	0.03,0.97	0
197	Tpa_3795_1	83.4727272727273	0.4375	0.0952380952380952	0.904761904761905	G,A	0.1,0.9	0
198	Tpa_3846_1	15.2162162162162	0.15625	0.233333333333333	0.766666666666667	C,T	0.77,0.23	0
199	Tpa_3862_1	3	0.0208333333333333	0	1	T,C	0,1	NA
200	Tpa_3871_1	21.2051282051282	0.208333333333333	0.05	0.95	C,T	0.95,0.05	0
201	Tpa_3879_1	47.6363636363636	0.4375	0.0238095238095238	0.976190476190476	T,A	0.02,0.98	0.5
202	Tpa_3905_1	5.4375	0.0833333333333333	0.25	0.75	A,C	0.75,0.25	0.25
203	Tpa_3926_1	13.3103448275862	0.0520833333333333	0	1	C,T	1,0	NA
204	Tpa_3937_1	22.6086956521739	0.09375	0	1	G,A	0,1	NA
205	Tpa_3962_1	28.5641025641026	0.1875	0.0277777777777778	0.972222222222222	C,G	0.97,0.03	0
206	Tpa_3974_1	12.0869565217391	0.0625	0.333333333333333	0.666666666666667	G,T	0.33,0.67	0
207	Tpa_4020_1	29	0.125	0.208333333333333	0.791666666666667	G,A	0.21,0.79	0
208	Tpa_4021_1	23.7428571428571	0.15625	0.1	0.9	C,T	0.9,0.1	0
209	Tpa_4022_1	66.9473684210526	0.416666666666667	0.375	0.625	G,A	0.38,0.62	0.266666666666667
210	Tpa_4055_1	2	0.0729166666666667	0.142857142857143	0.857142857142857	A,C	0.86,0.14	0
211	Tpa_4077_1	9.81481481481481	0.104166666666667	0	1	A,T	1,0	NA
212	Tpa_4120_1	51.8392857142857	0.375	0.138888888888889	0.861111111111111	C,T	0.86,0.14	0.125
213	Tpa_4126_1	15.3125	0.333333333333333	0.046875	0.953125	G,C	0.95,0.05	0
214	Tpa_4137_1	13.9607843137255	0.302083333333333	0.0344827586206897	0.96551724137931	C,A	0.03,0.97	0
215	Tpa_4148_1	16.0666666666667	0.0520833333333333	0.3	0.7	A,G	0.3,0.7	0
216	Tpa_4168_1	18.5555555555556	0.0625	0	1	C,T	1,0	NA
217	Tpa_4176_1	4.89473684210526	0.0416666666666667	0	1	C,G	1,0	NA
218	Tpa_4178_1	12.1724137931034	0.114583333333333	0	1	C,T	1,0	NA
219	Tpa_4209_1	20.6875	0.15625	0	1	G,A	0,1	NA
220	Tpa_4221_1	1.5	0.0104166666666667	0.5	0.5	T,A	0.5,0.5	0
221	Tpa_4230_1	14.3888888888889	0.177083333333333	0.352941176470588	0.647058823529412	C,G	0.65,0.35	0
222	Tpa_4245_1	9.33333333333333	0.0208333333333333	0	1	G,C	0,1	NA
223	Tpa_4246_1	12.537037037037	0.239583333333333	0	1	T,C	0,1	NA
224	Tpa_4247_1	8.94285714285714	0.15625	0	1	T,A	1,0	NA
225	Tpa_4268_1	148.9	0.541666666666667	0.0192307692307692	0.980769230769231	C,G	0.98,0.02	0
226	Tpa_4291_1	35.6595744680851	0.229166666666667	0.0681818181818182	0.931818181818182	C,T	0.93,0.07	0
227	Tpa_4295_1	21.85	0.0833333333333333	0	1	C,A	0,1	NA
228	Tpa_4310_1	18.6571428571429	0.135416666666667	0.115384615384615	0.884615384615385	G,C	0.88,0.12	0
229	Tpa_4316_1	42.4411764705882	0.135416666666667	0	1	C,T	1,0	NA
230	Tpa_4353_1	59.7916666666667	0.291666666666667	0	1	G,A	0,1	NA
231	Tpa_4356_1	84.4333333333333	0.447916666666667	0.0930232558139535	0.906976744186046	C,T	0.91,0.09	0.25
232	Tpa_4380_1	24.4117647058824	0.0833333333333333	0	1	G,T	1,0	NA
233	Tpa_4384_1	41.5625	0.15625	0	1	G,A	0,1	NA
234	Tpa_4394_1	36.1935483870968	0.145833333333333	0.0357142857142857	0.964285714285714	C,T	0.96,0.04	0
235	Tpa_4416_1	20.7608695652174	0.208333333333333	0.1	0.9	G,A	0.1,0.9	0
236	Tpa_4425_1	6.53333333333333	0.09375	0	1	G,A	0,1	NA
237	Tpa_4443_1	25.3658536585366	0.208333333333333	0	1	C,T	1,0	NA
238	Tpa_4454_1	6.07142857142857	0.104166666666667	0.05	0.95	G,A	0.05,0.95	0
239	Tpa_4467_1	19.25	0.0520833333333333	0.3	0.7	G,C	0.3,0.7	0
240	Tpa_4495_1	6.05882352941176	0.0729166666666667	0.214285714285714	0.785714285714286	T,C	0.21,0.79	0
241	Tpa_4506_1	5.44444444444444	0.0208333333333333	0	1	C,G	1,0	NA
242	Tpa_4511_1	7.875	0.03125	0.333333333333333	0.666666666666667	G,A	0.33,0.67	1
243	Tpa_4549_1	12.1	0.0416666666666667	0.125	0.875	A,G	0.88,0.12	0
244	Tpa_4556_1	7.92592592592593	0.114583333333333	0	1	A,C	1,0	NA
245	Tpa_4569_1	12.7105263157895	0.25	0.229166666666667	0.770833333333333	A,C	0.77,0.23	0
246	Tpa_4582_1	17.0666666666667	0.0416666666666667	0.25	0.75	A,T	0.75,0.25	0.5
247	Tpa_4590_1	41.9545454545455	0.229166666666667	0.0227272727272727	0.977272727272727	G,T	0.98,0.02	0
248	Tpa_4591_1	21.4444444444444	0.0520833333333333	0	1	C,T	1,0	NA
249	Tpa_4592_1	18	0.166666666666667	0.0625	0.9375	G,C	0.06,0.94	0
250	Tpa_4593_1	11.6	0.145833333333333	0	1	C,T	1,0	NA
251	Tpa_4595_1	5	0.0416666666666667	0.375	0.625	G,A	0.38,0.62	0
252	Tpa_4599_1	106.068965517241	0.447916666666667	0.127906976744186	0.872093023255814	C,T	0.87,0.13	0.545454545454545
253	Tpa_4633_1	11.7	0.03125	0.166666666666667	0.833333333333333	A,C	0.17,0.83	0
254	Tpa_4637_1	2.78947368421053	0.0520833333333333	0	1	C,A	0,1	NA
255	Tpa_4668_1	8.12195121951219	0.229166666666667	0.0681818181818182	0.931818181818182	C,A	0.93,0.07	0
256	Tpa_4678_1	52.5384615384615	0.416666666666667	0.025	0.975	T,A	0.03,0.98	0
257	Tpa_4697_1	20.5263157894737	0.0833333333333333	0	1	T,C	0,1	NA
258	Tpa_4713_1	28.5833333333333	0.114583333333333	0.0909090909090909	0.909090909090909	G,A	0.09,0.91	0
259	Tpa_4731_1	11.8	0.0208333333333333	0	1	C,A	0,1	NA
260	Tpa_4747_1	13.75	0.291666666666667	0.0535714285714286	0.946428571428571	C,T	0.95,0.05	0
261	Tpa_4749_1	5.84210526315789	0.0520833333333333	0.4	0.6	G,T	0.6,0.4	0
262	Tpa_4804_1	7.85185185185185	0.0833333333333333	0.3125	0.6875	G,C	0.31,0.69	0
263	Tpa_4849_1	32.0714285714286	0.0833333333333333	0.375	0.625	T,C	0.38,0.62	0.25
264	Tpa_4885_1	9.91666666666667	0.03125	0.333333333333333	0.666666666666667	T,G	0.67,0.33	0
265	Tpa_4886_1	6.30769230769231	0.0208333333333333	0	1	A,T	1,0	NA
266	Tpa_4900_1	51.3333333333333	0.03125	0.333333333333333	0.666666666666667	C,T	0.67,0.33	0.5
267	Tpa_4920_1	1.33333333333333	0	NA	NA	G,C	NaN,NaN	NA
268	Tpa_4928_1	26.6538461538462	0.114583333333333	0.454545454545455	0.545454545454545	C,T	0.45,0.55	0.25
269	Tpa_4936_1	28.0588235294118	0.0625	0	1	C,T	1,0	NA
270	Tpa_4985_1	7.48148148148148	0.145833333333333	0.0357142857142857	0.964285714285714	A,G	0.04,0.96	0
271	Tpa_5002_1	13.1071428571429	0.09375	0.222222222222222	0.777777777777778	C,T	0.78,0.22	0
272	Tpa_5015_1	3.66666666666667	0.0208333333333333	0	1	A,G	1,0	NA
273	Tpa_5022_1	89.7678571428571	0.447916666666667	0.0232558139534884	0.976744186046512	C,T	0.98,0.02	0
274	Tpa_5057_1	21.0909090909091	0.135416666666667	0.0384615384615385	0.961538461538462	T,G	0.96,0.04	0
275	Tpa_5075_1	23.1875	0.166666666666667	0.40625	0.59375	A,G	0.59,0.41	0
276	Tpa_5104_1	94.734375	0.541666666666667	0	1	G,A	0,1	NA
277	Tpa_5106_1	12.9090909090909	0.09375	0.333333333333333	0.666666666666667	C,G	0.67,0.33	0
278	Tpa_5118_1	3.11111111111111	0.0520833333333333	0.1	0.9	C,T	0.9,0.1	0
279	Tpa_5138_1	37.7307692307692	0.177083333333333	0.0588235294117647	0.941176470588235	C,T	0.94,0.06	0
280	Tpa_5144_1	12	0.0416666666666667	0	1	T,G	0,1	NA
281	Tpa_5167_1	24.0909090909091	0.0416666666666667	0	1	C,T	1,0	NA
282	Tpa_5196_1	13.3571428571429	0.0416666666666667	0	1	G,A	0,1	NA
283	Tpa_5205_1	21.1875	0.03125	0	1	G,T	1,0	NA
284	Tpa_5206_1	5.41176470588235	0.0416666666666667	0.25	0.75	G,A	0.25,0.75	0
285	Tpa_5218_1	18.7368421052632	0.0625	0.333333333333333	0.666666666666667	C,G	0.67,0.33	0
286	Tpa_5222_1	28.75	0.0833333333333333	0.1875	0.8125	G,A	0.19,0.81	0
287	Tpa_5228_1	6.72972972972973	0.145833333333333	0.0714285714285714	0.928571428571429	C,T	0.93,0.07	0
288	Tpa_5241_1	15.5952380952381	0.177083333333333	0.0882352941176471	0.911764705882353	C,T	0.91,0.09	0
289	Tpa_5242_1	27.3111111111111	0.260416666666667	0.24	0.76	C,T	0.76,0.24	0
290	Tpa_5244_1	53	0.40625	0.128205128205128	0.871794871794872	A,C	0.87,0.13	0.1
291	Tpa_5249_1	29.5	0.114583333333333	0.227272727272727	0.772727272727273	T,C	0.77,0.23	0
292	Tpa_5270_1	1.33333333333333	0.0104166666666667	0	1	C,A	0,1	NA
293	Tpa_5278_1	20.32	0.135416666666667	0.230769230769231	0.769230769230769	G,A	0.23,0.77	NA
294	Tpa_5279_1	15.3684210526316	0.03125	0	1	C,T	1,0	NA
295	Tpa_5292_1	45.9814814814815	0.395833333333333	0.184210526315789	0.815789473684211	C,T	0.18,0.82	0.0833333333333333
296	Tpa_5298_1	26	0.197916666666667	0.131578947368421	0.868421052631579	G,A	0.13,0.87	0.2
297	Tpa_5327_1	36.5769230769231	0.322916666666667	0.032258064516129	0.967741935483871	C,G	0.97,0.03	1
298	Tpa_5360_1	10.1052631578947	0.0729166666666667	0	1	G,A	0,1	NA
299	Tpa_5361_1	14.1388888888889	0.177083333333333	0.264705882352941	0.735294117647059	A,C	0.74,0.26	0
300	Tpa_5373_1	15.9545454545455	0.0416666666666667	0.125	0.875	C,T	0.88,0.12	0
301	Tpa_5379_1	138.245901639344	0.458333333333333	0.0340909090909091	0.965909090909091	C,G	0.97,0.03	0.333333333333333
302	Tpa_5382_1	41	0.46875	0.0111111111111111	0.988888888888889	A,G	0.99,0.01	0
303	Tpa_5418_1	31.9019607843137	0.354166666666667	0.147058823529412	0.852941176470588	C,T	0.85,0.15	0
304	Tpa_5441_1	42.0666666666667	0.302083333333333	0	1	G,A	0,1	NA
305	Tpa_5445_1	41.6078431372549	0.395833333333333	0.328947368421053	0.671052631578947	T,C	0.33,0.67	0.105263157894737
306	Tpa_5446_1	19	0.15625	0.0333333333333333	0.966666666666667	G,T	0.97,0.03	0
307	Tpa_5454_1	35.725	0.197916666666667	0.394736842105263	0.605263157894737	A,G	0.39,0.61	0.0666666666666667
308	Tpa_5471_1	211.787878787879	0.46875	0.0444444444444444	0.955555555555556	G,T	0.96,0.04	0.25
309	Tpa_5485_1	4.3030303030303	0.15625	0	1	A,C	1,0	NA
310	Tpa_5501_1	18.96875	0.135416666666667	0.115384615384615	0.884615384615385	G,A	0.12,0.88	0
311	Tpa_5525_1	31.2830188679245	0.34375	0.166666666666667	0.833333333333333	T,A	0.17,0.83	0.0909090909090909
312	Tpa_5538_1	2.38888888888889	0.0520833333333333	0.3	0.7	C,T	0.3,0.7	0
313	Tpa_5540_1	26.1363636363636	0.104166666666667	0.2	0.8	A,G	0.8,0.2	0
314	Tpa_5542_1	17.5882352941176	0.0833333333333333	0.0625	0.9375	C,T	0.94,0.06	0
315	Tpa_5563_1	10.64	0.0625	0	1	G,A	0,1	NA
316	Tpa_5565_1	117.544117647059	0.510416666666667	0.23469387755102	0.76530612244898	G,T	0.77,0.23	0
317	Tpa_5570_1	7.88235294117647	0.03125	0.166666666666667	0.833333333333333	G,A	0.17,0.83	0
318	Tpa_5574_1	3.45454545454545	0.0625	0.166666666666667	0.833333333333333	C,T	0.83,0.17	0
319	Tpa_5588_1	91.390625	0.489583333333333	0.0638297872340425	0.936170212765957	C,T	0.94,0.06	0.166666666666667
320	Tpa_5594_1	10.1935483870968	0.0729166666666667	0	1	G,A	1,0	NA
321	Tpa_5601_1	32.6521739130435	0.21875	0.166666666666667	0.833333333333333	C,A	0.17,0.83	0
322	Tpa_5609_1	1.8125	0.0208333333333333	0	1	A,G	1,0	NA
323	Tpa_5623_1	38.2631578947368	0.354166666666667	0	1	C,T	1,0	NA
324	Tpa_5636_1	13.24	0.09375	0.111111111111111	0.888888888888889	A,G	0.11,0.89	0
325	Tpa_5651_1	19.4615384615385	0.09375	0.0555555555555556	0.944444444444444	T,C	0.06,0.94	0
326	Tpa_5679_1	8.63414634146342	0.166666666666667	0.03125	0.96875	G,A	0.03,0.97	0
327	Tpa_5741_1	5.57142857142857	0.114583333333333	0.0454545454545455	0.954545454545455	C,T	0.95,0.05	0
328	Tpa_5761_1	35.741935483871	0.15625	0.0333333333333333	0.966666666666667	G,A	0.03,0.97	0
329	Tpa_5774_1	36.6190476190476	0.208333333333333	0	1	T,C	0,1	NA
330	Tpa_5795_1	1	0	NA	NA	G,T	NaN,NaN	NA
331	Tpa_5796_1	31.0731707317073	0.25	0.145833333333333	0.854166666666667	A,G	0.85,0.15	0.2
332	Tpa_5823_1	68.4666666666667	0.302083333333333	0.0172413793103448	0.982758620689655	A,G	0.02,0.98	0
333	Tpa_5827_1	15.3611111111111	0.177083333333333	0.205882352941176	0.794117647058823	T,G	0.21,0.79	0
334	Tpa_5829_1	25.0967741935484	0.15625	0.2	0.8	C,T	0.8,0.2	0
335	Tpa_5838_1	52.7291666666667	0.302083333333333	0.0517241379310345	0.948275862068966	T,C	0.95,0.05	0.333333333333333
336	Tpa_5854_1	1	0	NA	NA	T,G	NaN,NaN	NA
337	Tpa_5856_1	19.8181818181818	0.135416666666667	0.230769230769231	0.769230769230769	C,T	0.23,0.77	0.5
338	Tpa_5863_1	16.6	0.15625	0.166666666666667	0.833333333333333	G,A	0.17,0.83	0
339	Tpa_5868_1	12.8888888888889	0.0520833333333333	0	1	C,G	1,0	NA
340	Tpa_5878_1	31	0.239583333333333	0.173913043478261	0.826086956521739	G,C	0.83,0.17	0.125
341	Tpa_5913_1	49.9387755102041	0.3125	0.433333333333333	0.566666666666667	G,A	0.57,0.43	0.166666666666667
342	Tpa_5917_1	34.974358974359	0.260416666666667	0.2	0.8	T,G	0.2,0.8	0.2
343	Tpa_5942_1	12.1333333333333	0.0520833333333333	0.5	0.5	G,T	0.5,0.5	0.2
344	Tpa_5951_1	8.25	0.145833333333333	0	1	T,A	0,1	NA
345	Tpa_5961_1	1.71428571428571	0.0104166666666667	0	1	T,G	0,1	NA
346	Tpa_5978_1	12	0.270833333333333	0.0192307692307692	0.980769230769231	G,A	0.02,0.98	0
347	Tpa_5980_1	13.1219512195122	0.208333333333333	0.275	0.725	T,C	0.72,0.28	0
348	Tpa_6016_1	19.9512195121951	0.208333333333333	0.2	0.8	C,T	0.8,0.2	0
349	Tpa_6076_1	17.2222222222222	0.0833333333333333	0.3125	0.6875	A,G	0.31,0.69	0
350	Tpa_6083_1	23.9622641509434	0.354166666666667	0.0588235294117647	0.941176470588235	A,G	0.94,0.06	NA
351	Tpa_6137_1	13.3870967741935	0.0729166666666667	0.214285714285714	0.785714285714286	A,G	0.21,0.79	0
352	Tpa_6139_1	28.4418604651163	0.260416666666667	0.1	0.9	C,G	0.9,0.1	0
353	Tpa_6150_1	4.15	0.104166666666667	0.2	0.8	A,G	0.8,0.2	0
354	Tpa_6158_1	29.5925925925926	0.385416666666667	0.0945945945945946	0.905405405405405	C,T	0.91,0.09	0.2
355	Tpa_6169_1	43.5185185185185	0.375	0.0416666666666667	0.958333333333333	A,G	0.04,0.96	0.333333333333333
356	Tpa_6172_1	28.7333333333333	0.208333333333333	0	1	G,A	0,1	NA
357	Tpa_6204_1	1.77777777777778	0.0416666666666667	0.125	0.875	T,C	0.12,0.88	0
358	Tpa_6220_1	38.0344827586207	0.385416666666667	0.27027027027027	0.72972972972973	A,G	0.73,0.27	0.357142857142857
359	Tpa_6222_1	15.1142857142857	0.125	0.125	0.875	G,A	0.12,0.88	0
360	Tpa_6224_1	16.695652173913	0.177083333333333	0	1	G,A	0,1	NA
361	Tpa_6265_1	9.05405405405405	0.28125	0.111111111111111	0.888888888888889	A,C	0.89,0.11	0.166666666666667
362	Tpa_6270_1	13.1739130434783	0.104166666666667	0.25	0.75	C,T	0.75,0.25	0
363	Tpa_6321_1	2.75	0.03125	0	1	G,A	1,0	NA
364	Tpa_6352_1	1.125	0	NA	NA	G,C	NaN,NaN	NA
365	Tpa_6355_1	10.3333333333333	0.09375	0.0555555555555556	0.944444444444444	T,G	0.06,0.94	0
366	Tpa_6384_1	2	0.03125	0	1	G,A	0,1	NA
367	Tpa_6385_1	9.43478260869565	0.0625	0	1	C,T	1,0	NA
368	Tpa_6388_1	6.17857142857143	0.0833333333333333	0.0625	0.9375	C,A	0.06,0.94	0
369	Tpa_6391_1	27.5294117647059	0.125	0.166666666666667	0.833333333333333	C,T	0.83,0.17	0
370	Tpa_6411_1	1.5	0	NA	NA	T,C	NaN,NaN	NA
371	Tpa_6422_1	25.7317073170732	0.28125	0	1	C,T	1,0	NA
372	Tpa_6442_1	61.6875	0.208333333333333	0.175	0.825	T,C	0.17,0.82	0.428571428571429
373	Tpa_6449_1	3.57142857142857	0.0208333333333333	0	1	T,C	0,1	NA
374	Tpa_6451_1	2.8	0.0833333333333333	0.0625	0.9375	C,A	0.06,0.94	0
375	Tpa_6453_1	14.1111111111111	0.0625	0	1	C,T	1,0	NA
376	Tpa_6487_1	12.04	0.322916666666667	0.032258064516129	0.967741935483871	A,C	0.97,0.03	0
377	Tpa_6493_1	4.36666666666667	0.114583333333333	0	1	T,C	1,0	NA
378	Tpa_6511_1	501.068181818182	0.729166666666667	0.0642857142857143	0.935714285714286	G,A	0.06,0.94	0.333333333333333
379	Tpa_6543_1	8.22222222222222	0.0520833333333333	0.1	0.9	C,T	0.9,0.1	0
380	Tpa_6562_1	26.8125	0.0520833333333333	0	1	C,T	1,0	NA
381	Tpa_6565_1	166.25	0.479166666666667	0.0326086956521739	0.967391304347826	G,A	0.03,0.97	0
382	Tpa_6586_1	13.9411764705882	0.03125	0	1	G,A	0,1	NA
383	Tpa_6591_1	16.4285714285714	0.0833333333333333	0.0625	0.9375	G,C	0.06,0.94	0
384	Tpa_6604_1	6	0.03125	0	1	C,A	0,1	NA
385	Tpa_6611_1	2	0.03125	0.166666666666667	0.833333333333333	C,T	0.83,0.17	0
386	Tpa_6630_1	14.9555555555556	0.239583333333333	0.347826086956522	0.652173913043478	C,T	0.65,0.35	0
387	Tpa_6654_1	6.60526315789474	0.1875	0.0277777777777778	0.972222222222222	G,T	0.97,0.03	0
388	Tpa_6683_1	12.6666666666667	0.0208333333333333	0	1	C,A	1,0	NA
389	Tpa_6687_1	7.41176470588235	0.03125	0	1	C,T	1,0	NA
390	Tpa_6713_1	19.8888888888889	0.0520833333333333	0	1	C,T	1,0	NA
391	Tpa_6733_1	12.3095238095238	0.177083333333333	0.0294117647058824	0.970588235294118	G,T	0.97,0.03	0
392	Tpa_6768_1	52.2	0.25	0.0208333333333333	0.979166666666667	T,C	0.02,0.98	0
393	Tpa_6773_1	25.6060606060606	0.125	0.0833333333333333	0.916666666666667	G,A	0.08,0.92	0
394	Tpa_6774_1	38.5384615384615	0.104166666666667	0	1	T,C	1,0	NA
395	Tpa_6786_1	37.2380952380952	0.125	0.125	0.875	C,T	0.88,0.12	0
396	Tpa_6814_1	29.8245614035088	0.302083333333333	0.0517241379310345	0.948275862068966	G,A	0.05,0.95	0
397	Tpa_6816_1	14.7045454545455	0.21875	0.357142857142857	0.642857142857143	T,G	0.36,0.64	0.142857142857143
398	Tpa_6853_1	11.8048780487805	0.197916666666667	0.0526315789473684	0.947368421052632	A,G	0.95,0.05	0
399	Tpa_6887_1	10.6153846153846	0.1875	0.0277777777777778	0.972222222222222	C,T	0.97,0.03	0
400	Tpa_6922_1	15.5666666666667	0.145833333333333	0.107142857142857	0.892857142857143	T,G	0.89,0.11	0
401	Tpa_6937_1	70.75	0.385416666666667	0	1	A,G	1,0	NA
402	Tpa_6963_1	39.3111111111111	0.239583333333333	0	1	C,T	1,0	NA
403	Tpa_6973_1	45.4528301886792	0.260416666666667	0.12	0.88	C,T	0.88,0.12	0
404	Tpa_7007_1	6.83333333333333	0.03125	0.333333333333333	0.666666666666667	A,G	0.33,0.67	NA
405	Tpa_7010_1	44.5365853658537	0.1875	0.0277777777777778	0.972222222222222	T,C	0.03,0.97	0
406	Tpa_7018_1	15.6315789473684	0.0833333333333333	0.25	0.75	G,C	0.75,0.25	0
407	Tpa_7052_1	51.063829787234	0.40625	0.0256410256410256	0.974358974358974	A,T	0.97,0.03	0
408	Tpa_7058_1	15.7209302325581	0.177083333333333	0.0294117647058824	0.970588235294118	C,T	0.97,0.03	0
409	Tpa_7062_1	27.4102564102564	0.229166666666667	0.113636363636364	0.886363636363636	C,T	0.89,0.11	0.2
410	Tpa_7080_1	32.3333333333333	0.197916666666667	0	1	G,C	0,1	NA
411	Tpa_7082_1	25.2105263157895	0.0729166666666667	0.285714285714286	0.714285714285714	G,A	0.29,0.71	0
412	Tpa_7090_1	28.925	0.28125	0.12962962962963	0.87037037037037	T,C	0.13,0.87	0
413	Tpa_7153_1	3.9	0.0833333333333333	0	1	G,A	1,0	NA
414	Tpa_7157_1	27.72	0.135416666666667	0.230769230769231	0.769230769230769	T,G	0.77,0.23	0
415	Tpa_7201_1	55.3508771929825	0.385416666666667	0.175675675675676	0.824324324324324	G,A	0.18,0.82	0.153846153846154
416	Tpa_7204_1	22.0967741935484	0.125	0	1	G,A	0,1	NA
417	Tpa_7210_1	16.53125	0.125	0.0833333333333333	0.916666666666667	T,A	0.08,0.92	0
418	Tpa_7213_1	98.258064516129	0.427083333333333	0	1	T,G	0,1	NA
419	Tpa_7221_1	11.2631578947368	0.125	0.291666666666667	0.708333333333333	G,A	0.29,0.71	0
420	Tpa_7240_1	24.3148148148148	0.333333333333333	0.0625	0.9375	T,C	0.06,0.94	0.75
421	Tpa_7289_1	14.96	0.0729166666666667	0	1	C,T	1,0	NA
422	Tpa_7291_1	12.2857142857143	0.03125	0.333333333333333	0.666666666666667	A,G	0.67,0.33	NA
423	Tpa_7293_1	3.92857142857143	0.0416666666666667	0	1	A,C	1,0	NA
424	Tpa_7331_1	1.33333333333333	0	NA	NA	G,T	NaN,NaN	NA
425	Tpa_7348_1	11.051724137931	0.34375	0.0454545454545455	0.954545454545455	A,T	0.95,0.05	0
426	Tpa_7352_1	2	0	NA	NA	G,A	NaN,NaN	NA
427	Tpa_7367_1	38.3725490196078	0.333333333333333	0.09375	0.90625	G,A	0.09,0.91	0
428	Tpa_7375_1	28.3953488372093	0.229166666666667	0.204545454545455	0.795454545454545	C,T	0.8,0.2	0
429	Tpa_7406_1	2	0	NA	NA	G,A	NaN,NaN	NA
430	Tpa_7413_1	47.1428571428571	0.0416666666666667	0	1	T,C	0,1	NA
431	Tpa_7417_1	25.9166666666667	0.09375	0	1	G,A	0,1	NA
432	Tpa_7425_1	26.2884615384615	0.34375	0.0606060606060606	0.939393939393939	G,A	0.06,0.94	0
433	Tpa_7447_1	1.72222222222222	0.03125	0	1	G,A	0,1	NA
434	Tpa_7450_1	NA	0	NA	NA	A,C	NaN,NaN	NA
435	Tpa_7452_1	60.88	0.364583333333333	0.114285714285714	0.885714285714286	C,G	0.89,0.11	0
436	Tpa_7454_1	32.2352941176471	0.114583333333333	0.136363636363636	0.863636363636364	T,G	0.86,0.14	0
437	Tpa_7461_1	30.5909090909091	0.104166666666667	0	1	T,C	0,1	NA
438	Tpa_7477_1	20.8611111111111	0.197916666666667	0.236842105263158	0.763157894736842	C,T	0.76,0.24	0.111111111111111
439	Tpa_7479_1	63.2075471698113	0.3125	0.0666666666666667	0.933333333333333	G,A	0.07,0.93	0
440	Tpa_7483_1	48.0816326530612	0.25	0.0625	0.9375	G,A	0.06,0.94	0
441	Tpa_7495_1	26	0.322916666666667	0.0483870967741935	0.951612903225806	C,A	0.05,0.95	0
442	Tpa_7533_1	55.8490566037736	0.427083333333333	0.121951219512195	0.878048780487805	A,G	0.88,0.12	0.125
443	Tpa_7540_1	38.4444444444444	0.104166666666667	0	1	G,T	1,0	NA
444	Tpa_7553_1	45.6296296296296	0.34375	0.121212121212121	0.878787878787879	T,C	0.88,0.12	0
445	Tpa_7560_1	25.2608695652174	0.229166666666667	0.0454545454545455	0.954545454545455	T,C	0.05,0.95	0
446	Tpa_7566_1	99.0508474576271	0.427083333333333	0.109756097560976	0.890243902439024	C,T	0.89,0.11	0
447	Tpa_7567_1	96.3157894736842	0.416666666666667	0.3875	0.6125	A,G	0.61,0.39	0.260869565217391
448	Tpa_7571_1	55.4	0.385416666666667	0.202702702702703	0.797297297297297	G,A	0.2,0.8	0
449	Tpa_7586_1	107.87323943662	0.520833333333333	0.23	0.77	A,C	0.23,0.77	0
450	Tpa_7594_1	516.178571428571	0.677083333333333	0.107692307692308	0.892307692307692	T,G	0.89,0.11	0.285714285714286
451	Tpa_7597_1	259.763888888889	0.541666666666667	0.00961538461538462	0.990384615384615	T,G	0.01,0.99	0
452	Tpa_7601_1	NA	0	NA	NA	C,A	NaN,NaN	NA
453	Tpa_7604_1	216.545454545455	0.40625	0	1	C,T	1,0	NA
454	Tpa_7605_1	47.4	0.166666666666667	0.34375	0.65625	A,G	0.66,0.34	0.111111111111111
455	Tpa_7615_1	18.7714285714286	0.135416666666667	0	1	C,G	1,0	NA
456	Tpa_7652_1	203.301369863014	0.552083333333333	0.0660377358490566	0.933962264150943	G,A	0.07,0.93	0.285714285714286
457	Tpa_7653_1	214.125	0.572916666666667	0.318181818181818	0.681818181818182	C,T	0.32,0.68	0.347826086956522
458	Tpa_7657_1	49.3488372093023	0.21875	0	1	G,A	0,1	NA
459	Tpa_7665_1	1	0	NA	NA	A,T	NaN,NaN	NA
460	Tpa_7686_1	285	0.520833333333333	0.34	0.66	A,C	0.34,0.66	0.571428571428571
461	Tpa_7690_1	126.338461538462	0.520833333333333	0.08	0.92	T,G	0.92,0.08	0.25
462	Tpa_7691_1	11.030303030303	0.09375	0.277777777777778	0.722222222222222	T,G	0.28,0.72	1
463	Tpa_7703_1	47.1692307692308	0.40625	0.0384615384615385	0.961538461538462	G,T	0.96,0.04	0
464	Tpa_7757_1	1	0	NA	NA	A,T	NaN,NaN	NA
465	Tpa_7764_1	31.5	0.302083333333333	0.206896551724138	0.793103448275862	C,A	0.21,0.79	0.166666666666667
466	Tpa_7765_1	7.16	0.09375	0	1	A,T	0,1	NA
467	Tpa_7769_1	18.9090909090909	0.0520833333333333	0	1	C,T	0,1	NA
468	Tpa_7772_1	2	0	NA	NA	A,G	NaN,NaN	NA
469	Tpa_7798_1	32.3170731707317	0.21875	0.142857142857143	0.857142857142857	C,T	0.86,0.14	0
470	Tpa_7799_1	10.7083333333333	0.0625	0.0833333333333333	0.916666666666667	A,G	0.92,0.08	0
471	Tpa_7805_1	7.5	0.125	0.0833333333333333	0.916666666666667	G,A	0.08,0.92	0
472	Tpa_7807_1	20.3333333333333	0.104166666666667	0	1	C,T	1,0	NA
473	Tpa_7814_1	29.8857142857143	0.208333333333333	0.075	0.925	C,T	0.92,0.07	0
474	Tpa_7825_1	39.6551724137931	0.385416666666667	0	1	G,A	0,1	NA
475	Tpa_7848_1	8.66666666666667	0.177083333333333	0	1	T,C	1,0	NA
476	Tpa_7910_1	14.9411764705882	0.166666666666667	0.15625	0.84375	C,T	0.84,0.16	0.2
