	90763_231A_S1_L001_R1_001	90763_232A_S2_L001_R1_001	90763_236A_S3_L001_R1_001	90763_237A_S4_L001_R1_001	90763_238A_S5_L001_R1_001	90768_005A_S6_L001_R1_001	90768_009A_S7_L001_R1_001	90768_014A_S8_L001_R1_001	90768_015A_S9_L001_R1_001	90768_018A_S10_L001_R1_001	90768_027A_S11_L001_R1_001	90768_029A_S12_L001_R1_001	90768_034A_S13_L001_R1_001	90768_040A_S14_L001_R1_001	90768_042A_S15_L001_R1_001	90768_044A_S16_L001_R1_001	90768_054A_S17_L001_R1_001	90768_055A_S18_L001_R1_001	90768_056A_S19_L001_R1_001	90768_057A_S20_L001_R1_001	90768_061A_S21_L001_R1_001	90768_064A_S22_L001_R1_001	90768_067A_S23_L001_R1_001	90768_075A_S24_L001_R1_001	90768_076A_S25_L001_R1_001	90768_077A_S26_L001_R1_001	90768_078A_S27_L001_R1_001	90768_083A_S28_L001_R1_001	90768_084A_S29_L001_R1_001	90768_088A_S30_L001_R1_001	90768_090A_S31_L001_R1_001	90768_104A_S32_L001_R1_001
Tpa_0010_1	25,0	5,5	4,0	13,0	25,0	4,0	0,0	0,0	6,0	3,0	3,3	2,0	2,1	3,0	5,4	5,2	0,0	46,0	1,0	15,8	0,0	0,0	15,0	7,0	1,1	1,0	7,1	0,0	0,0	0,0	0,0	0,0
Tpa_0012_1	0,17	0,1	0,15	0,2	0,1	0,1	0,0	0,0	0,0	0,0	0,2	0,1	0,1	0,1	0,0	0,0	0,0	0,4	0,1	0,2	0,0	0,0	0,0	0,2	0,2	0,0	0,2	0,1	0,0	0,0	0,0	0,0
Tpa_0024_1	0,0	0,0	0,0	0,0	0,0	0,0	0,0	0,0	0,0	0,0	0,0	0,0	0,0	0,0	0,0	0,0	0,0	0,0	0,0	0,0	0,0	0,0	0,0	0,0	0,0	0,0	0,0	0,0	0,0	0,0	0,0	0,0
Tpa_0035_1	0,24	0,3	19,6	0,2	0,10	0,4	0,0	0,0	0,3	0,1	0,3	0,0	1,0	0,2	0,6	0,3	0,0	0,14	0,1	4,2	0,0	0,0	0,0	0,8	0,1	0,2	0,5	0,1	0,0	0,0	0,0	0,0
Tpa_0037_1	3,2	0,0	0,0	5,0	12,13	0,0	0,0	0,0	2,0	0,1	0,0	1,0	0,0	0,1	2,0	0,0	1,0	2,3	0,0	3,0	0,0	0,0	0,1	4,0	0,0	0,0	1,0	0,0	0,0	0,0	0,0	0,0
Tpa_0095_1	0,18	0,1	0,4	0,0	0,0	0,3	0,0	0,0	0,0	0,0	0,0	0,1	0,0	0,0	0,0	0,1	0,0	0,0	0,0	0,2	1,0	0,0	0,1	0,0	0,1	0,0	0,0	0,0	0,0	0,0	0,0	0,0
Tpa_0151_1	1,217	0,22	0,65	0,1	0,7	0,101	0,0	0,0	0,0	0,1	0,12	0,26	0,3	0,2	0,2	0,23	0,0	0,8	0,0	5,6	0,0	0,2	0,3	0,4	0,0	0,1	0,0	0,3	0,0	0,0	0,0	0,0
Tpa_0183_1	27,25	2,0	38,0	2,0	5,0	2,1	0,0	0,0	1,0	0,0	1,0	0,0	2,0	0,1	0,0	6,0	0,0	3,0	1,0	1,0	0,0	0,0	0,0	1,0	0,0	0,0	0,0	1,0	0,0	0,0	0,0	0,0
Tpa_0186_1	0,24	0,3	0,12	0,2	0,7	0,2	0,0	0,0	0,2	0,0	0,2	0,0	0,0	0,1	0,1	0,4	0,0	0,5	0,0	0,2	0,0	0,1	0,2	0,3	0,0	0,0	0,0	0,0	0,0	0,0	0,0	0,0
Tpa_0215_1	0,0	0,0	0,0	0,0	0,0	0,0	0,0	0,0	0,0	0,0	0,0	0,0	0,0	0,0	0,0	0,0	0,0	0,0	0,0	0,0	0,0	0,0	0,0	0,0	0,0	0,0	0,0	0,0	0,0	0,0	0,0	0,0
Tpa_0226_1	0,36	0,14	1,0	0,49	0,128	0,7	0,2	0,0	0,17	0,2	0,23	0,7	1,0	0,6	0,12	0,2	0,1	1,67	1,0	0,24	0,3	0,9	0,22	0,28	0,5	0,2	0,17	0,0	0,0	0,1	0,0	0,0
Tpa_0228_1	0,6	0,10	0,2	0,51	0,68	0,1	0,0	0,0	0,7	0,0	3,3	0,3	0,1	0,2	0,4	0,5	0,1	0,22	0,2	0,8	0,0	0,12	0,2	0,4	0,2	0,0	0,5	0,2	0,0	0,0	0,0	0,0
Tpa_0263_1	85,0	6,0	39,37	8,8	0,43	9,7	0,0	0,1	8,0	0,0	0,7	4,3	2,0	2,2	0,17	0,28	0,0	0,67	0,0	0,12	0,0	0,7	0,2	0,35	6,0	0,1	0,9	0,0	0,0	0,0	0,0	0,0
Tpa_0269_1	0,20	2,2	0,1	0,0	0,5	0,0	0,0	0,0	0,0	0,0	0,1	0,1	0,0	0,1	0,0	1,0	0,0	0,2	0,0	2,0	0,0	0,0	1,0	3,0	0,0	0,0	0,0	0,0	0,0	0,0	0,0	0,0
Tpa_0272_1	1,0	0,0	0,0	2,0	2,0	0,0	0,0	0,0	1,0	0,0	1,0	1,0	0,0	0,0	0,0	1,0	0,0	1,2	0,0	0,0	0,0	0,0	0,0	0,0	0,0	0,0	0,0	0,0	0,0	0,0	0,0	0,0
Tpa_0301_1	64,0	7,0	32,0	0,0	2,0	23,0	0,0	0,0	0,0	0,0	1,0	3,0	1,0	0,0	0,0	5,0	0,0	8,0	0,0	0,0	0,0	0,0	0,0	0,0	1,0	0,0	0,0	0,0	0,0	0,0	0,0	0,0
Tpa_0342_1	25,21	2,0	10,12	0,0	6,0	11,0	0,0	0,0	1,0	0,0	1,0	2,1	0,0	2,0	4,0	1,0	0,0	3,0	0,0	6,0	0,0	0,0	0,3	3,0	0,0	0,0	1,0	0,0	0,0	0,0	0,0	0,0
Tpa_0346_1	146,0	20,0	54,0	7,0	31,0	87,0	0,0	0,0	10,0	1,2	22,0	34,0	1,0	13,0	7,0	34,0	1,0	49,0	1,0	15,0	0,0	1,1	3,2	27,0	3,0	1,0	4,2	0,0	0,0	0,0	0,0	0,0
Tpa_0358_1	24,0	2,0	23,0	2,0	9,0	3,0	0,0	0,0	1,0	0,0	1,0	1,0	0,0	1,0	1,0	3,0	0,0	15,0	0,0	2,0	0,0	1,0	3,0	5,0	0,0	0,0	4,0	0,0	0,0	0,0	0,0	0,0
Tpa_0366_1	5,0	0,0	1,0	1,0	1,0	0,0	0,0	0,0	0,0	0,0	0,0	0,0	0,0	0,0	0,0	0,0	0,0	0,0	0,0	0,0	0,0	0,0	0,0	0,0	0,0	0,0	0,0	0,0	0,0	0,0	0,0	0,0
Tpa_0367_1	42,0	2,0	30,0	2,0	6,0	3,0	0,0	0,0	2,0	0,0	5,0	2,0	2,0	1,0	1,0	3,0	2,0	7,0	1,0	3,0	1,0	0,0	2,0	6,0	1,0	1,0	5,0	0,0	0,0	0,0	0,0	0,0
Tpa_0371_1	2,0	0,0	0,0	0,0	0,0	0,0	0,0	0,0	0,0	0,0	0,0	0,0	0,0	0,0	0,0	0,0	0,0	2,0	0,0	0,0	0,0	0,0	0,0	0,0	0,0	0,0	0,0	0,0	0,0	0,0	0,0	0,0
Tpa_0395_1	0,1	0,0	0,1	0,0	0,0	0,0	0,0	0,0	0,0	0,0	0,0	0,0	0,0	0,0	0,0	0,0	0,0	0,0	0,0	0,0	0,0	0,0	0,0	0,0	0,0	0,0	0,0	0,0	0,0	0,0	0,0	0,0
Tpa_0409_1	1,0	1,0	0,0	0,0	0,0	0,0	0,0	0,0	0,0	0,0	0,0	0,0	0,0	0,0	0,0	0,0	0,0	0,1	0,0	0,0	0,0	0,0	0,0	0,0	0,1	0,0	0,0	0,0	0,0	0,0	0,0	0,0
Tpa_0427_1	0,207	33,0	21,34	1,3	74,1	0,35	0,0	0,0	5,5	6,0	18,0	39,0	0,1	23,0	6,3	37,12	2,0	0,34	2,0	11,4	1,0	0,2	14,7	0,32	4,4	1,0	0,11	0,0	1,0	0,0	0,0	0,0
Tpa_0429_1	0,16	0,0	0,0	0,0	0,0	0,1	0,0	0,0	0,1	0,0	0,0	0,0	0,0	0,0	0,0	0,0	0,0	0,3	0,0	0,0	0,0	0,0	0,0	0,0	0,1	0,0	0,0	0,0	0,0	0,0	0,0	0,0
Tpa_0438_1	3,5	0,1	0,4	0,3	0,13	0,0	0,0	0,0	0,6	0,0	0,2	0,0	0,0	0,1	0,1	0,2	0,0	0,11	2,0	0,1	0,0	0,0	0,2	0,2	0,1	0,0	0,2	0,0	0,0	0,0	0,0	0,0
Tpa_0439_1	2,0	0,0	0,0	0,0	1,0	0,0	0,0	0,0	0,0	0,0	0,0	0,0	0,0	0,0	0,0	0,0	0,0	0,0	1,0	0,0	0,0	0,0	0,0	0,0	0,0	0,0	0,0	0,0	0,0	0,0	0,0	0,0
Tpa_0474_1	0,0	2,0	0,0	4,0	6,0	0,0	0,0	0,0	0,0	0,0	1,0	0,0	0,0	0,0	1,0	1,0	0,0	7,0	0,0	1,0	1,0	1,0	0,0	1,0	1,0	0,0	2,0	0,0	0,0	0,0	0,0	0,0
Tpa_0492_1	1,0	1,0	1,0	0,0	1,0	0,0	0,0	0,0	1,0	0,0	0,0	0,0	0,0	0,0	0,0	0,0	0,0	1,0	0,0	0,0	0,0	0,0	0,0	0,0	0,0	0,0	0,0	0,0	0,0	0,0	0,0	0,0
Tpa_0500_1	0,2	0,0	10,0	2,0	0,0	0,0	0,0	0,0	0,0	0,0	2,0	0,0	0,0	0,0	0,0	0,0	0,0	0,0	0,0	0,0	0,0	0,0	0,1	0,0	0,0	0,0	0,0	0,0	0,0	0,0	0,0	0,0
Tpa_0540_1	0,127	19,13	0,65	23,23	80,63	9,17	0,0	0,0	0,21	0,3	0,26	7,3	0,10	0,11	0,14	0,18	0,1	0,71	2,2	21,19	0,4	0,12	18,10	0,52	1,0	4,0	10,7	0,1	0,0	0,0	0,0	0,0
Tpa_0547_1	0,3	0,0	0,0	0,0	0,1	0,0	0,0	0,0	0,0	0,0	0,0	0,0	0,0	0,0	0,0	0,0	0,0	0,0	0,0	0,0	0,0	0,0	0,0	0,1	0,0	0,0	0,0	0,0	0,0	0,0	0,0	0,0
Tpa_0556_1	123,0	13,0	130,0	32,0	85,0	59,0	0,0	0,0	10,0	1,0	27,0	20,0	4,0	7,0	15,0	46,0	2,0	104,0	4,0	16,0	0,0	11,0	24,0	44,0	6,0	1,0	10,0	0,0	0,0	0,0	0,0	0,0
Tpa_0569_1	0,0	0,0	0,1	0,0	0,0	0,0	0,0	0,0	0,0	0,0	0,0	0,0	0,0	0,0	0,0	0,0	0,0	0,0	0,0	0,0	0,0	0,0	0,0	0,0	0,0	0,0	0,0	0,0	0,0	0,0	0,0	0,0
Tpa_0592_1	50,0	3,0	5,5	0,0	1,0	5,0	0,0	0,0	0,0	0,0	2,0	1,0	0,0	1,0	0,0	2,0	0,0	1,0	0,0	0,0	0,0	0,0	0,0	0,1	0,0	0,0	0,0	0,0	0,0	0,0	0,0	0,0
Tpa_0650_1	0,147	0,1	0,2	0,3	0,15	0,1	0,0	0,0	0,1	0,0	0,2	0,7	0,0	0,2	0,2	0,0	0,0	0,8	0,0	0,0	0,0	0,1	0,5	0,7	0,1	0,0	0,0	0,0	0,0	0,0	0,0	0,0
Tpa_0671_1	1,0	0,0	3,0	0,0	0,0	1,0	0,0	0,0	0,0	0,0	0,0	0,0	0,0	0,0	0,0	0,0	0,0	1,0	0,0	0,0	0,0	0,0	0,0	1,0	0,0	0,0	0,0	0,0	0,0	0,0	0,0	0,0
Tpa_0678_1	0,1	0,4	0,0	0,0	0,5	0,0	0,0	0,0	0,0	0,0	0,0	0,0	0,0	0,1	0,0	0,0	0,0	0,9	0,0	0,4	0,22	0,2	0,2	0,3	0,1	0,0	0,2	0,0	0,0	0,0	0,0	0,0
Tpa_0730_1	55,61	0,8	0,45	0,5	9,15	0,23	0,0	0,0	0,2	1,0	0,10	0,9	0,4	0,2	3,7	0,27	0,2	17,11	0,0	0,9	0,2	0,1	0,8	14,0	0,5	0,0	0,10	0,0	0,0	0,0	0,0	0,0
Tpa_0743_1	0,161	0,17	0,60	0,15	0,68	0,41	0,0	0,0	0,4	0,3	0,13	0,36	0,4	0,6	0,14	0,22	0,2	0,57	0,3	0,22	0,0	0,4	0,17	0,29	0,1	0,1	0,16	0,0	0,0	0,0	0,0	0,0
Tpa_0763_1	0,0	0,0	0,0	0,0	0,0	0,0	0,0	0,0	0,0	0,0	0,0	0,0	0,0	0,0	0,0	0,0	0,0	0,0	0,0	0,0	0,0	0,0	0,0	0,0	0,0	0,0	0,0	0,0	0,0	0,0	0,0	0,0
Tpa_0768_1	0,105	0,39	0,65	0,100	0,186	0,32	0,3	0,0	0,9	0,7	0,44	0,6	0,6	0,12	0,7	0,26	0,0	1,64	1,8	0,54	0,3	0,14	0,22	0,68	0,12	0,2	0,23	0,1	0,0	0,1	0,0	0,0
Tpa_0826_1	5,11	0,9	0,13	0,2	0,15	0,5	0,0	0,1	1,0	0,0	0,4	0,0	0,0	0,4	2,0	0,3	0,0	0,16	0,2	0,5	0,0	1,0	0,7	0,9	0,0	0,1	0,3	0,0	0,0	0,0	0,0	0,0
Tpa_0866_1	111,0	3,14	26,0	0,0	3,0	13,0	0,0	1,0	0,0	0,0	1,0	2,6	1,0	1,0	2,0	1,0	0,0	4,0	1,0	0,0	0,0	0,0	1,0	3,0	0,1	0,0	1,0	1,0	0,0	0,0	0,0	0,0
Tpa_0868_1	3,0	2,0	0,0	0,0	4,0	0,0	0,0	0,0	0,0	0,0	2,0	0,0	0,0	1,1	0,0	1,0	0,1	2,0	0,0	0,0	0,0	0,0	0,0	0,0	0,0	0,0	0,0	0,0	0,0	0,0	0,0	0,0
Tpa_0882_1	3,0	2,0	1,0	6,0	1,2	1,0	0,0	0,0	4,0	0,0	0,2	0,0	1,0	0,0	1,0	0,0	1,1	8,6	0,0	0,0	0,0	0,0	3,0	5,2	0,0	0,0	0,0	0,0	0,0	0,0	0,0	0,0
Tpa_0888_1	0,1	0,0	0,0	0,0	0,0	0,0	0,0	0,0	0,0	0,0	0,0	0,0	0,0	0,0	0,0	0,0	0,0	0,0	0,0	0,0	0,0	0,0	0,0	0,1	0,0	0,0	0,0	0,0	0,0	0,0	0,0	0,0
Tpa_0895_1	0,28	0,1	0,9	0,0	0,7	0,8	0,0	0,0	0,1	0,0	0,4	0,1	0,0	0,1	0,1	0,3	0,0	0,9	0,0	0,3	0,0	0,1	0,3	0,2	0,0	0,0	0,0	0,0	0,0	0,0	0,0	0,0
Tpa_0905_1	4,0	0,0	0,0	0,0	1,0	0,0	0,0	0,0	0,0	0,0	1,0	0,0	0,0	0,0	0,0	0,0	0,0	1,0	0,0	0,0	0,0	0,0	0,0	0,0	0,0	0,0	0,0	0,0	0,0	0,0	0,0	0,0
Tpa_0912_1	0,2	0,5	0,0	0,14	0,37	0,1	0,0	0,0	0,3	0,0	0,1	0,0	0,1	0,0	0,5	0,2	0,0	0,22	0,0	0,3	0,0	0,1	0,5	0,10	0,0	0,0	0,2	0,0	0,0	0,0	0,0	0,0
Tpa_0929_1	0,0	0,0	0,1	0,0	0,1	0,0	0,0	0,0	0,1	0,0	0,2	0,0	0,0	0,0	0,0	0,0	0,0	0,2	0,0	0,0	0,0	0,0	0,0	0,0	0,0	0,0	0,0	0,0	0,0	0,0	0,0	0,0
Tpa_0936_1	105,0	15,0	45,0	3,0	0,0	0,0	0,0	0,0	5,0	3,0	14,0	11,0	0,0	3,0	5,0	5,0	0,0	18,1	1,0	7,0	0,0	0,3	6,0	9,0	0,0	1,0	0,0	0,0	0,0	0,0	0,0	0,0
Tpa_0953_1	293,0	23,0	72,0	6,4	93,0	94,0	0,0	0,0	9,8	3,0	43,0	35,0	10,0	7,0	7,0	29,0	1,1	56,0	4,0	18,0	0,1	4,0	16,0	19,16	2,0	2,0	5,0	0,0	0,0	0,0	0,0	0,0
Tpa_0970_1	0,0	0,0	0,0	1,0	0,0	0,0	0,0	0,0	0,0	0,0	0,0	0,0	0,0	0,0	0,0	0,0	0,0	0,0	0,0	0,0	0,0	0,0	0,0	0,0	0,0	0,0	0,0	0,0	0,0	0,0	0,0	0,0
Tpa_0973_1	0,0	0,0	0,0	0,0	0,0	0,0	0,0	0,0	0,0	0,0	0,0	0,0	0,0	0,0	0,0	0,0	0,0	0,0	0,0	0,1	0,0	0,0	0,0	0,0	0,0	0,0	0,0	0,0	0,0	0,0	0,0	0,0
Tpa_0979_1	1,1	0,0	0,0	0,0	0,0	0,0	0,0	0,0	0,0	0,0	0,0	0,0	0,0	0,0	0,0	0,0	0,0	0,0	0,0	0,0	0,0	0,0	0,0	0,0	0,0	0,0	0,0	0,0	0,0	0,0	0,0	0,0
Tpa_1007_1	11,10	0,0	10,0	0,0	3,0	3,0	0,0	0,0	1,0	0,0	0,0	1,0	0,0	0,0	0,0	1,0	0,0	0,2	0,1	0,0	0,0	0,0	0,0	0,0	0,0	0,0	0,0	0,0	0,0	0,0	0,0	0,0
Tpa_1022_1	0,0	0,0	0,0	0,0	0,0	0,0	0,0	0,0	0,0	0,0	0,0	0,0	0,0	0,0	0,0	0,0	0,0	0,0	0,0	0,0	0,0	0,0	0,0	0,0	0,0	0,0	0,0	0,0	0,0	0,0	0,0	0,0
Tpa_1042_1	0,1	0,0	0,0	0,0	0,0	0,0	0,0	0,0	0,0	0,0	0,0	0,0	0,0	0,0	0,0	0,0	0,0	0,0	0,0	0,0	0,0	0,0	0,0	0,0	0,0	0,0	0,0	0,0	0,0	0,0	0,0	0,0
Tpa_1071_1	20,0	0,0	6,13	0,0	0,0	3,0	0,0	0,0	2,0	0,0	1,0	1,0	1,0	0,0	0,0	1,0	0,0	6,0	0,0	0,0	0,0	0,0	0,0	3,2	0,0	0,0	1,0	0,0	0,0	0,0	0,0	0,0
Tpa_1077_1	4,0	0,0	2,0	0,0	0,0	1,0	0,0	0,0	0,0	0,0	0,0	0,0	0,0	0,0	0,0	0,0	0,0	0,0	0,0	0,0	0,0	0,1	0,0	0,0	0,0	0,0	0,0	0,0	0,0	0,0	0,0	0,0
Tpa_1082_1	88,0	6,0	4,0	0,0	2,1	18,0	0,0	1,0	0,0	0,0	0,0	4,1	0,0	0,1	0,0	1,0	1,0	0,0	1,0	0,0	0,0	0,0	0,0	2,0	0,0	0,0	0,1	0,0	0,0	0,0	0,0	0,0
Tpa_1098_1	1,0	0,0	0,0	0,0	1,0	0,0	0,0	0,0	0,0	0,0	0,0	0,0	0,0	0,0	0,0	0,0	0,0	0,0	0,0	0,0	0,0	0,0	0,0	0,0	0,0	0,0	0,0	0,0	0,0	0,0	0,0	0,0
Tpa_1112_1	0,0	0,0	0,0	0,0	0,0	0,0	0,0	0,0	0,0	0,0	0,0	0,0	0,0	0,0	0,0	0,0	0,0	0,0	0,0	0,0	0,0	0,0	0,0	0,0	0,0	0,0	0,0	0,0	0,0	0,0	0,0	0,0
Tpa_1136_1	0,0	0,0	0,0	0,0	0,0	0,0	0,0	0,0	0,0	0,0	0,0	0,0	0,0	0,0	0,0	0,0	0,0	0,0	0,0	0,0	0,0	0,0	0,0	0,0	0,0	0,0	0,0	0,0	0,0	0,0	0,0	0,0
Tpa_1144_1	0,0	0,0	0,0	0,0	0,0	0,0	0,0	0,0	0,0	0,0	0,0	0,0	0,0	0,0	0,0	0,0	0,0	0,0	0,0	0,0	0,0	0,0	0,0	0,0	0,0	0,0	0,0	0,0	0,0	0,0	0,0	0,0
Tpa_1154_1	0,0	0,0	0,0	0,0	0,0	0,0	0,0	0,0	0,0	0,0	0,0	0,0	0,0	0,0	0,0	0,0	0,0	0,0	0,0	0,0	0,0	0,0	0,0	0,0	0,0	0,0	0,0	0,0	0,0	0,0	0,0	0,0
Tpa_1156_1	0,0	0,0	0,0	0,0	0,0	0,0	0,0	0,0	0,0	0,0	0,0	0,0	0,0	0,0	0,0	0,0	0,0	0,0	0,0	0,0	0,0	0,0	0,0	0,0	0,0	0,0	0,0	0,0	0,0	0,0	0,0	0,0
Tpa_1187_1	11,0	1,2	6,0	2,1	11,0	1,0	0,0	0,0	4,0	0,0	0,0	3,0	1,0	0,0	1,0	3,0	0,0	9,0	0,0	3,0	0,0	0,0	1,0	5,0	1,0	0,0	1,0	1,0	0,0	0,0	0,0	0,0
Tpa_1268_1	0,4	0,0	0,0	0,0	0,0	0,0	0,0	0,0	0,0	0,0	0,0	0,0	0,0	0,0	0,0	0,1	0,0	0,0	0,0	0,1	0,0	0,0	0,0	0,0	0,0	0,0	0,0	0,0	0,0	0,0	0,0	0,0
Tpa_1290_1	20,0	0,0	9,0	0,0	4,0	8,0	0,0	0,0	1,0	1,0	1,0	1,0	1,0	0,0	1,0	2,0	0,0	1,3	0,0	2,0	0,0	1,0	1,0	2,0	1,0	2,0	1,0	0,0	0,0	0,0	0,0	0,0
Tpa_1304_1	0,0	0,0	0,0	0,0	0,0	0,0	0,0	0,0	0,0	0,0	0,0	0,0	0,0	0,0	0,0	0,0	0,0	0,0	0,0	0,0	0,0	0,0	0,0	0,0	0,0	0,0	0,0	0,0	0,0	0,0	0,0	0,0
Tpa_1305_1	0,0	0,0	0,0	0,0	0,0	0,0	0,0	0,0	0,0	0,0	0,0	0,0	0,0	0,0	0,0	0,0	0,0	0,0	0,0	0,0	0,0	0,0	0,0	0,0	0,0	0,0	0,0	0,0	0,0	0,0	0,0	0,0
Tpa_1310_1	2,0	0,0	10,0	0,0	4,0	2,0	0,0	0,0	0,0	0,0	0,0	0,0	0,0	0,0	0,0	0,0	0,0	0,0	0,0	0,0	0,0	0,0	0,0	1,0	0,0	0,0	0,0	0,0	0,0	0,0	0,0	0,0
Tpa_1312_1	358,1	46,0	141,0	6,0	69,0	66,0	0,0	0,0	13,0	7,0	21,0	23,0	3,0	8,0	22,0	89,0	0,0	82,0	1,0	9,0	3,0	15,0	35,0	44,1	5,0	2,2	25,0	3,0	0,0	1,0	0,0	0,0
Tpa_1320_1	0,0	0,0	0,0	0,0	0,0	0,0	0,0	0,0	0,0	0,140	0,1	0,426	0,0	0,1	0,0	0,0	0,0	0,0	0,0	0,0	0,0	0,183	0,0	0,1	0,0	0,32	0,83	0,0	0,0	0,0	0,0	0,0
Tpa_1341_1	4,0	0,0	1,0	0,0	0,0	1,0	0,0	0,0	0,0	0,0	0,0	0,0	0,0	0,0	0,0	0,0	0,0	0,0	0,0	0,0	0,0	0,0	0,0	0,0	0,0	0,0	0,0	0,0	0,0	0,0	0,0	0,0
Tpa_1357_1	0,4	0,0	0,1	0,0	0,0	0,0	0,0	0,0	0,0	0,0	0,0	0,0	0,0	0,0	0,0	0,0	0,0	0,0	0,0	0,0	0,0	0,0	0,0	0,1	0,0	0,0	0,1	0,0	0,0	0,0	0,0	0,0
Tpa_1359_1	189,0	50,63	41,0	473,0	665,0	81,0	1,0	4,0	148,0	14,11	87,107	84,0	62,0	70,0	126,0	128,0	6,7	389,1	26,19	249,1	6,2	73,0	136,0	233,0	43,0	16,0	86,1	12,0	1,0	1,0	0,0	1,0
Tpa_1394_1	25,30	0,9	14,20	14,8	22,25	0,9	0,0	0,1	0,2	2,0	0,15	2,2	3,1	0,12	0,2	0,8	0,2	0,41	0,2	0,17	0,1	0,5	0,15	0,20	0,0	0,0	6,5	0,1	0,0	0,1	0,0	0,0
Tpa_1443_1	0,21	3,6	7,0	3,10	3,8	2,6	0,0	0,0	0,1	1,0	0,4	2,3	0,0	4,3	5,1	0,10	0,0	0,12	0,0	3,2	0,0	0,2	4,6	0,12	0,0	0,0	0,2	0,0	0,0	0,0	0,0	0,0
Tpa_1486_1	0,1	0,0	0,1	0,0	0,1	0,1	0,0	0,0	0,0	0,0	0,0	0,0	0,0	0,0	0,0	0,0	0,0	0,0	0,0	0,0	0,0	0,0	0,1	0,0	0,0	0,0	0,0	0,0	0,0	0,0	0,0	0,0
Tpa_1515_1	8,0	5,0	2,0	1,3	7,0	2,0	0,0	0,0	2,0	2,0	2,0	0,1	0,0	0,0	0,0	1,0	0,0	2,11	1,0	4,0	0,0	0,0	2,0	2,0	1,0	0,0	1,0	0,0	0,0	0,0	0,0	0,0
Tpa_1528_1	1,0	3,0	0,0	1,2	5,0	2,0	1,0	0,0	2,0	0,0	4,0	0,0	0,0	0,0	1,0	2,0	0,0	6,2	2,0	7,0	0,0	2,0	3,0	2,3	0,0	0,0	1,1	0,0	0,0	0,0	0,0	0,0
Tpa_1542_1	2,0	0,0	0,0	0,0	0,0	0,0	0,0	0,0	0,0	0,0	0,0	1,0	0,0	0,0	0,0	0,0	0,0	0,0	0,0	0,0	0,0	0,0	0,0	0,0	0,0	0,0	0,0	0,0	0,0	0,0	0,0	0,0
Tpa_1548_1	28,24	0,20	0,81	15,14	35,14	12,8	0,0	0,0	3,2	0,6	0,9	0,19	0,11	0,5	0,11	0,20	0,0	33,24	0,0	13,22	1,0	4,3	0,5	9,6	0,0	0,0	0,11	0,1	0,0	0,0	0,0	0,0
Tpa_1550_1	20,0	0,0	8,0	0,0	0,0	2,0	0,0	0,0	1,0	0,0	0,0	0,0	0,0	0,0	0,0	0,0	0,0	3,0	0,0	0,0	0,0	0,0	0,0	2,0	1,0	0,0	0,0	0,0	0,0	0,0	0,0	0,0
Tpa_1585_1	75,0	5,0	19,20	0,0	2,0	8,0	0,0	0,0	0,0	0,0	2,0	1,0	0,0	1,0	2,0	4,3	0,0	1,0	0,0	0,0	1,0	1,0	3,0	2,0	3,0	0,0	0,0	0,0	0,0	0,0	0,0	0,0
Tpa_1593_1	1,24	0,3	0,27	0,4	10,7	2,3	0,0	0,0	0,2	0,0	1,0	0,2	0,1	0,1	0,2	0,3	0,0	8,2	0,0	3,5	0,1	0,0	2,0	2,0	0,0	0,0	0,0	0,0	0,0	0,0	0,0	0,0
Tpa_1606_1	0,518	0,100	0,196	0,197	0,393	0,302	0,2	0,4	0,123	18,13	0,187	0,106	8,19	33,46	0,98	0,246	0,14	0,377	1,20	0,151	0,5	0,83	0,159	0,302	0,38	0,10	0,107	0,8	0,0	1,0	0,0	0,0
Tpa_1638_1	7,2	0,0	9,0	3,0	2,0	2,0	0,0	0,0	3,0	0,0	3,0	5,0	0,0	0,0	1,0	3,0	0,0	5,3	0,0	2,0	0,0	0,0	0,0	4,0	0,0	0,0	4,0	0,0	0,0	0,0	0,0	0,0
Tpa_1646_1	193,0	52,0	151,0	39,0	77,0	12,0	0,0	0,0	2,0	2,0	2,0	7,0	10,0	11,0	2,0	53,0	0,0	88,0	0,0	37,0	1,0	6,0	33,0	8,0	6,0	0,0	1,0	1,0	0,0	0,0	0,0	1,0
Tpa_1662_1	0,6	0,0	2,3	0,0	0,0	0,0	0,0	0,0	0,0	0,0	0,0	0,0	0,0	0,1	0,0	0,0	0,0	0,0	0,0	0,0	0,0	0,0	0,0	0,1	0,0	0,0	0,0	0,0	0,0	0,0	0,0	0,0
Tpa_1678_1	10,0	1,0	0,0	0,0	0,0	0,0	0,0	0,0	0,0	1,0	0,0	0,0	0,0	0,0	0,0	2,0	0,0	2,0	0,0	0,0	0,0	0,0	0,0	0,0	0,0	0,0	0,0	0,0	0,0	0,0	0,0	0,0
Tpa_1689_1	0,0	0,0	2,0	0,0	0,0	0,0	0,0	0,0	0,0	0,0	0,0	0,0	0,0	0,0	0,0	0,0	0,0	0,0	0,0	0,0	0,0	0,0	0,0	0,0	0,0	0,0	0,0	0,0	0,0	0,0	0,0	0,0
Tpa_1703_1	0,0	0,0	0,0	0,0	0,0	1,0	0,0	0,0	0,0	0,0	0,0	0,0	0,0	0,0	0,0	0,0	0,0	0,0	0,0	0,0	0,0	0,0	0,0	0,0	0,0	0,0	0,0	0,0	0,0	0,0	0,0	0,0
Tpa_1731_1	1,360	0,32	0,104	0,24	0,89	0,81	0,1	0,2	0,7	0,5	0,27	0,37	0,10	0,18	0,27	0,42	0,5	29,42	0,10	0,32	0,4	0,9	0,25	0,42	0,5	0,6	0,19	0,0	0,0	0,0	0,0	0,0
Tpa_1774_1	0,0	0,0	0,0	0,0	0,0	0,0	0,0	0,0	0,0	0,0	0,0	0,0	0,0	0,0	0,0	0,0	0,0	0,0	0,0	0,0	0,0	0,0	0,0	0,0	0,0	0,0	0,0	0,0	0,0	0,0	0,0	0,0
Tpa_1775_1	3,0	0,0	0,0	0,0	1,0	23,525	0,0	4,0	18,207	0,0	3,0	1,0	0,0	179,3	188,0	450,2	47,0	0,0	69,0	377,2	1,0	0,0	773,0	512,1	0,0	29,0	137,0	0,0	0,0	7,0	0,0	0,0
Tpa_1818_1	8,0	2,0	4,0	0,1	0,7	3,0	0,0	1,0	0,0	0,0	2,0	0,0	0,0	0,0	2,0	0,1	0,0	9,0	0,0	1,1	0,0	0,1	4,0	3,2	0,0	0,0	1,0	0,0	0,0	0,0	0,0	0,0
Tpa_1831_1	30,0	1,0	19,0	0,0	3,0	6,0	0,0	0,0	0,0	0,0	0,0	5,0	0,0	0,0	0,0	1,0	0,0	3,0	0,0	1,0	0,0	0,0	2,0	0,0	0,0	0,0	0,0	0,0	0,0	0,0	0,0	0,0
Tpa_1832_1	16,14	19,0	13,0	41,0	104,0	6,0	0,0	0,0	6,0	2,0	9,6	1,0	1,0	2,5	2,0	6,0	1,0	64,0	3,0	8,0	4,0	4,0	8,0	23,0	2,0	0,0	6,0	0,0	0,0	0,0	0,0	0,0
Tpa_1843_1	79,0	8,0	24,12	6,0	17,0	30,0	0,0	0,0	4,0	1,0	9,0	8,0	2,0	4,0	4,0	10,0	0,0	0,1	0,0	5,0	0,0	2,0	4,0	10,0	1,0	0,0	1,0	0,0	0,0	0,0	0,0	0,0
Tpa_1891_1	0,108	0,6	0,92	0,7	0,27	0,23	0,0	0,0	0,1	0,1	0,10	0,9	0,1	0,1	0,8	0,8	0,1	0,18	0,0	2,3	0,0	0,2	0,5	0,11	0,1	0,0	0,0	0,0	0,0	0,0	0,0	0,0
Tpa_1896_1	0,23	0,4	0,19	0,14	0,23	0,7	0,0	0,1	0,0	0,0	0,2	0,1	0,1	0,1	0,2	2,4	0,0	0,26	0,2	0,10	0,2	0,0	0,7	0,16	0,2	0,0	0,3	0,0	0,0	0,0	0,0	0,0
Tpa_1917_1	3,0	0,0	0,0	0,0	0,0	0,0	0,0	0,0	0,0	0,0	0,0	0,0	0,0	0,0	0,0	0,0	0,0	0,0	0,0	0,0	0,0	0,0	0,0	0,0	0,0	0,0	0,0	0,0	0,0	0,0	0,0	0,0
Tpa_1930_1	17,19	0,2	0,36	1,0	9,0	0,11	0,0	0,0	0,0	0,1	2,0	0,4	2,0	0,0	0,0	3,0	0,0	3,5	0,0	0,2	0,0	0,0	0,4	1,2	0,0	0,0	0,5	0,0	0,0	0,0	0,0	0,0
Tpa_1966_1	0,0	0,0	0,0	0,0	0,0	0,0	0,0	0,0	0,0	0,0	0,0	0,0	0,0	0,0	0,0	0,0	0,0	0,0	0,0	0,0	0,0	0,0	0,0	0,0	0,0	0,0	0,0	0,0	0,0	0,0	0,0	0,0
Tpa_2006_1	4,0	0,0	0,2	0,0	0,0	1,0	0,0	0,0	0,0	0,0	0,0	0,0	0,0	0,0	0,0	0,0	0,0	0,0	0,0	0,0	0,0	0,0	0,0	0,0	0,0	0,0	0,0	0,0	0,0	0,0	0,0	0,0
Tpa_2010_1	13,0	1,0	4,0	2,0	2,0	1,0	0,0	0,0	0,0	0,0	1,0	1,0	0,0	0,0	0,0	3,0	1,0	3,0	0,0	0,0	0,0	1,0	2,0	3,0	0,0	1,0	2,0	0,0	0,0	0,0	0,0	0,0
Tpa_2021_1	0,0	0,0	0,0	0,0	0,0	0,0	0,0	0,0	0,0	0,0	0,0	0,0	0,0	0,0	0,0	0,0	0,0	0,0	0,0	0,0	0,0	0,0	0,0	0,0	0,0	0,0	0,0	0,0	0,0	0,0	0,0	0,0
Tpa_2034_1	4,0	0,0	0,0	0,0	0,0	0,0	0,0	0,0	0,0	0,0	0,0	0,0	0,0	0,0	0,0	0,0	0,0	2,0	1,0	0,0	0,0	0,0	0,0	0,0	0,0	0,0	0,0	0,0	0,0	0,0	0,0	0,0
Tpa_2040_1	7,2	0,1	0,4	0,0	0,3	0,2	0,0	0,0	0,0	0,1	0,0	0,0	0,0	0,0	0,0	0,1	0,0	0,2	0,0	0,0	0,0	0,0	0,0	0,2	0,0	0,0	0,1	0,0	0,0	0,0	0,0	0,0
Tpa_2041_1	0,2	0,0	0,2	0,1	0,1	0,0	0,0	0,0	0,0	0,0	0,1	0,0	0,0	0,0	0,0	0,2	0,0	0,1	0,0	0,0	0,0	0,0	0,0	0,2	0,0	0,0	0,0	0,0	0,0	0,0	0,0	0,0
Tpa_2073_1	0,37	4,4	0,14	0,2	0,20	0,5	0,0	0,0	0,1	0,0	0,7	0,0	0,0	0,1	3,3	0,3	1,1	0,20	0,1	0,5	0,0	0,0	0,2	0,10	0,1	0,0	2,2	0,1	0,0	0,0	0,0	0,0
Tpa_2076_1	0,31	2,4	0,26	0,1	0,30	0,12	0,0	0,0	2,1	0,0	7,2	0,2	0,0	0,3	3,2	0,1	0,1	0,33	0,1	0,5	0,0	0,0	0,2	0,17	0,1	0,1	0,10	0,1	0,0	0,0	0,0	0,0
Tpa_2096_1	8,10	0,3	0,12	0,1	1,6	0,2	0,0	0,0	0,0	0,0	0,1	0,0	0,0	0,1	0,0	0,1	0,0	0,6	0,0	0,3	0,0	0,0	2,1	0,1	0,0	0,0	0,0	0,1	0,0	1,0	0,0	0,0
Tpa_2128_1	0,0	0,0	0,0	0,0	0,0	0,0	0,0	0,0	0,0	0,0	0,0	0,0	0,0	0,0	0,0	0,0	0,0	0,0	0,0	0,0	0,0	0,0	0,0	0,0	0,0	0,0	0,0	0,0	0,0	0,0	0,0	0,0
Tpa_2157_1	172,0	30,0	122,0	11,0	53,1	53,0	0,0	0,0	4,0	2,0	9,0	7,0	4,0	2,0	6,0	18,14	1,0	67,0	1,0	23,0	0,0	2,0	17,0	30,0	2,0	1,0	14,0	1,0	0,0	0,0	0,0	0,0
Tpa_2180_1	0,8	0,1	0,6	0,2	0,4	0,0	0,0	0,0	0,0	0,1	0,2	0,0	0,0	0,0	0,0	0,1	0,0	0,5	0,0	0,0	0,0	0,0	0,1	0,1	0,1	0,0	0,0	0,0	0,0	0,0	0,0	0,0
Tpa_2194_1	0,3	1,0	3,0	0,0	0,2	1,0	0,0	0,0	0,0	0,0	0,0	0,0	1,0	0,0	0,0	0,0	0,0	2,1	0,0	0,1	0,0	0,0	0,1	0,2	0,0	0,0	0,0	0,0	0,0	0,0	0,0	0,0
Tpa_2207_1	104,0	2,0	68,0	8,0	33,0	66,0	0,0	0,0	3,0	2,0	5,0	10,0	2,0	0,0	3,0	30,0	1,0	24,0	0,0	3,0	0,0	3,0	3,4	6,0	1,0	0,0	2,0	0,0	0,0	0,0	0,0	0,0
Tpa_2254_1	9,0	0,0	0,6	0,0	3,0	0,0	0,0	0,0	0,0	0,0	0,0	0,0	1,0	0,0	0,0	1,1	0,0	1,0	0,0	0,1	0,0	0,0	0,0	0,0	0,0	0,0	0,0	0,0	0,0	0,0	0,0	0,0
Tpa_2278_1	0,18	0,0	0,13	0,0	0,1	5,4	0,0	0,0	0,0	0,0	1,0	0,1	0,0	0,0	0,0	2,0	0,0	2,2	0,0	1,0	0,0	0,0	0,0	0,0	0,0	0,0	0,1	0,0	0,0	0,0	0,0	0,0
Tpa_2334_1	0,0	0,0	0,0	0,0	0,0	0,0	0,0	0,0	0,0	0,0	0,0	0,0	0,0	0,0	0,0	0,0	0,0	0,0	0,0	0,0	0,0	0,0	0,0	0,0	0,0	0,0	0,0	0,0	0,0	0,0	0,0	0,0
Tpa_2344_1	146,124	0,18	1,161	0,3	19,0	0,57	0,0	0,0	0,6	0,1	0,13	0,11	3,1	0,9	0,6	0,5	0,0	0,27	0,2	0,23	0,0	0,1	7,8	0,8	1,1	0,0	0,7	0,1	0,0	0,2	0,0	0,0
Tpa_2353_1	103,0	9,0	60,0	23,0	29,26	23,0	0,0	0,0	7,0	3,0	2,3	7,0	2,1	0,3	5,0	1,6	1,0	59,0	0,0	10,0	1,0	2,1	8,0	29,0	4,0	0,0	14,0	1,0	0,0	0,0	0,0	0,0
Tpa_2368_1	0,4	0,0	0,1	0,0	0,0	0,2	0,0	0,0	0,0	0,0	0,0	0,2	0,0	0,0	0,0	0,0	0,0	0,1	0,0	0,0	0,0	0,0	0,1	0,1	0,0	0,0	0,1	0,0	0,0	0,0	0,0	0,0
Tpa_2412_1	0,206	0,84	0,163	0,136	0,329	0,141	0,2	0,2	0,115	0,29	56,79	0,42	0,33	28,22	0,96	2,144	0,9	0,284	0,18	0,147	0,13	0,51	0,92	0,190	0,42	0,6	0,27	0,3	0,0	0,1	0,0	0,0
Tpa_2417_1	0,43	0,0	1,9	3,3	0,13	0,1	0,0	0,0	0,3	0,1	0,1	0,1	0,0	0,1	0,5	0,1	0,1	0,6	0,1	0,3	0,1	0,0	0,2	0,6	0,1	0,1	0,1	0,0	0,0	0,0	0,0	0,0
Tpa_2453_1	0,0	0,0	0,0	0,0	0,0	0,0	0,0	0,0	0,0	0,0	0,0	0,0	0,0	0,0	0,0	0,0	0,0	0,0	0,0	0,0	0,0	0,0	0,0	0,0	0,0	0,0	0,0	0,0	0,0	0,0	0,0	0,0
Tpa_2458_1	2,0	0,0	1,0	0,0	0,0	0,0	0,0	0,0	0,0	0,0	0,0	0,0	0,0	0,0	0,0	0,0	0,0	0,0	0,0	0,0	0,0	0,0	0,0	0,0	0,0	0,0	0,0	0,0	0,0	0,0	0,0	0,0
Tpa_2460_1	0,6	0,2	0,41	0,1	0,5	0,4	0,0	0,0	0,0	0,0	1,0	0,1	0,2	0,0	0,0	0,1	0,0	0,12	0,0	0,1	0,0	0,0	0,2	0,6	0,0	0,0	0,0	0,0	0,0	0,0	0,0	0,0
Tpa_2470_1	17,0	6,0	10,0	10,0	23,0	2,0	0,0	0,0	5,0	2,0	6,0	2,0	0,0	4,0	6,0	4,0	2,0	29,0	0,0	7,0	0,0	1,0	3,0	18,0	1,0	1,0	6,0	0,0	0,0	0,0	0,0	0,0
Tpa_2483_1	107,0	3,7	37,36	5,1	30,0	43,0	0,0	1,0	5,0	0,0	13,0	10,0	0,0	2,4	6,0	23,0	0,0	28,0	1,0	2,4	1,0	2,0	8,0	20,0	2,0	0,0	7,0	0,0	0,0	0,0	0,0	0,0
Tpa_2498_1	2,0	0,0	2,0	0,0	0,0	0,0	0,0	0,0	0,0	0,0	1,0	0,0	0,0	0,0	0,1	1,0	0,0	2,0	0,0	0,0	0,0	0,0	0,0	1,0	0,0	0,0	0,0	0,0	0,0	0,0	0,0	0,0
Tpa_2509_1	3,1	0,0	0,2	1,0	0,1	0,0	0,0	0,0	0,0	0,0	1,0	0,0	0,0	0,1	0,0	0,0	0,0	1,0	0,0	0,0	0,0	0,0	0,0	0,0	0,0	0,0	0,0	0,0	0,0	0,0	0,0	0,0
Tpa_2518_1	13,11	0,20	0,16	0,44	42,38	0,7	0,0	0,2	4,4	5,0	0,17	0,8	0,1	0,2	2,8	0,6	0,0	34,35	0,4	10,7	1,1	0,8	0,6	0,24	0,0	1,0	7,5	0,0	0,0	0,0	0,0	0,0
Tpa_2519_1	8,0	1,0	0,0	0,0	3,0	1,0	0,0	0,0	0,0	0,0	0,0	0,0	1,0	0,0	0,0	0,0	1,0	1,0	0,0	1,0	0,0	0,0	0,0	1,0	0,0	0,0	0,0	0,0	0,0	0,0	0,0	0,0
Tpa_2523_1	2,0	0,0	3,0	1,0	3,0	0,0	0,0	0,0	0,0	0,0	2,0	0,0	0,0	0,0	1,0	0,0	0,0	1,0	0,0	0,0	0,0	0,0	0,0	0,0	0,0	0,0	0,0	0,0	0,0	0,0	0,0	0,0
Tpa_2581_1	0,83	0,8	11,65	0,5	0,30	0,32	0,0	0,0	0,1	0,4	1,4	0,1	0,1	0,0	0,4	2,0	0,0	0,14	0,0	0,8	0,1	0,0	0,4	2,0	0,3	0,0	1,0	0,0	0,0	0,0	0,0	0,0
Tpa_2601_1	0,794	22,16	223,0	36,1	117,0	232,1	0,0	0,0	5,11	0,6	43,0	0,59	8,5	17,14	12,13	25,41	0,5	115,0	13,0	68,0	2,7	6,6	13,23	26,38	6,6	2,3	0,54	1,0	0,0	1,0	0,0	0,0
Tpa_2608_1	212,0	18,0	99,0	9,8	23,25	68,0	0,0	1,0	1,3	2,0	6,5	12,0	2,0	3,1	13,0	19,0	1,0	50,0	3,0	28,0	2,1	5,0	9,0	10,0	4,0	1,0	4,5	0,0	0,0	0,0	0,0	0,0
Tpa_2636_1	42,0	45,0	15,0	64,0	109,0	12,0	1,0	0,0	37,0	2,0	44,0	4,0	7,0	8,0	36,0	17,0	0,0	121,0	1,0	44,0	2,0	13,0	22,0	42,0	4,0	2,0	20,0	2,0	0,0	1,0	0,0	0,0
Tpa_2639_1	0,2	0,0	0,1	0,0	0,1	0,0	0,0	0,0	0,0	0,0	0,0	0,0	0,0	0,0	0,0	0,1	0,0	1,0	0,0	0,0	0,0	0,0	0,0	0,1	0,0	0,0	0,0	0,0	0,0	0,0	0,0	0,0
Tpa_2664_1	11,0	1,0	3,0	1,0	8,0	3,0	0,0	0,0	2,0	1,0	2,3	1,0	0,0	0,0	1,0	3,0	0,0	11,0	1,0	2,0	0,0	2,0	6,0	6,0	0,0	0,0	0,0	0,0	0,0	0,0	0,0	0,0
Tpa_2702_1	1,0	0,0	0,0	0,0	0,0	0,0	0,0	0,0	0,0	0,0	0,0	0,0	0,0	0,0	0,0	0,0	0,0	0,0	0,0	0,0	0,0	0,0	1,0	0,0	0,0	0,0	0,0	0,0	0,0	0,0	0,0	0,0
Tpa_2712_1	0,2	0,0	0,0	0,0	0,0	0,0	0,0	0,0	0,0	0,0	0,0	0,0	0,0	0,0	0,0	0,0	0,0	0,0	0,0	0,0	0,0	0,0	0,0	0,0	0,0	0,0	0,0	0,0	0,0	0,0	0,0	0,0
Tpa_2734_1	12,0	0,0	2,0	0,0	0,0	1,0	0,0	0,0	0,23	0,0	0,0	1,0	0,0	0,0	0,0	0,0	0,4	0,0	1,0	0,0	0,0	0,0	0,0	0,0	0,0	1,0	0,0	0,0	0,0	0,0	0,0	0,0
Tpa_2741_1	0,0	0,0	0,0	0,0	0,0	0,0	0,0	0,0	0,0	0,0	0,0	0,0	0,0	0,0	0,0	0,0	0,0	0,0	0,0	0,0	0,0	0,0	0,0	0,0	0,0	0,0	0,0	0,0	0,0	0,0	0,0	0,0
Tpa_2745_1	23,0	3,0	21,0	0,0	2,0	9,0	1,0	0,0	0,0	0,0	2,0	2,0	0,0	1,0	0,0	4,0	0,0	2,0	0,0	2,1	0,0	0,0	4,0	0,0	0,0	0,0	0,0	0,0	0,0	0,0	0,0	0,0
Tpa_2763_1	29,0	3,0	13,0	0,0	2,0	10,0	0,0	0,0	0,0	0,0	0,0	1,0	0,0	1,0	0,0	3,0	0,0	4,0	0,0	0,0	0,0	0,0	1,0	0,0	0,0	0,0	1,0	0,0	0,0	0,0	0,0	0,0
Tpa_2845_1	0,0	0,1	0,1	0,10	0,15	0,0	0,0	0,0	0,2	0,0	0,3	0,0	0,1	0,1	0,0	0,0	0,0	0,9	0,0	0,4	0,0	0,0	0,1	1,0	0,0	0,0	0,0	0,0	0,0	0,0	0,0	0,0
Tpa_2854_1	102,0	0,3	10,0	8,0	7,0	2,10	0,0	0,0	5,0	0,0	1,0	4,0	0,0	1,2	4,0	0,3	1,0	10,0	0,0	6,0	0,0	3,0	2,3	9,0	1,0	0,0	2,0	0,0	0,0	0,0	0,0	0,0
Tpa_2856_1	22,0	24,0	2,2	70,0	117,0	5,3	0,0	0,0	9,2	4,0	18,0	2,0	3,0	8,1	14,0	0,8	2,0	54,25	4,0	29,0	1,0	7,0	12,0	35,1	0,0	0,0	14,0	1,0	0,0	1,0	0,0	0,0
Tpa_2861_1	0,78	0,3	0,60	0,4	6,12	0,32	0,0	0,0	0,2	0,3	3,0	0,3	0,0	0,0	2,1	0,20	0,0	0,12	0,1	0,8	0,0	1,2	0,4	0,11	0,3	0,1	0,3	0,0	0,0	0,0	0,0	0,0
Tpa_2868_1	10,0	7,0	26,0	3,0	9,5	5,4	0,0	0,0	4,0	0,0	3,0	1,0	2,0	0,0	2,0	19,0	0,0	26,0	0,0	3,0	0,0	2,2	1,2	6,0	0,0	0,0	2,0	0,0	0,0	1,0	0,0	0,0
Tpa_2900_1	0,3	0,0	0,2	0,0	0,0	0,1	0,0	0,0	0,0	0,0	0,0	0,0	0,0	0,0	0,0	0,0	0,0	0,0	0,0	0,0	0,0	0,0	0,0	0,1	0,0	0,0	0,0	0,0	0,0	0,0	0,0	0,0
Tpa_2907_1	21,17	0,1	10,8	0,2	3,0	0,2	0,0	0,0	0,2	0,0	2,1	0,4	0,0	0,0	0,4	1,0	0,1	0,8	0,1	0,1	0,0	0,2	0,0	3,1	0,1	0,0	0,0	0,0	0,0	0,0	0,0	0,0
Tpa_2961_1	0,0	3,0	35,0	10,0	10,0	7,0	0,0	0,0	0,0	0,0	1,0	0,0	0,0	4,0	0,0	0,0	0,0	17,0	0,0	5,0	1,0	6,0	3,0	12,0	0,0	0,0	1,0	0,0	0,0	0,0	0,0	0,0
Tpa_2970_1	2,0	1,0	2,0	2,0	2,0	0,0	0,0	0,0	0,0	0,0	1,0	1,0	0,0	0,0	0,0	1,0	0,0	1,1	0,0	0,0	0,0	0,0	0,0	1,0	0,0	0,0	0,0	0,0	0,0	0,0	0,0	0,0
Tpa_3004_1	0,8	1,0	0,3	0,0	0,0	0,2	0,0	0,0	0,0	0,0	0,0	0,1	0,0	0,0	0,0	0,0	0,0	0,0	0,0	0,0	0,0	0,0	0,0	0,1	0,0	0,0	0,1	0,0	0,0	0,0	0,0	0,0
Tpa_3011_1	0,13	0,1	0,15	0,1	0,4	0,6	0,0	0,0	0,1	0,0	0,2	0,2	0,0	0,0	2,1	0,8	0,0	0,8	0,0	0,2	0,0	0,2	0,1	0,4	0,0	0,0	0,1	0,0	0,0	0,0	0,0	0,0
Tpa_3018_1	0,0	0,0	0,0	0,0	0,0	0,0	0,0	0,0	0,0	0,0	0,0	0,0	0,0	0,0	0,0	0,0	0,0	0,0	0,0	0,0	0,0	0,0	0,0	0,0	0,0	0,0	0,0	0,0	0,0	0,0	0,0	0,0
Tpa_3047_1	91,0	15,0	14,0	1,0	6,0	43,0	0,0	0,0	2,0	0,0	3,0	38,0	11,0	1,21	2,0	16,0	0,0	9,0	3,0	2,0	0,0	5,0	1,0	4,0	0,0	0,0	2,0	0,0	0,0	0,0	0,0	0,0
Tpa_3055_1	2,0	0,0	1,0	0,0	1,0	2,0	0,0	0,0	0,0	0,0	0,0	0,0	0,0	0,0	0,0	0,0	0,0	0,0	0,0	0,0	0,0	0,0	0,0	0,0	0,0	0,0	0,0	0,0	0,0	0,0	0,0	0,0
Tpa_3063_1	1,1	0,0	1,0	0,4	6,3	1,0	0,0	0,0	1,0	0,0	4,0	1,0	2,0	0,0	1,0	0,0	0,0	6,0	0,0	2,0	0,0	0,1	0,0	0,2	0,0	1,0	2,0	0,0	0,0	0,0	0,0	0,0
Tpa_3129_1	0,0	0,0	0,0	0,0	0,0	0,1	0,0	0,0	0,0	0,0	0,0	0,0	0,0	0,0	0,0	0,0	0,0	0,0	0,0	0,0	0,0	0,0	0,1	0,0	0,0	0,0	0,0	0,0	0,0	0,0	0,0	0,0
Tpa_3149_1	10,0	0,0	8,0	1,0	1,0	1,0	0,0	0,0	1,0	0,0	2,0	0,1	1,0	0,0	0,0	4,0	0,0	2,0	0,0	1,0	0,0	0,0	0,0	4,0	0,0	0,0	3,0	0,0	0,0	0,0	0,0	0,0
Tpa_3193_1	0,0	0,0	0,0	0,0	0,0	0,0	0,0	0,0	0,0	0,0	0,0	0,0	0,0	0,0	0,0	0,0	0,0	0,0	0,0	0,0	0,0	0,0	0,0	0,0	0,0	0,0	0,0	0,0	0,0	0,0	0,0	0,0
Tpa_3197_1	0,20	0,0	0,10	0,0	0,0	0,1	0,0	0,0	0,1	0,0	0,1	0,0	0,0	0,0	0,0	0,1	0,0	0,0	0,0	0,1	0,0	0,0	0,0	0,0	0,0	0,0	0,1	0,1	0,0	0,0	0,0	0,0
Tpa_3200_1	0,0	0,0	1,0	0,0	0,0	1,0	0,0	0,0	0,0	0,0	0,0	0,0	0,0	0,0	1,0	0,0	0,0	2,0	0,0	0,0	0,0	0,0	0,0	0,0	0,0	0,0	0,0	0,0	0,0	0,0	0,0	0,0
Tpa_3248_1	0,182	0,0	0,3	0,1	0,14	0,42	0,0	0,0	0,0	0,0	0,0	0,24	0,4	0,0	0,0	0,0	0,1	0,1	0,3	0,9	0,0	0,0	0,7	0,0	0,0	0,0	0,0	0,1	0,0	0,0	0,0	0,0
Tpa_3254_1	7,0	0,0	2,0	0,0	0,0	0,0	0,0	0,0	0,0	0,0	2,0	1,0	0,0	0,0	1,0	0,0	0,0	0,0	0,0	0,0	0,0	0,0	0,0	1,0	1,0	0,0	0,0	0,0	0,0	0,0	0,0	0,0
Tpa_3262_1	281,0	16,18	41,32	5,0	38,0	129,0	0,0	1,1	0,1	2,0	0,9	35,0	7,0	4,0	4,0	17,0	0,0	28,0	4,0	4,8	0,0	2,0	1,4	4,4	0,2	1,0	1,3	0,0	0,0	0,0	0,0	0,0
Tpa_3263_1	12,0	18,0	12,0	53,0	80,0	7,0	0,0	0,0	6,0	2,0	4,0	4,0	0,0	4,0	10,0	6,0	0,0	49,0	2,0	12,0	0,0	7,0	11,0	14,0	1,0	1,0	5,4	0,0	0,0	0,0	0,0	0,0
Tpa_3310_1	20,10	3,0	7,0	0,0	0,0	2,0	0,0	0,0	0,0	0,0	1,0	1,0	0,0	0,0	0,0	1,0	0,0	4,0	0,0	1,0	0,0	0,0	0,0	0,0	0,1	0,0	0,0	0,0	0,0	0,0	0,0	0,0
Tpa_3347_1	1,0	5,0	3,0	22,0	15,23	3,0	0,0	0,0	3,0	3,0	7,6	1,0	0,0	0,0	4,0	2,0	0,0	12,0	0,0	2,3	1,0	0,5	0,4	4,1	0,1	0,0	2,0	1,0	0,0	0,0	0,0	0,0
Tpa_3354_1	0,31	0,20	0,27	0,57	0,113	0,25	0,0	0,1	0,3	0,3	0,25	0,4	0,1	6,6	0,16	0,15	0,1	0,103	0,4	0,34	0,0	0,8	0,14	0,35	0,10	0,1	0,20	2,1	0,0	0,0	0,0	0,0
Tpa_3364_1	0,20	1,0	10,14	1,1	0,3	4,0	0,0	0,0	1,0	0,0	0,1	2,0	2,0	0,0	0,1	0,1	0,0	10,0	0,0	2,0	0,0	1,0	1,0	4,0	0,1	0,0	0,0	0,0	0,0	0,0	0,0	0,0
Tpa_3385_1	0,0	0,0	0,0	0,0	0,1	0,0	0,0	0,0	0,0	0,0	0,0	0,0	0,0	0,0	0,0	0,0	0,0	0,0	0,0	0,0	0,0	0,0	0,0	0,0	0,0	0,0	0,0	0,0	0,0	0,0	0,0	0,0
Tpa_3439_1	1,0	0,0	0,0	0,0	0,0	0,0	0,0	0,0	0,0	0,0	0,0	0,0	0,0	0,0	0,0	0,0	0,0	0,0	0,0	0,0	0,0	0,0	0,0	0,0	0,0	0,0	0,0	0,0	0,0	0,0	0,0	0,0
Tpa_3502_1	0,0	0,0	0,0	0,0	0,0	0,0	0,0	0,0	0,0	0,0	0,0	0,0	0,0	0,0	0,0	1,0	0,0	0,0	0,0	0,0	0,0	0,0	0,0	0,0	0,0	0,0	0,0	0,0	0,0	0,0	0,0	0,0
Tpa_3561_1	0,0	0,0	0,0	0,1	0,9	0,0	0,0	0,0	0,1	0,0	0,0	0,0	0,0	0,0	0,0	0,2	0,0	0,4	0,0	0,0	0,0	0,0	0,0	0,1	0,0	0,0	0,0	0,0	0,0	0,0	0,0	0,0
Tpa_3569_1	0,5	0,0	0,0	0,0	0,0	0,0	0,0	0,0	0,0	0,0	0,0	0,0	0,0	0,0	0,0	0,0	0,0	0,0	0,0	0,0	0,0	0,0	0,0	0,0	0,0	0,0	0,0	0,0	0,0	0,0	0,0	0,0
Tpa_3583_1	0,23	0,2	0,9	0,2	0,2	1,2	0,0	0,0	0,2	0,1	0,1	0,1	0,0	0,2	0,0	0,1	0,1	0,4	0,0	0,2	0,0	0,0	0,2	0,4	0,0	0,0	0,1	0,0	0,0	0,0	0,0	0,0
Tpa_3616_1	0,147	0,25	0,165	0,50	1,189	0,35	0,3	0,1	0,11	0,3	0,57	0,0	0,13	0,22	0,44	0,63	0,0	0,196	0,6	0,43	0,5	0,28	0,68	0,51	0,11	0,2	0,54	0,3	0,0	0,0	0,0	0,0
Tpa_3674_1	0,14	0,1	0,13	0,0	1,0	0,5	0,0	0,0	0,0	0,0	0,1	0,1	0,0	0,1	0,2	0,0	0,0	0,1	0,0	0,0	0,0	0,1	0,1	0,2	0,0	0,0	0,1	0,0	0,0	0,0	0,0	0,0
Tpa_3676_1	1,0	0,0	0,0	0,0	0,0	0,0	0,0	0,0	0,0	0,0	0,0	0,0	0,0	0,0	0,0	0,0	0,0	0,0	0,0	0,0	0,0	0,0	0,0	1,0	0,0	0,0	0,0	0,0	0,0	0,0	0,0	0,0
Tpa_3679_1	0,2	0,0	0,0	0,0	0,0	0,0	0,0	0,0	0,0	0,0	0,0	0,0	0,0	0,0	0,0	0,0	0,0	0,0	0,0	0,0	0,0	0,0	0,0	2,0	0,0	0,0	0,1	0,0	0,0	0,0	0,0	0,0
Tpa_3684_1	0,1	0,1	0,0	0,0	0,4	0,1	0,0	0,0	0,0	0,1	0,0	0,0	0,0	0,0	0,0	0,0	0,0	1,1	0,0	0,1	0,0	0,0	0,0	0,1	0,0	0,0	0,0	0,0	0,0	0,0	0,0	0,0
Tpa_3705_1	190,0	43,0	97,0	71,0	203,0	45,0	0,0	0,0	35,0	9,0	35,1	9,13	6,0	19,0	39,0	48,0	0,0	123,0	3,0	57,0	0,2	13,0	22,15	52,0	8,0	1,0	20,0	1,0	0,0	0,0	0,0	0,0
Tpa_3723_1	0,2	0,1	0,1	0,3	0,11	0,2	0,0	0,0	0,2	0,0	0,2	0,2	1,0	0,1	1,3	0,1	0,0	4,8	0,1	0,3	0,0	0,0	1,2	3,3	0,1	0,0	0,4	0,0	0,0	0,0	0,0	0,0
Tpa_3737_1	0,6	0,1	0,6	1,0	1,7	0,3	0,0	0,0	0,5	0,1	0,2	0,0	0,0	1,0	0,0	0,2	0,0	0,9	0,0	0,0	0,0	0,0	0,1	0,4	0,1	0,0	0,0	0,0	0,0	0,0	0,0	0,0
Tpa_3745_1	1,85	0,4	0,47	0,2	0,11	0,29	0,0	0,0	0,0	0,2	0,3	0,1	0,0	0,0	0,1	0,2	0,0	0,6	0,0	0,3	0,0	0,0	0,0	0,2	0,0	0,0	1,0	0,0	0,0	0,0	0,0	0,0
Tpa_3795_1	227,273	0,59	0,218	8,14	1,58	1,221	0,1	0,0	0,15	0,16	0,35	0,73	0,21	0,37	0,32	0,141	0,4	0,170	0,3	88,0	0,4	0,16	0,54	52,72	0,18	3,2	0,28	0,4	0,0	0,0	0,0	0,0
Tpa_3846_1	6,10	0,0	0,2	0,1	1,0	0,0	0,0	0,0	0,0	0,0	1,0	0,0	0,0	0,0	0,0	0,0	0,0	0,0	0,0	0,0	0,0	0,0	0,0	0,0	0,0	0,0	0,0	0,0	0,0	0,0	0,0	0,0
Tpa_3862_1	0,1	0,0	0,0	0,0	0,0	0,0	0,0	0,0	0,0	0,0	0,0	0,0	0,0	0,0	0,0	0,0	0,0	0,0	0,0	0,0	0,0	0,0	0,0	0,0	0,0	0,0	0,0	0,0	0,0	0,0	0,0	0,0
Tpa_3871_1	134,0	12,0	44,0	2,2	18,0	42,0	0,0	0,0	3,0	0,0	0,2	4,0	1,0	3,0	0,0	7,0	1,0	18,0	0,0	9,0	1,0	0,0	2,0	5,0	0,0	0,0	5,0	0,0	0,0	0,0	0,0	0,0
Tpa_3879_1	1,275	0,27	0,76	0,24	0,78	0,124	0,1	0,0	0,16	0,10	0,16	0,66	0,24	0,17	0,17	0,44	0,3	22,37	0,4	0,15	0,3	0,12	0,35	0,21	0,7	0,3	0,22	0,0	0,0	0,0	0,0	0,0
Tpa_3905_1	39,0	15,0	9,17	4,0	9,0	30,0	0,0	0,0	3,0	1,0	4,6	6,0	0,0	0,0	6,0	20,0	0,0	21,0	1,0	14,0	1,0	1,0	2,0	11,0	1,0	0,0	1,0	0,0	0,0	0,0	0,0	0,0
Tpa_3926_1	3,0	2,0	3,0	1,0	2,0	1,0	0,0	0,0	1,0	0,0	1,0	0,0	0,0	0,0	1,0	3,0	0,0	4,0	0,0	1,0	0,0	0,0	1,0	1,0	0,0	0,0	1,0	0,0	0,0	0,0	0,0	0,0
Tpa_3937_1	0,1	0,0	0,1	0,0	0,2	0,0	0,0	0,0	0,0	0,0	0,0	0,0	0,0	0,0	0,0	0,0	0,0	0,1	0,0	0,0	0,0	0,0	0,0	0,0	0,0	0,0	0,0	0,0	0,0	0,0	0,0	0,0
Tpa_3962_1	10,0	0,0	4,0	0,0	2,0	1,0	0,0	0,0	0,0	0,0	1,0	0,0	0,0	0,0	0,0	0,0	0,0	3,0	0,0	0,0	0,0	0,0	0,0	4,0	0,0	1,0	0,0	0,0	0,0	0,0	0,0	0,0
Tpa_3974_1	2,3	0,0	1,1	0,1	0,0	0,0	0,0	0,0	0,0	0,0	0,0	0,1	0,0	0,0	0,0	1,0	0,0	0,2	0,0	0,0	0,0	0,0	0,0	0,0	0,0	0,0	0,1	1,0	0,0	0,0	0,0	0,0
Tpa_4020_1	8,2	0,0	0,0	0,0	0,0	0,0	0,0	0,0	0,0	0,0	0,0	0,0	0,0	0,0	0,0	0,0	0,0	0,0	0,0	0,0	0,0	0,0	0,1	0,0	0,0	0,0	1,0	0,0	0,0	0,0	0,0	0,0
Tpa_4021_1	53,0	0,0	35,0	6,0	7,0	13,0	0,0	1,0	2,0	1,0	4,0	6,0	0,0	2,0	0,0	2,4	0,0	11,0	0,0	7,0	1,0	0,0	0,0	2,0	0,0	0,0	2,0	1,0	0,0	0,0	0,0	0,0
Tpa_4022_1	266,165	29,21	80,64	0,17	0,99	205,76	0,2	2,0	10,8	0,18	48,43	101,47	0,10	2,11	0,33	0,129	0,2	76,69	1,6	0,61	6,4	4,4	19,25	38,42	0,14	4,1	0,16	0,0	0,0	0,0	0,0	0,0
Tpa_4055_1	3,0	3,0	2,0	9,0	16,0	2,0	0,0	0,0	1,0	0,0	0,0	0,0	0,0	0,0	2,0	0,0	0,0	10,0	0,0	2,0	0,0	1,0	0,0	5,0	1,0	0,0	0,0	0,0	0,0	0,0	0,0	0,0
Tpa_4077_1	23,0	3,0	14,0	1,0	10,0	11,0	0,0	0,0	0,0	0,0	1,0	3,0	0,0	1,0	1,0	3,0	0,0	2,6	0,0	0,0	1,0	2,0	4,0	4,0	0,0	0,0	1,0	0,0	0,0	0,0	0,0	0,0
Tpa_4120_1	145,0	10,0	81,0	6,0	15,0	35,17	0,0	1,0	0,3	3,0	13,1	6,3	0,1	0,0	2,0	18,0	1,0	17,0	1,0	4,0	0,0	0,0	2,3	11,0	2,2	0,0	3,0	1,0	0,0	0,0	0,0	0,0
Tpa_4126_1	62,0	6,17	30,0	69,0	163,0	28,0	0,0	1,0	34,0	3,0	75,0	10,0	8,0	6,0	37,0	40,0	8,0	145,0	4,0	51,0	1,0	5,0	40,0	62,0	8,0	2,0	10,14	2,0	0,0	0,0	0,0	0,0
Tpa_4137_1	13,18	0,12	0,20	0,32	0,59	0,14	0,0	0,0	0,18	0,0	0,15	0,7	0,1	0,1	0,12	0,16	0,1	0,73	3,6	0,25	0,1	0,6	0,6	0,27	0,7	0,1	0,15	0,2	0,0	0,0	0,0	0,0
Tpa_4148_1	0,0	0,0	0,2	0,0	0,0	0,0	0,0	0,0	0,0	0,0	0,0	0,0	0,0	0,0	0,0	0,0	0,0	0,1	0,0	0,0	0,0	0,0	0,1	0,1	0,0	0,0	0,0	0,0	0,0	0,0	0,0	0,0
Tpa_4168_1	9,0	0,0	8,0	2,0	4,0	3,0	0,0	0,0	1,0	2,0	2,0	1,0	1,0	0,0	1,0	2,0	0,0	6,0	0,0	0,0	0,0	2,0	1,0	2,0	0,0	0,0	0,0	0,0	0,0	0,0	0,0	0,0
Tpa_4176_1	0,0	0,0	0,0	0,0	0,0	0,0	0,0	0,0	0,0	0,0	0,0	0,0	0,0	0,0	1,0	0,0	0,0	0,0	0,0	0,0	0,0	0,0	0,0	0,0	0,0	0,0	1,0	0,0	0,0	0,0	0,0	0,0
Tpa_4178_1	49,36	28,0	76,0	13,0	55,0	60,0	0,0	0,0	7,0	1,0	7,0	2,0	2,0	5,0	5,0	32,0	0,0	37,0	1,0	2,6	2,0	7,0	11,0	13,1	2,0	0,0	12,0	0,0	0,0	0,0	0,0	0,0
Tpa_4209_1	0,26	0,1	0,21	0,0	0,3	0,2	0,0	0,0	0,0	0,0	0,1	0,0	0,1	0,0	0,2	0,3	0,0	0,7	0,0	0,1	0,0	0,0	0,0	0,3	0,1	0,0	0,0	0,1	0,0	0,0	0,0	0,0
Tpa_4221_1	0,0	0,0	0,0	0,0	0,0	0,0	0,0	0,0	0,0	0,0	0,0	0,0	0,0	0,0	0,0	0,0	0,0	0,0	0,0	0,0	0,0	0,0	0,0	0,1	0,0	0,0	0,0	0,0	0,0	0,0	0,0	0,0
Tpa_4230_1	18,0	0,11	8,0	2,0	4,0	0,20	0,0	0,0	0,0	0,0	1,0	0,1	1,0	0,1	2,0	1,0	0,0	3,0	0,1	1,0	0,0	0,0	0,0	5,0	0,0	0,1	1,0	0,0	0,0	0,0	0,0	0,0
Tpa_4245_1	0,0	0,0	0,0	0,0	0,0	0,0	0,0	0,0	0,0	0,0	0,0	0,0	0,0	0,0	0,0	0,0	0,0	0,0	0,0	0,0	0,0	0,0	0,0	0,0	0,0	0,0	0,0	0,0	0,0	0,0	0,0	0,0
Tpa_4246_1	1,18	0,3	0,18	0,3	0,22	0,11	0,0	0,0	0,3	0,0	0,1	0,1	0,2	0,0	0,4	0,3	0,0	0,10	0,2	0,6	0,0	0,1	0,4	0,5	0,1	0,1	0,2	0,0	0,0	0,0	0,0	0,0
Tpa_4247_1	44,0	29,0	61,0	12,0	23,0	15,8	1,0	1,0	10,0	1,0	21,0	9,0	3,0	0,0	7,0	45,0	1,0	63,0	1,0	30,0	0,0	5,0	15,0	36,0	1,1	0,0	11,0	2,0	0,0	0,0	0,0	0,0
Tpa_4268_1	465,0	76,0	127,0	5,0	24,0	193,0	0,0	1,0	3,0	6,0	9,0	37,0	3,0	10,0	3,0	54,0	1,0	20,0	15,0	5,0	4,0	0,0	0,2	4,0	1,0	6,0	5,0	2,0	0,0	0,0	0,0	0,0
Tpa_4291_1	68,0	0,0	81,0	3,1	10,0	18,0	0,0	0,0	4,0	1,0	6,0	3,0	1,0	0,0	1,0	2,0	0,0	6,5	0,0	0,0	0,0	0,0	4,0	5,0	1,0	0,0	1,0	1,0	0,0	0,0	0,0	0,0
Tpa_4295_1	0,3	0,0	0,0	0,0	0,2	0,1	0,0	0,0	0,0	0,0	0,0	0,0	0,0	0,0	0,0	0,0	0,0	0,1	0,0	0,2	0,0	0,0	0,1	0,0	0,1	0,0	0,0	0,0	0,0	0,0	0,0	0,0
Tpa_4310_1	45,0	3,0	6,4	4,0	2,6	9,0	0,0	0,0	1,0	0,0	4,0	2,0	0,0	3,0	0,0	1,0	2,0	2,0	2,0	0,0	0,0	0,0	2,0	2,0	0,0	0,0	0,0	0,0	0,0	0,0	0,0	0,0
Tpa_4316_1	24,0	1,0	33,0	1,0	1,0	8,0	0,0	0,0	0,0	0,0	0,0	2,0	1,0	0,0	0,0	1,0	0,0	2,0	0,0	1,0	0,0	0,0	0,0	0,0	0,0	0,0	0,0	0,0	0,0	0,0	0,0	0,0
Tpa_4353_1	0,429	0,86	0,207	0,0	0,153	0,214	0,0	0,0	0,29	0,11	0,14	0,0	0,9	0,12	0,39	0,90	0,0	0,0	0,1	0,24	0,1	0,4	0,37	0,31	0,2	0,3	0,22	0,1	0,0	0,0	0,0	0,1
Tpa_4356_1	520,1	75,0	210,1	21,0	143,0	201,0	1,0	0,0	28,0	7,0	40,0	62,0	15,0	15,22	27,0	44,68	2,2	104,0	6,0	54,0	2,4	9,0	37,0	57,0	7,0	10,0	17,27	0,0	0,0	1,0	0,0	1,0
Tpa_4380_1	0,0	0,0	0,0	0,0	0,0	0,0	0,0	0,0	0,0	0,0	0,0	0,0	0,0	0,0	0,0	0,0	0,0	0,0	0,0	0,0	0,0	0,0	0,0	0,0	0,0	0,0	0,0	0,0	0,0	0,0	0,0	0,0
Tpa_4384_1	0,14	0,2	0,6	0,0	0,2	0,1	0,0	0,0	0,1	0,0	0,0	0,2	0,0	0,0	0,0	0,3	0,0	0,0	0,0	0,0	0,0	0,2	0,0	0,0	0,0	0,0	0,0	0,0	0,0	0,0	0,0	0,0
Tpa_4394_1	11,0	0,0	4,0	1,0	0,0	2,0	0,0	0,0	1,0	0,0	1,0	0,0	0,0	0,0	0,0	0,0	0,0	0,0	0,0	1,0	0,0	0,0	0,0	0,0	0,0	0,0	0,0	0,0	0,0	0,0	0,0	0,0
Tpa_4416_1	0,25	0,1	0,32	0,1	0,7	2,0	0,0	0,0	0,1	0,0	2,4	0,1	0,1	0,2	0,2	0,2	0,0	0,17	1,0	0,3	0,0	0,1	2,1	0,5	0,2	0,0	0,1	0,0	0,0	0,0	0,0	0,0
Tpa_4425_1	0,38	0,33	0,62	0,18	0,48	0,32	0,0	0,0	4,3	0,2	0,12	0,3	0,2	0,2	0,7	0,67	0,0	0,68	0,0	0,6	0,0	0,21	0,9	0,72	0,1	0,0	0,11	0,0	0,0	0,0	0,0	0,0
Tpa_4443_1	44,0	1,0	29,0	0,0	3,0	2,0	0,0	0,0	1,0	0,0	1,0	2,0	0,0	3,0	0,0	5,0	0,0	10,0	0,0	3,0	0,0	1,0	2,0	2,0	0,0	1,0	1,0	0,0	0,0	0,0	0,0	0,0
Tpa_4454_1	0,15	0,0	0,2	0,6	0,7	0,4	0,0	0,0	0,0	0,0	0,2	0,1	0,1	0,1	0,2	0,1	0,2	0,8	0,0	0,0	0,0	0,0	0,2	0,3	0,2	0,0	0,3	0,0	0,0	0,0	0,0	0,0
Tpa_4467_1	0,0	0,0	0,0	0,0	0,1	0,0	0,0	0,0	0,0	0,0	0,0	0,0	0,0	0,0	0,0	0,0	0,0	0,0	0,0	0,0	0,0	0,0	0,0	0,0	0,0	0,0	0,0	0,0	0,0	0,0	0,0	0,0
Tpa_4495_1	0,1	0,0	0,0	0,1	1,0	0,0	0,0	0,0	0,0	0,0	0,0	0,0	0,1	0,0	0,0	0,0	0,0	0,0	0,0	0,0	0,0	0,0	0,0	0,2	0,0	0,0	0,0	0,0	0,0	0,0	0,0	0,0
Tpa_4506_1	0,0	0,0	1,0	0,0	0,0	0,0	0,0	0,0	0,0	0,0	0,0	0,0	0,0	0,0	0,0	0,0	0,0	0,0	0,0	0,0	0,0	0,0	0,0	0,0	0,0	0,0	0,0	0,0	0,0	0,0	0,0	0,0
Tpa_4511_1	0,0	0,0	0,0	0,0	0,0	0,0	0,0	0,0	0,0	0,0	0,0	0,0	0,0	0,0	0,0	0,0	0,0	0,0	0,0	0,0	0,0	0,0	0,0	0,0	0,0	0,0	0,0	0,0	0,0	0,0	0,0	0,0
Tpa_4549_1	2,0	0,0	1,0	0,0	1,0	0,0	0,0	0,0	0,0	0,0	2,0	1,0	0,0	0,0	0,0	0,0	0,0	1,0	0,0	0,0	0,0	0,0	0,0	0,0	0,0	0,0	0,0	0,0	0,0	0,0	0,0	0,0
Tpa_4556_1	10,0	2,0	6,0	1,0	4,0	0,0	0,0	0,0	1,0	0,0	0,0	1,0	0,0	0,0	1,0	2,0	0,0	7,0	0,0	0,0	1,0	0,0	1,0	3,0	0,0	0,0	1,0	0,0	0,0	0,0	0,0	0,0
Tpa_4569_1	99,0	10,0	49,0	7,8	26,20	27,0	0,0	0,0	3,3	1,0	21,0	7,14	2,0	3,4	0,8	9,11	0,0	41,0	1,1	21,0	0,0	4,0	8,5	12,14	0,0	0,0	7,0	0,0	0,0	0,0	0,0	0,0
Tpa_4582_1	1,0	0,0	0,0	0,0	1,0	0,0	0,0	0,0	0,0	0,0	0,0	0,0	0,0	0,0	0,0	0,0	0,0	0,0	0,0	0,0	0,0	0,0	0,0	1,0	0,0	0,0	0,0	0,0	0,0	0,0	0,0	0,0
Tpa_4590_1	55,0	6,0	21,0	0,0	1,1	4,0	0,0	0,0	0,0	0,0	0,0	1,0	0,0	0,0	1,0	6,0	0,0	2,0	1,0	0,0	0,0	0,0	3,0	0,0	1,0	0,0	0,0	0,0	0,0	0,0	0,0	0,0
Tpa_4591_1	0,0	0,0	0,0	0,0	0,0	0,0	0,0	0,0	0,0	0,0	0,0	0,0	0,0	0,0	0,0	0,0	0,0	0,0	0,0	0,0	0,0	0,0	0,0	0,0	0,0	0,0	0,0	0,0	0,0	0,0	0,0	0,0
Tpa_4592_1	0,10	0,2	0,13	0,2	0,6	0,4	0,0	0,0	0,0	0,0	0,3	0,0	0,0	0,0	0,1	0,1	0,0	0,2	0,0	0,0	0,0	0,0	1,1	0,1	0,0	0,0	1,0	0,0	0,0	0,0	0,0	0,0
Tpa_4593_1	7,0	0,0	6,0	1,0	4,0	5,0	0,0	0,0	1,0	0,0	3,0	1,0	1,0	0,0	0,0	0,0	0,0	7,0	0,0	4,0	0,0	0,0	0,0	2,0	1,0	0,0	3,0	0,0	0,0	0,0	0,0	0,0
Tpa_4595_1	0,0	0,0	0,0	0,0	0,0	0,0	0,0	0,0	0,0	0,0	0,0	0,0	0,0	0,0	0,0	0,0	0,0	0,0	0,0	0,0	0,0	0,0	0,0	0,0	0,0	0,0	0,0	0,0	0,0	0,0	0,0	0,0
Tpa_4599_1	249,1	9,29	44,125	1,0	12,1	66,0	0,0	0,0	2,4	1,0	5,0	13,0	7,0	3,0	4,0	32,0	1,1	14,0	3,0	4,19	2,0	1,0	9,0	7,0	9,0	2,0	5,0	0,0	0,0	0,0	0,0	0,0
Tpa_4633_1	0,0	0,0	0,0	0,0	0,0	0,0	0,0	0,0	0,0	0,0	0,0	0,0	0,0	0,0	0,0	0,0	0,0	0,0	0,0	0,0	0,0	0,0	0,0	0,0	0,0	0,0	0,0	0,0	0,0	0,0	0,0	0,0
Tpa_4637_1	0,4	0,2	0,1	0,11	9,1	0,0	0,0	0,0	0,1	0,0	0,1	0,1	0,0	0,2	0,2	0,2	0,0	0,12	0,4	0,4	0,2	0,3	1,0	0,6	0,0	0,0	0,1	0,0	0,0	0,0	0,0	0,0
Tpa_4668_1	58,0	20,0	25,0	54,0	130,0	7,0	0,0	0,1	14,0	4,0	14,0	4,4	5,0	7,0	13,0	5,6	2,0	87,0	3,0	12,0	4,0	12,0	8,10	49,0	5,0	2,0	23,0	2,0	0,0	0,0	0,0	0,0
Tpa_4678_1	0,420	0,50	0,193	9,5	0,95	0,141	0,0	0,0	0,18	0,1	0,38	0,55	0,9	0,14	0,43	0,84	0,8	0,131	0,12	0,62	0,4	0,13	0,26	0,82	0,11	0,5	0,41	0,1	0,0	0,0	0,0	0,0
Tpa_4697_1	0,3	0,0	0,0	0,0	0,0	0,0	0,0	0,0	0,0	0,0	0,0	0,2	0,0	0,0	0,1	0,0	0,0	0,0	0,1	0,0	0,0	0,0	0,0	0,0	0,0	0,0	0,0	0,0	0,0	0,0	0,0	0,0
Tpa_4713_1	0,2	0,0	0,2	0,1	0,2	0,1	0,0	0,0	0,0	0,0	0,0	0,0	0,0	0,1	0,0	0,0	0,0	0,1	0,0	0,0	0,0	0,0	0,1	0,0	0,0	0,0	0,0	0,0	0,0	0,0	0,0	0,0
Tpa_4731_1	0,1	0,0	0,0	0,1	0,1	0,0	0,0	0,0	0,0	0,0	0,0	0,0	0,0	0,0	0,0	0,0	0,0	0,0	0,0	0,0	0,0	0,0	0,0	0,0	0,0	0,0	0,0	0,0	0,0	0,0	0,0	0,0
Tpa_4747_1	226,0	8,0	71,0	20,0	117,0	145,1	0,0	0,0	5,4	10,0	4,0	20,0	16,0	18,0	3,0	20,0	1,0	136,0	1,0	6,0	0,0	20,0	46,0	27,0	5,0	1,2	5,0	2,0	0,0	0,0	0,0	0,0
Tpa_4749_1	16,0	5,0	0,3	2,0	0,3	0,0	0,0	0,0	0,0	0,0	1,0	1,0	0,0	0,0	1,0	0,0	1,0	5,0	0,0	1,0	0,0	0,0	0,0	1,0	0,0	0,0	1,1	0,0	0,0	0,0	0,0	0,0
Tpa_4804_1	14,11	0,3	12,9	7,2	23,0	0,4	0,0	0,0	0,2	0,0	0,4	0,2	0,0	0,0	0,1	6,0	0,0	6,10	0,0	0,1	0,0	0,1	0,2	0,4	0,1	0,0	0,3	0,0	0,0	0,0	0,0	0,0
Tpa_4849_1	0,7	0,0	3,7	0,1	0,3	0,1	0,0	0,0	0,0	0,0	0,1	0,0	0,0	0,0	0,0	1,0	0,0	0,0	0,0	0,0	0,0	0,0	0,0	0,1	0,0	0,0	0,0	0,1	0,0	0,0	0,0	0,0
Tpa_4885_1	2,2	1,1	1,2	0,0	1,0	1,0	0,0	0,0	0,0	0,0	0,0	0,0	0,0	0,0	2,0	1,0	0,0	0,1	0,0	0,0	0,0	0,0	0,0	1,0	1,0	0,0	0,0	0,0	0,0	0,0	0,0	0,0
Tpa_4886_1	2,0	0,0	0,0	1,0	1,0	2,0	0,0	0,0	0,0	0,0	3,0	2,0	0,0	0,0	0,0	1,0	0,0	2,0	0,0	2,0	0,0	0,0	0,0	2,0	2,0	0,0	0,0	0,0	0,0	0,0	0,0	0,0
Tpa_4900_1	2,0	0,0	0,0	0,0	0,0	0,0	0,0	0,0	0,0	0,0	0,0	0,0	0,0	0,0	0,0	0,0	0,0	0,0	0,0	0,0	0,0	0,0	0,0	0,0	0,0	0,0	0,0	0,0	0,0	0,0	0,0	0,0
Tpa_4920_1	0,0	0,0	0,0	0,0	0,0	0,0	0,0	0,0	0,0	0,0	0,0	0,0	0,0	0,0	0,0	0,0	0,0	0,0	0,0	0,0	0,0	0,0	0,0	0,0	0,0	0,0	0,1	0,0	0,0	0,0	0,0	0,0
Tpa_4928_1	2,7	0,0	0,1	0,0	1,0	0,1	0,0	0,0	0,0	0,0	1,0	0,0	0,0	0,0	0,0	1,0	0,0	0,0	0,0	0,0	0,0	0,0	0,0	1,1	0,0	1,0	1,1	0,0	0,0	0,0	0,0	0,0
Tpa_4936_1	3,0	0,0	1,0	0,0	0,0	0,0	0,0	0,0	0,0	0,0	0,0	0,0	0,0	0,0	0,0	0,0	0,0	0,0	0,0	0,0	0,0	0,0	0,0	0,0	0,0	0,0	0,0	0,0	0,0	0,0	0,0	0,0
Tpa_4985_1	0,102	0,5	0,47	0,20	0,106	0,59	0,0	0,1	0,10	0,1	21,19	0,11	0,4	0,6	0,10	0,35	0,0	1,107	1,0	0,10	0,0	0,10	0,13	0,33	0,6	0,1	0,11	0,0	0,0	0,0	0,0	0,0
Tpa_5002_1	2,0	0,2	0,0	0,0	2,0	0,0	0,0	0,0	0,0	0,0	0,0	0,0	0,0	1,0	0,0	0,0	0,0	1,0	1,0	0,0	0,0	0,0	0,0	0,0	0,0	0,0	0,0	0,0	0,0	0,0	0,0	0,0
Tpa_5015_1	0,0	0,0	0,0	0,0	0,0	0,0	0,0	0,0	0,0	0,0	0,0	0,0	0,0	0,0	0,0	0,0	0,0	0,0	0,0	0,0	0,0	0,0	0,0	0,0	0,0	0,0	0,0	0,0	0,0	0,0	0,0	0,0
Tpa_5022_1	390,0	127,0	68,0	414,1	698,2	105,0	7,0	3,0	122,0	21,0	181,0	78,0	58,0	27,26	95,0	35,45	37,0	509,0	55,0	313,0	29,0	65,0	145,0	315,0	110,0	21,0	145,0	25,0	1,0	5,0	0,0	2,0
Tpa_5057_1	14,0	1,0	23,0	4,0	0,0	15,0	0,0	0,0	0,0	0,2	3,0	1,0	0,0	0,0	0,0	0,0	0,0	1,0	0,0	0,0	0,1	0,0	0,0	0,0	0,0	0,0	0,0	0,0	0,0	0,0	0,0	0,0
Tpa_5075_1	6,4	1,0	5,0	0,0	2,0	0,1	0,0	0,0	1,0	0,0	0,0	0,0	0,0	0,0	1,0	0,0	0,0	1,2	0,0	0,1	0,0	0,0	1,0	0,2	0,0	0,0	0,1	0,0	0,0	0,0	0,0	0,0
Tpa_5104_1	0,423	0,187	1,515	0,154	1,319	1,255	0,0	0,12	0,79	0,36	0,129	0,109	0,98	0,67	0,94	1,241	0,18	0,350	0,65	0,260	0,14	0,54	0,175	0,389	0,63	0,14	0,126	0,19	0,0	0,10	0,1	0,91
Tpa_5106_1	0,0	0,0	2,0	1,0	1,0	0,0	0,0	0,0	0,0	0,0	0,0	0,0	0,0	0,0	0,0	0,0	0,0	0,0	0,0	0,0	0,0	0,0	0,0	0,0	1,0	0,0	1,0	0,0	0,0	0,0	0,0	0,0
Tpa_5118_1	3,0	3,0	0,0	3,0	9,0	0,0	0,0	0,0	0,0	1,0	3,0	2,0	0,0	1,0	1,0	0,0	0,0	6,0	0,0	1,0	0,0	2,0	0,0	3,0	0,0	0,0	0,0	0,0	0,0	0,0	0,0	0,0
Tpa_5138_1	11,0	0,0	4,0	1,0	1,0	1,0	0,0	0,0	0,0	0,0	0,0	0,0	0,0	0,0	0,0	0,0	0,0	0,0	0,0	0,0	0,0	0,0	1,0	2,0	0,0	0,0	0,0	0,0	0,0	0,0	0,0	0,0
Tpa_5144_1	0,4	0,0	0,7	0,2	0,0	0,3	0,0	0,0	0,1	0,0	1,1	0,2	0,0	0,1	0,0	0,2	0,0	0,2	0,0	0,0	0,0	0,2	0,0	0,2	0,0	0,0	0,0	0,0	0,0	0,0	0,0	0,0
Tpa_5167_1	0,0	0,0	0,0	0,0	0,0	0,0	0,0	0,0	0,0	0,0	0,0	0,0	0,0	0,0	0,0	0,0	0,0	0,0	0,0	0,0	0,0	0,0	0,0	0,0	0,0	0,0	0,0	0,0	0,0	0,0	0,0	0,0
Tpa_5196_1	0,1	0,1	0,1	0,0	0,1	0,0	0,0	0,0	0,0	0,0	0,0	0,0	0,0	0,0	0,0	0,1	0,0	0,4	0,0	0,0	0,0	0,0	0,1	0,1	0,0	0,0	0,1	0,0	0,0	0,0	0,0	0,0
Tpa_5205_1	1,0	0,0	0,0	0,0	0,0	1,0	0,0	0,0	0,0	0,0	0,0	0,0	0,0	0,0	0,0	0,0	0,0	0,0	0,0	0,0	0,0	0,0	0,0	0,0	0,0	0,0	0,0	0,0	0,0	0,0	0,0	0,0
Tpa_5206_1	0,2	0,0	0,1	0,1	1,0	0,0	0,0	0,0	0,0	0,0	0,0	0,0	0,0	0,0	0,2	0,0	0,0	0,1	0,0	1,1	0,0	0,0	0,0	0,0	0,0	0,0	0,0	0,0	0,0	0,0	0,0	0,0
Tpa_5218_1	0,1	0,0	0,0	0,0	0,0	0,0	0,0	0,0	0,0	0,0	0,0	0,0	0,0	0,0	0,0	0,0	0,0	0,1	0,0	0,0	0,0	0,0	0,0	0,0	0,0	0,0	0,0	0,0	0,0	0,0	0,0	0,0
Tpa_5222_1	0,1	0,0	1,0	0,0	0,0	0,0	0,0	0,0	0,0	0,0	0,0	0,0	0,0	0,0	0,0	0,0	0,0	0,0	0,0	0,0	0,0	0,0	0,0	0,0	0,0	0,0	0,0	0,0	0,0	0,0	0,0	0,0
Tpa_5228_1	20,9	7,0	12,0	12,0	22,0	20,0	0,0	1,0	4,3	1,0	19,0	7,0	1,0	0,0	2,0	25,0	0,0	25,0	0,0	15,0	0,0	1,0	1,0	19,0	0,0	0,0	8,0	0,0	0,0	0,0	0,0	0,0
Tpa_5241_1	12,0	0,0	4,0	0,0	1,0	1,0	0,0	0,0	0,0	0,0	2,0	0,0	0,0	0,0	0,0	1,0	0,0	0,6	1,0	0,0	0,0	0,0	1,0	2,0	0,0	0,0	3,0	0,0	0,0	0,0	0,0	0,0
Tpa_5242_1	44,0	1,3	9,13	1,1	3,0	6,0	0,0	1,0	1,0	0,0	3,0	1,0	2,0	1,0	0,1	5,0	0,0	6,7	0,1	5,0	0,0	1,0	0,0	5,1	1,0	0,0	3,0	1,0	0,0	0,0	0,0	0,0
Tpa_5244_1	366,0	52,0	135,0	8,6	42,37	164,0	0,0	1,0	8,7	0,0	47,0	9,0	7,0	18,0	40,0	56,24	4,0	161,0	6,0	64,0	7,0	17,0	46,0	95,0	3,6	2,0	24,0	2,0	1,0	1,0	0,0	0,0
Tpa_5249_1	1,0	0,0	1,0	0,0	0,0	0,0	0,0	0,0	0,1	0,0	0,0	0,0	0,0	0,0	0,0	0,0	0,0	0,0	0,0	0,0	0,0	0,0	0,0	1,0	0,0	0,0	0,0	0,0	0,0	0,0	0,0	0,0
Tpa_5270_1	0,2	0,0	0,0	0,3	0,2	0,0	0,0	0,0	0,0	0,0	0,0	0,0	0,0	0,0	0,0	0,0	0,0	0,1	0,0	0,0	0,0	0,0	0,0	0,0	0,0	0,0	0,1	0,0	0,0	0,0	0,0	0,0
Tpa_5278_1	24,0	0,0	0,32	0,3	0,6	0,0	0,0	0,0	0,2	0,0	0,2	0,1	0,0	0,0	0,0	0,4	0,0	0,8	0,0	0,0	0,0	0,0	0,0	0,3	0,0	0,0	0,3	0,0	0,0	0,0	0,0	0,0
Tpa_5279_1	8,0	0,0	11,0	0,0	3,0	0,0	0,0	0,0	0,0	0,0	2,0	2,0	0,0	0,0	0,0	1,0	0,0	2,0	0,0	0,0	0,0	0,0	0,0	0,0	0,0	0,0	1,0	0,0	0,0	0,0	0,0	0,0
Tpa_5292_1	0,346	0,63	62,59	18,44	74,75	21,102	0,0	1,2	0,21	0,11	0,51	0,78	0,16	0,15	23,15	0,77	1,5	0,99	0,11	0,59	0,6	0,0	0,16	0,111	10,1	6,6	0,41	0,1	0,0	0,0	0,0	0,0
Tpa_5298_1	0,51	0,2	0,32	0,2	0,3	23,26	0,0	0,0	0,0	0,1	0,1	0,8	0,0	0,0	0,1	2,2	0,0	0,1	0,1	0,1	0,1	0,2	0,1	0,2	0,0	0,0	0,0	0,0	0,0	0,0	0,0	0,0
Tpa_5327_1	171,0	20,0	51,9	10,0	42,0	95,0	0,0	1,0	4,0	2,0	19,0	7,0	4,0	3,0	14,0	45,0	1,0	30,0	2,0	1,2	1,0	0,2	20,0	32,0	2,0	1,0	22,0	0,0	0,0	1,0	0,0	0,0
Tpa_5360_1	0,9	0,0	0,4	0,2	0,0	0,2	0,0	0,0	0,0	0,0	0,1	1,1	0,0	0,0	0,0	0,1	0,0	0,1	0,0	0,2	0,0	0,0	0,0	0,1	0,0	0,0	0,0	0,0	0,0	0,0	0,0	0,0
Tpa_5361_1	6,21	0,1	16,0	1,0	6,0	6,0	0,0	0,0	0,0	2,0	1,0	2,2	0,0	0,0	0,0	1,1	0,0	8,0	1,0	3,0	0,0	0,0	0,0	1,0	0,1	0,0	0,0	0,0	0,0	0,0	0,0	0,0
Tpa_5373_1	1,1	0,0	3,0	1,0	1,0	2,0	0,0	0,0	0,0	0,0	1,0	0,0	0,0	0,0	0,0	0,0	0,0	0,0	0,0	0,0	0,0	0,0	0,0	1,0	0,0	0,0	0,0	0,0	0,0	0,0	0,0	0,0
Tpa_5379_1	497,0	45,0	124,0	0,0	11,0	124,0	1,0	0,0	2,0	4,0	6,0	31,0	1,0	5,0	4,0	28,0	1,0	21,0	9,0	8,14	2,0	1,0	6,0	12,0	1,6	3,0	6,0	1,0	0,0	0,0	0,0	1,0
Tpa_5382_1	205,0	25,0	42,0	8,0	62,0	95,0	0,0	0,0	6,0	3,0	12,0	35,0	6,0	7,0	19,0	55,0	1,0	42,0	7,0	25,0	4,0	4,0	10,0	23,0	6,0	3,0	10,0	0,0	0,0	0,0	0,0	0,0
Tpa_5418_1	128,109	61,0	94,0	54,0	84,65	101,0	0,0	1,0	16,16	6,0	56,0	19,0	5,0	21,0	10,12	38,19	0,3	145,0	7,0	70,0	1,0	19,0	44,0	87,0	8,0	5,0	37,0	2,1	0,0	0,0	0,0	0,0
Tpa_5441_1	2,447	0,9	0,130	0,28	0,38	0,102	0,0	0,2	0,3	0,0	0,12	0,24	0,2	0,5	0,6	0,11	0,0	0,97	0,2	0,18	0,0	0,5	0,6	0,17	0,8	0,1	0,7	0,4	0,0	0,1	0,0	0,0
Tpa_5445_1	92,90	0,18	0,102	0,12	19,13	26,23	0,1	0,1	4,2	0,1	11,10	9,8	2,0	0,3	0,9	17,15	0,0	67,0	0,4	0,8	0,2	0,5	0,27	48,0	4,3	0,0	14,14	0,0	0,0	0,0	0,0	0,0
Tpa_5446_1	81,0	4,0	34,0	3,0	3,0	6,0	0,0	0,0	0,1	0,0	2,0	3,0	0,0	0,0	0,0	5,0	0,0	7,0	0,0	2,0	1,0	1,0	0,0	4,0	1,0	0,0	0,0	0,0	0,0	0,0	0,0	0,0
Tpa_5454_1	7,12	1,0	4,6	0,0	0,1	0,3	0,0	0,0	0,2	0,0	0,0	0,2	0,0	0,0	0,0	0,1	0,0	1,0	0,0	0,2	0,0	0,0	0,0	0,0	0,0	1,0	0,0	1,0	0,0	0,0	0,0	0,0
Tpa_5471_1	764,0	140,0	192,0	388,0	1,0	1,0	13,0	0,0	282,0	341,175	474,0	3,0	699,0	173,1	416,0	638,0	411,0	442,0	233,0	1,0	3,0	265,0	861,1	911,0	238,0	167,0	122,0	0,0	1,0	14,23	0,0	35,0
Tpa_5485_1	11,0	31,0	2,0	44,48	118,0	1,0	0,0	0,0	19,0	3,0	38,0	4,0	6,0	1,0	13,0	5,0	1,0	88,0	4,0	33,0	0,0	16,0	14,0	37,0	8,0	0,0	6,0	0,0	0,0	0,0	0,0	0,0
Tpa_5501_1	0,21	2,0	0,9	0,0	3,0	0,3	0,0	0,0	1,0	0,0	0,0	0,1	0,1	0,0	0,0	0,1	0,0	0,5	0,0	0,0	0,0	0,0	0,0	0,2	0,0	0,0	0,3	0,0	0,0	0,0	0,0	0,0
Tpa_5525_1	0,228	0,17	60,70	0,8	0,57	24,39	0,0	0,1	0,10	0,2	11,10	0,7	0,2	0,5	0,14	0,46	0,0	0,72	0,2	0,12	0,1	4,0	0,13	5,10	0,2	0,0	4,6	0,1	0,0	0,0	0,0	0,0
Tpa_5538_1	0,2	0,0	0,0	0,3	0,3	0,0	0,0	0,0	0,4	0,0	1,0	0,0	0,0	0,0	0,0	0,1	0,0	0,8	0,0	0,1	0,0	0,0	0,1	0,1	0,0	0,0	0,1	0,0	0,0	0,0	0,0	0,0
Tpa_5540_1	5,2	0,0	1,0	0,0	2,0	0,0	0,0	0,0	0,0	0,0	0,0	0,0	0,0	0,0	0,0	0,0	0,0	0,0	0,0	0,0	0,0	0,0	0,0	0,0	0,0	0,0	0,0	0,0	0,0	0,0	0,0	0,0
Tpa_5542_1	0,0	0,0	0,0	0,0	0,0	1,0	0,0	0,0	0,0	0,0	0,0	0,0	0,0	0,0	0,0	0,0	0,0	0,0	0,0	0,0	0,0	0,0	0,0	0,0	0,0	0,0	0,0	0,0	0,0	0,0	0,0	0,0
Tpa_5563_1	0,2	0,1	0,3	0,0	0,1	0,2	0,0	0,0	0,0	0,0	0,0	0,0	0,0	0,0	0,0	0,1	0,0	0,2	0,0	0,1	0,0	0,0	0,0	0,1	0,0	0,0	0,1	0,0	0,0	0,0	0,0	0,0
Tpa_5565_1	380,0	59,81	0,219	9,13	153,0	516,0	1,0	1,0	32,0	39,0	72,84	142,0	12,20	12,20	37,0	157,173	3,4	162,0	15,0	47,48	2,0	22,0	99,0	135,0	31,0	7,9	50,0	1,1	0,0	1,0	0,0	0,0
Tpa_5570_1	0,7	0,2	0,12	0,4	11,0	0,1	0,0	0,0	0,1	0,0	0,2	0,0	0,0	0,0	3,0	0,3	0,0	0,10	0,0	0,0	0,0	0,0	0,1	0,2	0,0	0,0	0,1	0,0	0,0	0,0	0,0	0,0
Tpa_5574_1	10,4	2,2	2,0	7,0	6,0	1,0	0,0	0,0	2,0	0,0	1,3	0,0	2,0	1,0	1,3	4,3	0,0	8,0	0,0	3,0	0,0	1,0	2,0	0,5	0,0	0,0	0,1	1,0	0,0	0,0	0,0	0,0
Tpa_5588_1	693,0	161,0	258,0	582,0	852,0	320,0	5,0	4,0	257,0	56,1	380,0	160,1	32,30	126,0	113,87	255,0	26,0	681,1	74,0	461,0	19,12	160,0	297,0	386,0	70,0	24,0	193,0	18,0	0,0	3,0	0,0	0,0
Tpa_5594_1	9,0	1,0	12,0	4,0	5,0	2,0	0,0	0,0	1,0	0,0	1,0	2,0	1,0	0,0	2,0	0,0	0,0	3,0	0,0	0,0	0,0	0,0	2,0	2,0	0,0	0,0	1,0	0,0	0,0	0,0	0,0	0,0
Tpa_5601_1	0,105	0,2	0,56	0,2	0,8	14,16	0,1	0,0	0,0	0,0	0,5	3,0	0,1	3,2	0,0	6,2	0,1	0,11	0,0	0,3	0,0	0,0	0,1	2,1	0,2	0,0	0,4	0,0	0,0	0,0	0,0	0,0
Tpa_5609_1	1,0	2,0	0,0	13,0	12,0	0,0	0,0	0,0	2,0	1,0	6,0	0,0	1,0	0,0	3,0	0,0	0,0	4,0	0,1	1,0	0,0	0,0	1,0	1,0	0,0	0,0	2,0	0,0	0,0	0,0	0,0	0,0
Tpa_5623_1	306,0	36,0	197,0	15,0	44,0	87,0	0,0	0,0	5,0	3,0	21,0	7,0	12,0	7,0	8,0	36,0	4,0	72,0	1,0	27,0	4,0	2,0	17,0	48,0	4,0	0,0	19,0	2,0	0,0	0,0	0,0	0,0
Tpa_5636_1	0,5	0,0	0,1	0,0	0,1	2,0	0,0	0,0	0,1	0,0	0,0	0,0	0,0	0,0	0,1	0,1	0,0	0,0	0,0	0,0	0,0	0,0	0,0	0,0	0,0	0,0	0,0	0,0	0,0	0,0	0,0	0,0
Tpa_5651_1	0,5	0,1	0,5	0,1	0,5	0,0	0,0	0,0	0,0	0,0	0,0	0,1	0,1	0,0	0,0	0,1	0,0	2,0	0,0	0,1	0,0	0,0	0,3	0,0	0,0	0,0	0,0	0,0	0,0	0,0	0,0	0,0
Tpa_5679_1	0,35	0,2	0,3	0,1	0,7	0,2	0,0	0,0	0,0	0,0	0,3	0,1	0,0	1,0	0,2	0,3	0,0	0,4	0,1	0,2	0,0	0,1	0,4	0,3	0,1	0,1	0,1	0,0	0,0	0,1	0,0	0,0
Tpa_5741_1	17,0	2,2	6,0	5,0	23,0	3,0	0,0	0,0	2,0	1,0	6,0	2,0	1,0	0,0	4,0	7,0	0,0	21,0	0,0	2,0	0,0	2,0	0,2	7,0	1,0	0,0	5,0	0,0	0,0	0,0	0,0	0,0
Tpa_5761_1	0,9	0,0	0,8	0,0	0,1	0,4	0,0	0,0	0,0	0,0	0,1	0,0	0,0	0,0	0,0	0,2	0,0	0,0	0,0	0,2	0,0	0,0	0,1	0,0	0,1	0,1	0,0	0,1	0,0	0,0	0,0	0,0
Tpa_5774_1	0,23	0,1	0,20	0,1	0,14	0,3	0,0	0,0	0,0	0,0	0,0	0,1	0,1	0,2	0,2	0,4	0,0	0,2	0,2	0,6	0,0	0,1	0,3	0,4	0,1	0,0	0,1	0,0	0,0	0,0	0,0	0,0
Tpa_5795_1	0,0	0,0	0,0	0,0	1,0	0,0	0,0	0,0	0,0	0,0	0,0	0,0	0,0	0,0	0,0	0,0	0,0	0,0	0,0	1,0	0,0	0,0	0,0	0,0	0,0	0,0	0,0	0,0	0,0	0,0	0,0	0,0
Tpa_5796_1	37,0	3,0	47,0	1,0	0,6	6,6	0,0	0,0	1,1	0,0	7,0	1,2	2,0	0,0	0,2	4,0	0,0	9,0	0,0	3,0	0,0	0,0	2,0	5,0	2,1	0,0	2,1	0,0	0,0	0,0	0,0	0,0
Tpa_5823_1	0,87	0,2	0,20	0,1	0,3	0,12	0,0	0,0	0,0	0,0	0,0	0,4	0,0	0,1	0,1	0,6	0,0	0,1	0,2	0,3	0,0	0,0	0,0	0,1	0,1	0,0	0,0	0,0	0,0	0,0	0,0	0,0
Tpa_5827_1	0,34	0,0	0,6	1,0	0,5	7,0	0,0	0,0	0,0	0,0	0,2	0,1	0,1	0,0	1,0	0,3	0,0	0,0	0,0	1,1	0,0	0,0	0,2	0,6	0,0	0,0	0,2	0,2	0,0	0,0	0,0	0,0
Tpa_5829_1	3,0	0,1	0,0	0,0	0,0	0,0	0,0	0,0	0,0	0,0	0,0	0,0	0,0	0,0	0,0	0,0	0,0	0,0	0,0	0,0	0,0	0,0	0,0	0,0	0,0	0,0	0,0	0,0	0,0	0,0	0,0	0,0
Tpa_5838_1	309,1	3,0	32,51	4,0	14,0	132,0	0,0	0,0	1,0	1,0	6,0	16,0	1,0	2,0	11,0	6,0	0,0	12,0	4,0	7,0	1,0	0,0	8,0	7,0	0,0	2,0	7,0	0,0	0,0	0,0	0,0	0,0
Tpa_5854_1	0,0	0,0	0,0	0,0	0,0	0,0	0,0	0,0	0,0	0,0	0,0	0,0	0,0	0,0	0,0	0,0	0,0	0,0	0,0	0,0	0,0	0,0	0,0	0,0	0,0	0,0	0,0	0,0	0,0	0,0	0,0	0,0
Tpa_5856_1	0,29	0,0	8,0	0,0	0,3	0,2	0,0	0,0	0,0	0,0	0,0	0,2	0,1	0,0	0,1	0,2	0,0	0,0	0,0	0,0	0,0	0,1	0,0	0,0	0,0	0,0	1,0	0,0	0,0	0,0	0,0	0,0
Tpa_5863_1	0,31	1,0	0,17	4,1	0,6	2,1	0,0	0,0	0,1	0,0	1,0	0,2	0,3	0,1	0,1	0,7	0,2	5,1	0,0	2,2	0,1	0,0	0,2	0,7	0,0	0,0	0,0	0,0	0,0	0,0	0,0	0,0
Tpa_5868_1	1,0	0,0	0,0	0,0	0,0	0,0	0,0	0,0	0,0	0,0	0,0	0,0	0,0	0,0	0,0	0,0	0,0	0,0	0,1	0,0	0,0	0,0	0,0	1,0	0,0	0,0	0,0	0,0	0,0	0,0	0,0	0,0
Tpa_5878_1	31,19	3,0	43,0	2,3	16,0	12,4	0,0	0,0	0,0	0,0	7,0	2,0	0,0	1,0	4,0	13,0	0,0	23,0	1,0	1,0	0,0	1,0	1,2	2,0	0,0	0,0	6,0	0,0	0,0	1,0	0,0	0,0
Tpa_5913_1	41,80	1,3	48,0	2,0	0,9	23,33	0,0	0,0	2,0	0,0	1,3	5,5	4,0	0,1	2,0	3,12	0,0	6,8	1,1	0,3	0,0	0,0	0,7	3,0	0,0	0,1	5,0	0,0	0,0	0,0	0,0	0,0
Tpa_5917_1	26,36	0,5	22,29	0,0	4,3	0,32	0,0	0,0	0,2	0,0	0,4	0,8	0,3	0,4	1,0	0,8	0,0	0,10	0,1	0,2	0,0	0,1	0,3	2,1	0,0	1,3	0,4	0,0	0,0	0,0	0,0	0,0
Tpa_5942_1	1,0	0,0	0,0	0,0	0,0	0,0	0,0	0,0	0,0	0,0	0,1	0,0	0,0	0,0	0,0	0,0	0,0	0,0	0,0	0,0	0,0	0,0	0,0	0,0	0,0	0,0	0,0	0,0	0,0	0,0	0,0	0,0
Tpa_5951_1	0,21	0,0	0,4	0,0	0,5	0,4	0,0	0,0	0,1	0,1	0,1	0,2	0,1	0,0	0,1	0,1	0,0	0,6	0,1	0,2	0,0	0,1	0,1	0,3	0,0	0,0	0,1	0,0	0,0	0,0	0,0	0,0
Tpa_5961_1	0,0	1,0	0,0	0,0	0,0	0,0	0,0	0,0	0,0	0,0	0,0	0,0	0,0	0,0	0,0	0,0	0,0	0,0	0,0	0,0	0,0	0,0	0,0	0,0	0,0	0,0	0,0	0,0	0,0	0,0	0,0	0,0
Tpa_5978_1	1,112	0,24	1,50	0,24	0,97	0,33	0,0	0,0	0,18	0,2	0,23	0,14	0,3	0,13	0,15	0,19	0,0	1,77	0,5	0,33	0,2	0,7	0,20	0,35	0,6	2,0	0,10	0,2	0,0	0,0	0,0	0,0
Tpa_5980_1	29,27	7,0	49,28	0,3	25,0	9,0	0,0	0,0	3,2	0,1	3,0	3,0	0,0	0,0	2,0	12,0	1,0	23,0	1,0	4,0	0,0	2,2	2,0	4,1	0,0	0,0	2,1	0,0	0,0	0,0	0,0	0,0
Tpa_6016_1	179,0	12,0	0,116	2,1	14,0	37,0	0,0	0,0	4,0	1,0	9,0	13,0	1,0	2,0	1,0	6,9	1,0	17,0	0,0	2,1	0,0	2,0	4,0	7,0	0,0	0,0	3,0	0,1	0,0	1,0	0,0	0,0
Tpa_6076_1	4,1	0,0	0,2	0,0	0,0	0,0	0,0	0,0	0,0	0,0	0,0	0,0	0,0	0,0	0,0	0,0	0,0	0,1	0,0	0,0	0,0	0,0	0,1	0,0	0,0	0,0	0,0	0,0	0,0	0,0	0,0	0,0
Tpa_6083_1	47,0	7,0	61,0	14,0	56,0	13,0	0,0	0,0	14,0	4,0	25,0	10,0	3,0	3,0	15,0	0,2	3,0	61,0	2,0	22,0	0,0	7,0	26,0	24,0	5,0	0,0	7,0	0,0	0,0	0,0	0,0	0,0
Tpa_6137_1	0,12	0,0	2,3	0,0	0,1	0,2	0,0	0,0	0,0	0,0	0,0	0,1	0,0	0,0	0,1	0,0	0,0	0,0	0,0	0,2	0,0	0,0	0,0	0,0	0,0	0,0	0,0	0,0	0,0	0,0	0,0	0,0
Tpa_6139_1	97,0	7,0	33,0	1,0	3,4	13,12	1,0	0,0	1,0	1,0	4,0	4,0	1,0	1,0	1,0	6,0	0,0	17,0	0,0	4,0	0,0	0,0	3,0	6,0	0,0	2,0	1,0	0,0	0,0	0,0	0,0	0,0
Tpa_6150_1	18,0	7,0	6,0	12,0	34,0	2,3	0,0	0,0	6,0	1,0	7,0	6,0	2,0	6,0	1,0	5,0	0,0	7,28	3,0	2,11	0,0	5,0	8,0	9,0	0,0	0,0	6,0	0,0	0,0	0,0	0,0	0,0
Tpa_6158_1	83,55	9,0	108,0	20,0	55,0	45,0	0,0	1,0	15,0	1,0	13,0	13,0	2,0	15,0	15,0	11,6	2,0	64,0	3,0	28,0	2,0	2,0	9,0	41,0	2,0	1,0	17,0	0,0	0,0	0,0	0,0	0,0
Tpa_6169_1	0,198	0,9	0,110	0,5	0,19	0,19	0,0	0,0	4,3	0,2	0,8	0,12	0,2	0,1	0,9	0,15	0,0	0,22	0,2	0,10	0,2	1,1	0,5	0,15	0,3	0,1	4,0	0,0	0,0	0,0	0,0	0,0
Tpa_6172_1	0,107	0,4	0,52	0,3	0,12	0,40	0,1	0,0	0,1	0,0	0,3	0,7	0,1	0,1	0,3	0,9	0,1	0,7	0,0	0,3	0,0	0,0	0,3	0,9	0,0	0,0	0,2	0,0	0,0	0,0	0,0	0,0
Tpa_6204_1	0,2	0,1	0,0	3,0	0,4	1,0	0,0	0,0	0,1	0,1	0,1	0,0	0,0	0,2	0,2	0,2	0,0	0,5	0,0	0,2	0,2	1,1	0,0	0,1	0,0	0,0	1,0	0,0	0,0	0,1	0,0	0,0
Tpa_6220_1	40,71	7,7	21,67	9,0	22,0	14,0	0,0	0,0	5,0	0,2	13,0	7,0	2,0	2,3	8,0	0,23	2,0	22,0	0,0	14,0	0,0	3,0	13,0	17,0	1,1	0,0	3,6	1,0	0,0	0,0	0,0	0,0
Tpa_6222_1	0,4	0,0	0,1	0,1	0,0	0,0	0,0	0,0	0,0	0,0	0,0	0,0	0,0	0,0	0,0	0,0	0,0	1,0	0,0	0,0	0,0	0,1	1,0	0,2	0,0	0,0	0,0	0,0	0,0	0,0	0,0	0,0
Tpa_6224_1	0,41	0,1	0,8	0,0	0,5	0,1	0,0	0,1	0,1	0,1	0,1	0,1	0,1	0,1	0,2	0,1	0,0	0,4	0,0	0,0	0,1	0,1	0,1	0,2	0,0	0,0	0,5	0,0	0,0	0,0	0,0	0,0
Tpa_6265_1	8,0	2,0	4,0	12,0	21,0	4,0	1,0	3,0	4,0	0,0	2,0	1,4	1,0	1,2	7,0	6,0	1,0	17,0	1,0	1,8	2,0	0,2	2,0	3,0	1,2	0,0	3,9	0,0	0,0	0,0	0,0	0,0
Tpa_6270_1	8,18	0,0	23,0	1,0	6,0	4,0	0,0	0,0	3,0	0,1	1,0	4,0	0,0	0,0	0,1	3,0	0,0	1,6	0,0	0,0	0,0	1,0	0,0	1,0	0,0	0,0	1,0	0,0	0,0	0,0	0,0	0,0
Tpa_6321_1	0,0	0,0	0,0	0,0	0,0	0,0	0,0	0,0	0,0	0,0	0,0	0,0	0,0	0,0	0,0	0,0	0,0	0,0	0,0	0,0	0,0	0,0	0,0	0,0	0,0	0,0	0,0	0,0	0,0	0,0	0,0	0,0
Tpa_6352_1	1,0	0,3	0,0	0,5	0,8	0,1	0,0	0,0	0,0	0,0	0,1	0,0	0,0	0,0	0,2	0,0	0,0	3,7	0,0	0,1	0,0	0,0	0,0	0,0	0,0	0,0	0,2	0,1	0,0	0,0	0,0	0,0
Tpa_6355_1	0,1	0,0	0,1	0,1	0,0	0,0	0,0	0,0	0,0	0,0	0,1	0,0	0,0	0,0	0,0	0,1	0,0	0,1	0,0	0,1	0,0	0,0	0,0	0,0	0,0	0,0	0,0	0,0	0,0	0,0	0,0	0,0
Tpa_6384_1	0,0	0,0	0,1	0,2	0,1	0,0	0,0	0,0	0,0	0,0	0,0	0,0	0,0	0,0	0,1	0,0	0,0	0,5	0,0	0,3	0,0	0,0	0,1	0,0	0,0	0,0	0,1	0,0	0,0	0,0	0,0	0,0
Tpa_6385_1	6,0	2,0	3,0	2,0	2,0	0,0	0,0	0,0	0,0	1,0	1,0	0,0	0,0	0,0	0,0	0,0	0,0	2,0	0,0	0,0	0,0	0,0	0,0	2,0	0,0	0,0	1,0	0,0	0,0	0,0	0,0	0,0
Tpa_6388_1	0,3	0,0	0,7	0,2	0,8	0,0	0,0	0,0	0,1	0,0	0,1	0,0	0,1	0,0	0,1	0,1	0,0	0,2	0,1	0,2	0,0	0,0	0,1	0,2	0,0	0,0	0,0	0,0	0,0	0,0	0,0	0,0
Tpa_6391_1	30,0	1,0	23,0	1,0	1,1	2,2	0,0	0,0	0,1	1,0	3,0	0,0	0,0	0,0	1,0	2,1	0,0	5,0	1,0	5,0	0,0	0,0	0,0	2,0	0,0	0,0	0,0	0,0	0,0	0,0	0,0	0,0
Tpa_6411_1	0,0	0,0	0,0	0,0	0,0	0,0	0,0	0,0	0,0	0,0	0,0	0,0	0,0	0,1	0,0	0,1	0,0	0,0	0,0	0,0	0,0	0,0	0,1	0,0	0,0	0,0	0,0	0,0	0,0	0,0	0,0	0,0
Tpa_6422_1	161,0	34,0	84,0	68,0	154,0	305,0	0,0	0,0	17,0	3,0	92,0	131,0	7,0	7,0	38,0	30,0	1,0	126,0	0,0	0,0	0,0	26,1	95,0	21,1	3,0	3,0	33,0	0,0	0,0	1,0	0,0	1,0
Tpa_6442_1	55,40	0,5	0,16	0,0	0,4	0,12	0,0	0,0	0,0	0,0	0,0	0,0	0,0	0,0	2,2	4,3	0,0	0,2	0,0	0,1	0,0	0,0	0,0	0,1	0,0	0,0	0,0	0,0	0,0	0,0	0,0	0,0
Tpa_6449_1	0,0	0,0	0,0	0,0	0,1	0,0	0,0	0,0	0,0	0,0	0,0	0,0	0,0	0,0	0,0	0,0	0,0	0,0	0,0	0,0	0,0	0,0	0,0	0,0	0,0	0,0	0,0	0,0	0,0	0,0	0,0	0,0
Tpa_6451_1	0,5	0,30	0,2	0,63	0,28	0,5	0,0	0,0	0,8	0,2	0,12	0,3	0,0	0,3	0,14	0,6	0,2	0,65	0,2	0,21	0,1	0,15	0,10	0,8	0,3	0,1	5,1	0,0	0,0	0,0	0,0	0,0
Tpa_6453_1	6,0	0,0	13,0	2,0	2,0	2,0	0,0	0,0	1,0	1,0	0,0	1,0	0,0	0,0	1,0	2,0	0,0	1,0	0,0	2,0	0,0	2,0	0,0	2,0	0,0	0,0	0,0	0,0	0,0	0,0	0,0	0,0
Tpa_6487_1	46,0	10,0	20,0	9,0	30,0	8,0	0,0	0,0	3,0	1,0	13,0	4,0	4,0	3,0	8,0	13,0	0,0	22,0	1,0	6,0	0,0	1,0	6,0	5,15	7,0	0,0	9,0	1,0	0,0	0,0	0,0	0,0
Tpa_6493_1	22,0	5,0	11,0	12,0	45,0	5,0	0,0	0,0	2,0	0,0	10,0	0,0	0,0	3,0	2,0	9,0	1,0	33,0	1,0	13,0	0,0	3,0	6,0	9,0	1,0	1,0	4,0	1,0	0,0	0,0	0,0	0,0
Tpa_6511_1	2,2194	0,535	429,391	7,879	2,1679	3,1653	0,7	0,13	0,635	0,425	2,918	1,1018	0,600	0,439	0,468	2,1053	0,120	1,1141	0,253	583,471	0,113	1,517	2,890	1,1191	0,208	0,45	1,250	10,22	0,1	0,12	0,0	0,6
Tpa_6543_1	27,0	6,0	67,0	4,0	14,0	12,0	0,0	0,0	0,0	0,0	4,0	1,0	2,0	0,0	0,0	4,0	0,0	2,0	0,0	1,0	0,0	0,0	0,1	3,2	0,0	0,0	0,0	0,0	0,0	0,0	0,0	0,0
Tpa_6562_1	4,0	1,0	0,0	0,0	0,0	0,0	0,0	0,0	0,0	0,0	1,0	0,0	0,0	0,0	0,0	0,0	0,0	0,0	0,0	0,0	0,0	0,0	0,0	0,0	0,0	0,0	0,0	0,0	0,0	0,0	0,0	0,0
Tpa_6565_1	2,553	0,168	0,244	0,110	0,404	1,394	0,7	1,12	0,211	0,235	0,314	157,139	0,309	0,153	0,160	0,308	0,32	0,372	0,149	0,386	1,101	0,213	0,341	0,390	0,127	0,44	0,127	0,25	0,1	0,7	0,0	0,0
Tpa_6586_1	0,2	0,0	0,1	0,0	0,0	0,1	0,0	0,0	0,0	0,0	0,0	0,0	0,0	0,0	0,0	0,0	0,0	0,0	0,0	0,0	0,0	0,0	0,0	0,0	0,0	0,0	0,0	0,0	0,0	0,0	0,0	0,0
Tpa_6591_1	0,2	0,0	0,0	0,0	0,0	0,1	0,0	0,0	0,0	0,0	0,0	0,0	0,0	0,0	0,0	0,0	0,0	0,0	0,0	0,0	0,0	0,0	0,0	0,0	0,0	0,0	0,0	0,0	0,0	0,0	0,0	0,0
Tpa_6604_1	0,0	0,0	0,0	0,0	0,0	0,0	0,0	0,0	0,0	0,0	0,0	0,0	0,0	0,0	0,0	0,0	0,0	0,0	0,0	0,0	0,0	0,0	0,0	0,0	0,0	0,0	0,0	0,0	0,0	0,0	0,0	0,0
Tpa_6611_1	3,0	1,0	1,0	9,0	18,0	1,0	0,0	0,0	1,0	2,0	3,0	0,0	0,0	0,0	2,0	0,2	0,0	1,0	0,0	3,0	0,0	1,0	0,0	5,0	0,0	0,0	1,0	0,0	0,0	0,0	0,0	0,0
Tpa_6630_1	36,54	5,0	29,0	7,2	40,0	9,20	0,0	1,0	1,4	1,1	2,0	5,11	2,0	1,4	3,0	6,0	0,0	0,14	1,1	5,0	1,0	1,0	7,0	21,0	0,0	0,0	5,6	0,0	0,0	0,0	0,0	0,0
Tpa_6654_1	16,0	43,0	6,0	159,0	253,0	13,0	0,0	3,0	36,0	5,0	79,0	9,0	6,0	1,1	11,6	13,0	3,0	124,0	13,0	51,0	0,0	22,0	27,0	53,0	5,0	0,0	21,0	1,0	0,0	0,0	0,0	0,0
Tpa_6683_1	0,0	0,0	0,0	0,0	0,0	0,0	0,0	0,0	0,0	0,0	0,0	0,0	0,0	0,0	0,0	0,0	0,0	0,0	0,0	0,0	0,0	0,0	0,0	0,0	0,0	0,0	0,0	0,0	0,0	0,0	0,0	0,0
Tpa_6687_1	0,4	0,0	3,0	0,0	3,0	0,0	0,0	0,0	0,0	0,0	0,0	0,0	0,0	0,0	0,0	1,0	0,0	2,0	0,1	1,0	0,0	0,0	0,0	1,2	0,0	0,0	0,0	0,0	0,0	0,0	0,0	0,0
Tpa_6713_1	1,0	0,0	0,0	0,0	1,0	0,0	0,0	0,0	0,0	0,0	0,0	0,0	0,0	0,0	0,0	0,0	0,0	0,0	0,0	0,0	0,0	0,0	0,0	0,0	0,0	0,0	0,0	0,0	0,0	0,0	0,0	0,0
Tpa_6733_1	10,0	3,0	3,0	2,0	7,0	3,0	0,0	0,0	1,0	0,0	2,0	0,0	1,0	1,0	2,2	1,0	0,0	4,0	1,0	0,1	0,0	1,0	1,0	4,0	0,1	0,0	3,0	0,0	0,0	0,0	0,0	0,0
Tpa_6768_1	0,185	0,9	0,63	0,2	0,3	0,82	0,0	0,0	0,2	0,1	0,3	1,1	0,3	0,2	0,1	0,8	0,0	0,9	0,0	0,5	0,2	0,0	0,1	0,0	0,1	0,1	0,2	0,0	0,0	0,0	0,0	0,0
Tpa_6773_1	1,8	0,0	0,9	0,0	0,3	0,9	0,0	0,0	0,0	0,0	0,0	0,0	0,0	0,1	0,0	0,0	0,0	0,4	0,0	0,0	0,1	0,0	0,1	0,4	0,0	0,0	0,0	0,1	0,0	0,0	0,0	0,0
Tpa_6774_1	10,0	1,0	21,0	2,0	4,0	2,0	0,0	0,0	0,0	0,0	1,0	1,0	0,0	0,0	1,0	0,0	0,0	0,0	0,0	1,0	0,0	0,0	1,0	0,0	0,0	0,0	0,0	0,0	0,0	0,0	0,0	0,0
Tpa_6786_1	2,0	0,0	1,0	0,0	0,0	0,0	0,0	0,0	0,0	0,0	0,0	0,0	0,0	0,0	0,0	0,0	0,0	0,0	0,0	0,0	0,0	0,0	0,0	0,0	0,0	0,0	1,0	0,0	0,0	0,0	0,0	0,0
Tpa_6814_1	0,326	0,55	0,166	0,53	1,155	0,133	0,0	0,0	14,14	0,5	0,30	13,7	0,2	0,14	0,21	0,76	0,0	0,139	0,5	0,48	0,1	0,23	0,27	0,74	0,4	2,3	0,16	0,1	0,0	0,0	0,0	0,0
Tpa_6816_1	26,9	0,2	0,21	0,2	3,3	14,0	0,0	0,0	0,3	0,0	7,0	0,2	0,1	0,1	0,1	0,5	0,0	0,9	0,0	0,1	0,0	0,1	4,0	7,0	0,0	0,0	1,1	0,0	0,0	0,0	0,0	0,0
Tpa_6853_1	115,0	25,0	125,0	34,0	93,0	77,0	0,0	0,0	18,0	4,0	28,0	14,15	4,0	4,0	15,0	65,0	1,0	83,0	5,0	21,0	3,0	16,0	23,0	48,0	3,0	2,0	12,0	3,0	0,0	0,0	0,0	0,0
Tpa_6887_1	29,0	9,0	31,0	7,0	29,0	8,0	0,0	0,0	2,2	1,0	5,0	1,0	0,0	2,0	3,0	13,0	0,0	15,0	1,0	5,0	1,0	1,0	3,0	3,0	1,0	1,0	2,0	0,0	0,0	0,0	0,0	0,0
Tpa_6922_1	19,0	4,0	18,0	0,4	5,0	4,0	0,0	0,0	1,0	0,0	1,0	0,0	0,0	2,0	0,0	2,1	0,0	3,5	1,0	2,0	0,0	0,0	0,0	2,0	0,0	1,0	0,0	0,0	0,0	0,0	0,0	0,0
Tpa_6937_1	450,0	41,0	179,0	13,0	41,0	144,1	0,0	0,0	13,0	7,0	34,0	52,1	9,0	8,0	7,0	59,0	1,0	45,0	6,0	22,0	3,0	1,0	15,0	24,0	8,0	1,0	11,0	2,0	0,0	0,0	0,0	0,0
Tpa_6963_1	35,0	2,0	23,0	2,0	6,0	1,0	0,0	1,0	1,0	0,0	4,0	1,0	1,0	2,0	1,0	2,0	0,0	4,0	0,0	2,0	0,0	0,0	2,0	2,0	1,0	0,0	3,0	0,0	0,0	0,0	0,0	0,0
Tpa_6973_1	122,0	2,0	27,0	0,0	7,0	11,0	0,0	0,0	1,0	0,0	3,0	3,0	0,0	1,0	3,0	1,1	1,0	5,4	0,0	3,0	0,0	1,0	0,0	5,0	0,0	0,2	0,0	0,0	0,0	0,0	0,0	0,0
Tpa_7007_1	2,8	0,0	0,12	0,0	1,8	0,0	0,0	0,0	0,1	0,0	0,0	0,0	0,0	0,0	0,0	0,0	0,0	1,0	0,0	3,0	0,0	1,0	0,0	0,0	0,0	0,0	0,0	0,0	0,0	0,0	0,0	0,0
Tpa_7010_1	0,25	0,1	0,21	0,0	0,0	0,4	0,0	0,0	0,0	0,1	1,0	0,0	0,0	0,0	0,2	0,2	0,0	0,4	0,0	0,1	0,0	0,0	0,1	0,0	0,0	0,0	0,1	0,0	0,0	0,0	0,0	0,0
Tpa_7018_1	1,0	0,0	0,0	0,0	0,0	0,0	0,0	0,0	0,0	0,0	0,0	0,0	0,0	0,0	0,0	0,0	0,0	0,0	0,0	0,0	0,0	0,0	0,0	0,0	0,0	0,0	0,0	0,0	0,0	0,0	0,0	0,0
Tpa_7052_1	171,0	6,0	51,0	5,0	17,0	54,0	0,0	0,0	9,0	1,0	4,2	6,0	7,0	2,0	3,0	9,0	2,0	21,0	1,0	8,6	3,0	1,0	5,0	12,0	9,0	1,0	9,0	1,0	0,0	0,0	0,0	0,0
Tpa_7058_1	18,15	10,0	58,0	4,0	10,0	8,0	0,0	0,0	1,0	1,0	9,0	5,0	1,0	6,0	9,0	7,0	0,0	21,0	1,0	1,0	1,0	1,0	7,0	7,0	4,0	1,0	3,0	0,0	0,0	0,0	0,0	0,0
Tpa_7062_1	76,0	1,2	10,11	3,1	8,0	8,0	0,0	0,0	0,0	0,0	3,0	2,0	2,0	2,0	3,0	9,0	0,0	11,0	1,0	2,0	0,0	1,0	1,0	5,0	2,0	0,0	0,0	0,0	0,0	0,0	0,0	0,0
Tpa_7080_1	0,27	0,5	0,15	0,1	0,4	0,9	0,0	0,0	0,0	0,0	0,1	0,2	0,0	0,1	0,0	0,5	0,0	0,7	0,0	0,1	0,0	0,0	0,1	0,0	0,1	0,0	0,0	0,0	0,0	0,1	0,0	0,0
Tpa_7082_1	0,1	0,0	0,0	0,0	0,0	0,0	0,0	0,0	0,0	0,0	0,0	0,0	0,0	0,0	0,0	0,0	0,0	0,0	0,0	0,0	0,0	0,0	0,1	0,0	0,0	0,0	0,0	0,0	0,0	0,0	0,0	0,0
Tpa_7090_1	0,163	0,13	50,47	1,9	0,25	0,33	0,0	0,0	0,3	1,1	0,8	0,10	0,0	0,6	0,10	0,14	0,0	0,43	0,4	0,16	0,2	0,2	0,12	0,28	0,1	0,0	0,2	0,3	0,0	0,0	0,0	0,0
Tpa_7153_1	2,0	1,0	0,0	2,0	4,0	1,0	0,0	0,0	2,0	0,0	1,0	0,0	0,0	0,0	0,0	0,0	0,0	4,0	0,0	1,0	0,0	0,0	0,0	6,0	0,0	1,0	1,0	0,0	0,0	0,0	0,0	0,0
Tpa_7157_1	3,1	0,1	3,0	1,0	2,0	1,0	0,0	0,0	0,0	0,0	0,0	0,0	0,0	0,0	1,0	0,0	0,0	0,0	0,0	1,0	0,0	0,0	0,0	0,0	0,2	0,0	0,0	0,0	0,0	0,0	0,0	0,0
Tpa_7201_1	2,326	0,17	66,76	1,0	0,6	15,15	0,0	0,0	0,6	0,3	3,12	0,17	3,2	0,3	0,9	0,17	0,0	19,18	0,2	0,5	0,1	0,0	0,4	0,26	0,5	0,1	0,10	0,0	0,0	0,0	0,0	0,0
Tpa_7204_1	0,12	0,0	0,10	0,0	0,4	0,3	0,0	0,0	0,1	0,0	0,1	0,1	0,0	0,0	0,2	0,1	0,0	0,4	0,0	0,0	0,0	0,0	0,1	0,1	0,0	0,0	0,2	0,0	0,0	0,0	0,0	0,0
Tpa_7210_1	0,3	0,0	0,1	0,0	0,0	0,0	0,0	0,0	0,1	0,0	0,0	0,1	0,0	0,0	0,0	1,0	0,0	0,2	0,0	0,0	0,0	0,0	0,1	0,0	0,0	0,0	0,0	0,0	0,0	0,0	0,0	0,0
Tpa_7213_1	0,503	0,48	0,133	0,11	0,84	0,182	0,1	0,0	0,28	0,11	0,50	0,20	0,25	0,14	0,44	0,42	0,2	0,0	0,14	0,75	0,7	0,6	0,43	0,34	0,29	0,15	0,30	0,4	0,0	0,1	0,0	0,0
Tpa_7221_1	7,7	0,4	0,9	0,1	2,0	1,3	0,0	0,0	1,2	0,0	0,0	0,2	0,0	1,2	0,3	0,1	0,0	4,2	1,0	0,2	0,0	0,1	0,4	0,2	1,1	0,0	1,0	0,0	0,0	0,0	0,0	0,0
Tpa_7240_1	0,36	0,26	43,15	0,52	0,87	0,12	0,2	0,1	0,25	0,5	0,8	0,6	0,4	0,16	0,21	0,18	0,4	0,87	0,7	0,67	0,3	0,15	0,41	0,45	0,12	0,1	0,22	0,1	0,0	0,1	0,0	0,0
Tpa_7289_1	3,0	0,0	1,0	0,0	1,0	0,0	0,0	0,0	0,0	0,0	0,0	0,0	0,0	0,0	0,0	0,0	0,0	0,0	0,0	0,0	0,0	0,0	0,0	0,0	0,0	0,0	1,0	0,0	0,0	0,0	0,0	0,0
Tpa_7291_1	3,0	0,0	2,0	0,0	0,4	0,2	0,0	0,0	0,0	0,1	1,0	0,0	0,0	0,0	0,0	0,0	0,0	1,0	0,0	1,0	0,0	0,0	1,1	0,0	0,0	0,0	0,0	0,0	0,0	0,0	0,0	0,0
Tpa_7293_1	0,0	0,0	0,0	0,0	0,0	0,0	0,0	0,0	0,0	0,0	0,0	0,0	0,0	0,0	0,0	0,0	0,0	1,0	0,0	0,0	0,0	0,0	0,0	0,0	0,0	0,0	0,0	0,0	0,0	0,0	0,0	0,0
Tpa_7331_1	0,0	0,0	0,0	0,0	0,0	0,0	0,0	0,0	1,0	0,0	0,0	0,0	0,0	0,0	0,0	0,0	0,0	0,0	0,0	0,0	0,0	0,0	0,0	0,0	0,0	0,0	0,0	0,0	0,0	0,0	0,0	0,0
Tpa_7348_1	137,0	41,0	90,0	105,0	196,0	49,0	1,0	0,0	34,0	11,0	91,0	23,0	5,0	21,0	31,0	25,23	4,0	102,0	17,0	33,0	0,0	22,0	9,13	59,0	4,0	0,0	6,0	2,0	0,0	0,0	0,0	0,0
Tpa_7352_1	0,0	0,0	0,0	0,0	0,0	0,0	0,0	0,0	0,0	0,0	0,0	0,0	0,0	0,0	0,0	0,0	0,0	0,0	0,0	0,0	0,0	0,0	0,0	0,0	0,0	0,0	0,0	0,0	0,0	0,0	0,0	0,0
Tpa_7367_1	0,248	5,7	0,156	0,7	0,30	1,100	0,0	0,0	0,11	0,1	0,11	1,3	0,5	0,7	0,15	0,60	0,0	0,45	0,0	0,10	0,0	0,1	3,4	10,6	0,5	0,2	1,17	0,1	0,0	0,0	0,0	0,0
Tpa_7375_1	119,0	5,7	45,0	2,0	10,0	24,0	0,0	0,0	3,0	0,0	3,4	3,6	0,1	4,0	2,0	0,12	0,0	15,0	0,0	6,0	2,0	2,0	1,0	5,0	0,0	0,0	6,0	0,0	0,0	0,0	0,0	0,0
Tpa_7406_1	0,0	0,0	0,0	0,0	0,0	0,0	0,0	0,0	0,0	0,0	0,0	0,0	0,0	0,0	0,0	0,0	0,0	0,0	0,0	0,0	0,0	0,0	0,0	0,0	0,0	0,0	0,0	0,0	0,0	0,0	0,0	0,0
Tpa_7413_1	0,0	0,0	0,135	0,0	0,1	0,0	0,0	0,0	0,0	0,0	0,1	0,1	0,0	0,0	0,0	0,1	0,0	0,1	0,0	0,0	0,0	0,0	0,0	0,0	0,0	0,0	0,0	0,0	0,0	0,0	0,0	0,0
Tpa_7417_1	0,2	0,1	0,1	0,0	0,0	0,1	0,0	0,0	0,0	0,0	0,0	0,0	0,0	0,1	0,0	0,0	0,0	0,0	0,0	0,2	0,0	0,0	0,0	0,0	0,0	0,0	0,0	0,0	0,0	0,0	0,0	0,0
Tpa_7425_1	1,135	0,20	0,95	1,20	0,60	0,46	0,1	0,0	0,10	0,0	0,11	0,12	0,4	0,10	0,13	9,11	0,2	0,66	0,2	7,6	0,1	0,4	0,17	0,36	0,4	0,0	0,11	2,1	0,0	0,0	0,0	0,0
Tpa_7447_1	0,2	0,3	0,1	0,3	0,37	0,2	0,0	0,0	0,0	0,0	0,1	0,0	0,0	0,0	0,3	0,4	0,0	0,11	0,1	0,4	0,0	0,0	0,1	0,9	0,0	0,0	0,1	0,0	0,0	0,0	0,0	0,0
Tpa_7450_1	0,0	0,0	0,0	0,0	0,0	0,0	0,0	0,0	0,0	0,0	0,0	0,0	0,0	0,0	0,0	0,0	0,0	0,0	0,0	0,0	0,0	0,0	0,0	0,0	0,0	0,0	0,0	0,0	0,0	0,0	0,0	0,0
Tpa_7452_1	120,160	117,0	235,0	197,0	375,0	68,66	1,1	3,0	68,0	7,0	88,0	17,0	8,0	47,2	38,0	64,0	6,0	338,0	15,0	157,0	6,0	69,0	93,0	0,208	28,0	7,0	76,0	7,0	0,0	1,0	0,0	0,0
Tpa_7454_1	2,0	0,0	0,0	0,0	0,0	0,0	0,0	0,0	0,0	0,0	0,0	0,0	0,0	0,0	0,0	0,0	0,0	0,0	0,0	0,0	0,0	0,0	0,0	0,0	0,0	0,0	0,0	0,0	0,0	0,0	0,0	0,0
Tpa_7461_1	0,5	0,0	0,3	0,1	0,1	0,2	0,0	0,0	0,0	0,0	0,1	0,2	0,0	0,0	0,0	0,0	0,0	0,1	0,0	0,0	0,0	0,0	0,0	0,2	0,0	0,0	0,0	0,0	0,0	0,0	0,0	0,0
Tpa_7477_1	24,13	16,0	9,6	0,0	7,0	21,16	0,0	0,0	1,0	0,0	2,0	15,0	0,0	1,1	1,0	19,0	0,0	9,0	0,0	2,0	0,0	1,0	1,0	3,0	1,0	0,1	3,0	0,0	0,0	0,0	0,0	0,0
Tpa_7479_1	1,238	0,11	0,47	0,0	0,7	0,65	0,0	0,0	1,0	0,0	0,4	0,3	0,0	0,4	0,1	0,7	0,0	4,0	0,1	0,2	0,1	0,0	0,1	0,4	0,0	0,0	0,3	0,0	0,0	0,0	0,0	0,0
Tpa_7483_1	0,84	0,1	0,44	0,0	0,3	0,18	0,0	0,0	0,2	1,2	1,0	0,5	0,0	0,1	0,0	0,4	0,0	0,5	0,1	0,1	0,1	1,0	0,0	0,1	0,1	0,0	0,1	0,0	0,0	0,0	0,0	0,0
Tpa_7495_1	0,275	0,73	0,108	0,166	0,286	0,70	0,1	0,3	0,52	0,12	0,100	0,37	0,13	0,55	0,61	0,69	0,5	0,208	6,5	0,147	0,11	0,33	0,78	0,124	9,8	0,9	0,48	0,6	0,0	0,3	0,0	0,0
Tpa_7533_1	407,0	48,0	71,73	36,28	261,1	180,0	3,0	2,0	53,0	6,0	0,63	17,0	33,0	50,0	29,25	34,0	3,0	225,1	6,0	85,0	10,0	21,0	76,0	125,0	11,8	1,1	61,0	3,0	0,0	3,0	0,0	0,0
Tpa_7540_1	3,0	0,0	0,0	0,0	1,0	0,0	0,0	0,0	0,0	0,0	0,0	0,0	0,0	0,0	0,0	0,0	0,0	0,0	0,0	1,0	0,0	0,0	0,0	0,0	0,0	0,0	0,0	0,0	0,0	0,0	0,0	0,0
Tpa_7553_1	68,56	15,0	116,0	7,0	26,0	37,0	0,0	0,0	7,0	2,0	11,0	8,0	6,0	2,4	7,0	24,0	4,0	32,0	1,2	15,0	3,0	1,0	4,0	18,0	2,0	1,2	9,0	0,0	0,0	0,0	0,0	0,0
Tpa_7560_1	0,63	0,4	0,38	0,2	0,4	0,26	0,0	0,0	0,0	0,0	0,1	0,5	0,2	0,1	0,2	0,2	0,0	0,8	0,0	0,2	0,0	0,2	0,4	0,5	0,2	0,0	2,0	0,0	0,0	0,2	0,0	0,0
Tpa_7566_1	279,0	30,0	89,0	2,0	24,0	148,0	0,0	0,0	1,0	1,0	2,0	10,12	0,1	4,0	2,0	20,0	0,0	7,8	2,0	5,2	2,0	2,0	6,0	1,2	4,0	2,0	8,0	0,0	0,0	0,0	0,0	0,0
Tpa_7567_1	429,391	119,33	375,0	176,158	670,1	252,116	3,0	0,0	109,113	0,26	120,0	85,60	53,27	136,1	95,85	1,323	0,19	322,314	58,0	261,0	13,14	0,151	162,105	238,209	88,33	9,8	49,37	25,0	0,0	0,0	0,0	1,1
Tpa_7571_1	0,315	0,17	0,158	1,1	0,26	90,105	0,0	0,0	0,2	2,1	0,29	0,37	0,2	0,6	0,8	31,56	0,3	20,18	2,1	0,12	0,2	0,5	10,0	5,10	1,2	0,2	0,4	0,0	0,0	0,1	0,0	0,0
Tpa_7586_1	437,0	0,36	0,151	0,3	7,5	0,157	0,0	0,1	1,3	0,1	0,10	0,18	4,3	0,11	2,3	0,25	1,0	0,29	4,0	0,9	4,0	0,0	0,12	9,7	3,2	1,2	5,1	0,2	0,0	0,1	0,0	0,0
Tpa_7594_1	1497,0	489,0	587,0	238,220	1075,1	1107,1	8,1	14,0	521,0	284,211	726,1	414,287	526,0	384,0	215,160	847,0	95,0	1029,1	243,0	993,1	64,57	515,0	417,347	872,0	352,0	152,0	330,0	38,0	0,0	4,4	0,0	5,0
Tpa_7597_1	0,922	0,177	0,240	0,479	0,824	0,467	0,25	0,17	0,294	0,107	0,398	0,342	0,180	0,210	145,119	0,355	0,108	0,687	0,182	0,714	0,170	0,177	0,504	0,590	0,259	0,112	0,185	0,77	0,0	0,29	0,0	0,7
Tpa_7601_1	0,0	0,0	0,0	0,0	0,0	0,0	0,0	0,0	0,0	0,0	0,0	0,0	0,0	0,0	0,0	0,0	0,0	0,1	0,0	0,0	0,0	0,0	0,0	0,0	0,0	0,0	0,0	0,0	0,0	0,0	0,0	0,0
Tpa_7604_1	1376,0	23,0	275,0	365,0	1038,0	639,0	15,0	6,0	598,2	261,0	687,0	0,0	328,0	235,0	27,0	1,0	0,0	460,0	283,0	505,0	164,0	1,0	0,0	436,0	10,0	2,0	0,0	37,0	0,0	15,0	0,0	0,0
Tpa_7605_1	8,0	0,0	1,1	0,0	0,0	1,0	0,0	0,0	0,0	0,0	0,1	0,0	0,0	0,0	0,0	0,0	0,0	0,0	0,0	0,0	0,0	0,0	0,0	1,0	0,0	0,0	0,0	0,0	0,0	0,0	0,0	0,0
Tpa_7615_1	10,0	1,0	1,0	1,0	2,0	1,0	0,0	0,0	0,0	0,0	2,0	0,0	0,0	0,0	0,0	1,0	0,0	1,0	0,0	1,0	0,0	0,0	2,0	0,0	0,0	0,0	0,0	0,0	0,0	0,0	0,0	0,0
Tpa_7652_1	2,1555	0,386	0,660	1,580	0,1033	771,576	7,2	0,8	1,452	0,227	2,553	3,550	0,220	273,214	3,355	0,996	0,34	1,910	0,187	0,611	0,66	1,362	3,480	1,755	0,149	0,53	0,256	1,22	0,1	0,9	0,0	0,0
Tpa_7653_1	739,579	334,1	1,514	303,298	0,1014	842,0	1,17	4,20	0,451	129,76	312,240	0,488	197,142	12,289	0,356	299,282	0,76	0,828	6,198	378,404	0,119	181,201	253,245	0,730	0,213	0,57	138,92	25,18	0,0	0,18	0,0	4,0
Tpa_7657_1	0,46	0,0	0,8	0,2	0,9	0,2	0,0	0,0	0,1	0,1	0,1	0,1	0,0	0,0	0,2	0,0	0,0	0,4	0,0	0,2	0,0	0,0	0,0	0,2	0,0	0,0	0,0	0,0	0,0	0,0	0,0	0,0
Tpa_7665_1	0,0	0,0	0,0	0,0	0,0	0,0	0,0	0,0	0,0	0,0	0,0	0,0	0,0	0,0	0,0	0,0	0,0	0,0	0,0	0,0	0,0	0,0	0,0	0,0	0,0	0,0	0,0	0,0	0,0	0,0	0,0	0,0
Tpa_7686_1	375,593	0,183	0,350	11,23	92,158	214,341	2,3	0,8	1,67	0,54	0,187	76,144	34,34	30,4	58,0	0,389	0,29	78,184	10,19	37,118	8,20	15,1	0,143	0,227	19,37	0,50	33,65	2,2	0,1	6,4	0,0	2,0
Tpa_7690_1	586,0	84,0	218,0	3,3	27,0	136,0	0,0	0,0	5,1	3,3	10,4	28,0	15,0	10,0	20,0	55,0	1,1	55,0	4,0	11,8	5,0	1,0	13,0	24,0	16,0	6,4	22,0	1,0	0,0	0,0	0,0	0,0
Tpa_7691_1	0,15	0,9	73,3	0,11	0,18	0,6	0,0	0,0	0,3	0,0	0,4	0,1	0,1	0,2	0,5	0,6	0,1	0,7	0,0	0,11	0,0	0,1	0,2	0,11	0,0	0,0	0,2	1,1	0,0	0,0	0,0	0,0
Tpa_7703_1	1056,0	88,0	286,0	21,0	165,0	324,0	0,0	1,0	19,0	17,0	64,0	114,0	6,0	19,0	16,0	179,0	0,3	43,42	3,3	26,0	3,0	9,0	27,0	46,0	7,0	1,0	11,0	0,0	0,0	0,0	0,0	0,0
Tpa_7757_1	0,0	0,0	0,0	0,0	0,0	0,0	0,0	0,0	0,0	0,0	0,0	0,1	0,0	0,0	0,0	0,0	0,0	0,0	0,0	0,0	0,0	0,0	0,0	0,0	0,0	0,0	0,0	0,0	0,0	0,0	0,0	0,0
Tpa_7764_1	0,122	0,11	19,24	0,1	0,14	0,49	0,0	0,0	0,3	0,0	1,5	8,9	0,1	0,2	0,4	5,5	0,0	3,14	0,1	0,6	0,0	0,0	0,3	0,12	0,2	0,0	0,2	0,1	0,0	0,0	0,0	0,0
Tpa_7765_1	0,9	0,2	0,8	0,5	0,8	0,10	0,0	0,0	1,0	0,1	0,4	0,4	0,0	0,1	0,1	0,8	0,0	0,6	0,1	3,0	0,0	0,1	0,3	0,13	0,0	0,0	0,0	0,0	0,0	0,0	0,0	0,0
Tpa_7769_1	0,0	0,0	0,1	0,0	0,0	0,0	0,0	0,0	0,0	0,0	0,0	0,0	0,0	0,0	0,0	0,0	0,0	0,0	0,0	0,0	0,0	0,0	0,0	0,0	0,0	0,0	0,0	0,0	0,0	0,0	0,0	0,0
Tpa_7772_1	0,0	0,0	0,0	0,0	0,0	0,0	0,0	0,0	0,0	0,0	0,0	0,0	0,0	0,0	0,0	0,0	0,0	0,0	0,0	0,0	0,0	0,0	0,0	0,0	0,0	0,0	0,0	0,0	0,0	0,0	0,0	0,0
Tpa_7798_1	15,16	3,0	56,0	2,0	3,0	6,3	0,0	0,0	2,0	0,0	1,0	1,0	0,1	1,0	2,0	0,0	0,0	4,0	0,0	0,0	0,0	0,1	0,1	0,1	1,0	0,0	0,0	0,0	0,0	0,0	0,0	0,0
Tpa_7799_1	8,0	2,0	3,0	0,0	3,0	0,0	0,0	0,0	0,0	0,0	0,0	0,0	1,0	1,0	1,0	1,0	0,0	6,0	0,0	0,0	0,0	1,0	1,0	3,0	0,0	0,0	1,0	0,0	0,0	0,0	0,0	0,0
Tpa_7805_1	0,9	1,0	0,4	2,1	0,9	0,2	0,0	0,0	0,2	0,1	0,1	0,0	0,0	0,0	0,1	1,0	0,0	0,6	0,0	2,1	0,0	0,0	0,0	0,3	0,0	0,0	0,0	0,0	0,0	0,0	0,0	0,0
Tpa_7807_1	8,0	0,0	5,0	0,0	1,0	1,0	0,0	0,0	0,0	0,0	0,0	0,0	0,0	1,0	0,0	0,0	0,0	2,0	0,0	1,0	0,0	0,0	1,0	0,0	0,0	0,0	0,0	0,0	0,0	0,0	0,0	0,0
Tpa_7814_1	29,0	2,0	9,0	1,0	3,0	8,0	0,0	0,0	0,0	0,0	2,0	2,0	0,0	0,0	0,0	0,3	0,0	1,0	0,0	0,1	0,0	0,0	0,0	3,0	0,0	0,0	0,0	0,0	0,0	0,0	0,0	0,0
Tpa_7825_1	0,173	0,44	0,73	0,18	0,19	0,75	0,0	0,0	0,28	0,9	0,28	0,41	0,8	0,24	0,10	0,72	0,4	0,121	0,13	0,32	0,3	0,4	0,26	0,78	0,20	0,4	0,36	0,3	0,0	0,1	0,0	0,1
Tpa_7848_1	29,0	11,0	30,0	10,0	11,0	15,0	1,0	1,0	4,0	0,0	7,0	2,0	3,0	9,0	8,0	15,0	0,0	30,0	0,0	12,0	1,0	6,0	1,0	27,0	0,0	0,0	18,0	0,0	0,0	0,0	0,0	0,0
Tpa_7910_1	60,0	4,5	21,0	1,0	4,6	7,0	0,0	0,0	0,0	0,0	3,0	1,0	1,0	1,0	3,0	2,3	0,0	11,0	0,0	4,0	0,0	1,0	1,0	0,7	0,3	1,0	1,2	0,0	0,0	0,0	0,0	0,0
