Locus_ID	AvgReadDepth	GenotypeRate	minAF	majAF	alleles	allFreqs	conScore
1	Tpa_0010_1	1.85185185185185	0.0526315789473684	0.2	0.8	A,G	0.8,0.2	0
2	Tpa_0012_1	4.5	0.336842105263158	0.015625	0.984375	C,A	0.02,0.98	0
3	Tpa_0024_1	NA	0	NA	NA	A,C	NaN,NaN	NA
4	Tpa_0035_1	2.04545454545455	0.0631578947368421	0	1	T,C	0,1	NA
5	Tpa_0037_1	1.3	0.0105263157894737	0.5	0.5	A,C	0.5,0.5	0
6	Tpa_0095_1	72.1111111111111	0.884210526315789	0.0714285714285714	0.928571428571429	G,A	0.07,0.93	0.1
7	Tpa_0151_1	113.571428571429	0.926315789473684	0.0397727272727273	0.960227272727273	G,A	0.04,0.96	0
8	Tpa_0183_1	13.4722222222222	0.442105263157895	0.226190476190476	0.773809523809524	C,A	0.77,0.23	0
9	Tpa_0186_1	1.92592592592593	0.0526315789473684	0.1	0.9	C,A	0.1,0.9	0
10	Tpa_0215_1	NA	0	NA	NA	A,C	NaN,NaN	NA
11	Tpa_0226_1	1	0	NA	NA	C,A	NaN,NaN	NA
12	Tpa_0228_1	1.14285714285714	0	NA	NA	T,A	NaN,NaN	NA
13	Tpa_0263_1	1.69230769230769	0.0526315789473684	0.4	0.6	C,G	0.4,0.6	0
14	Tpa_0269_1	1.06666666666667	0	NA	NA	G,A	NaN,NaN	NA
15	Tpa_0272_1	NA	0	NA	NA	A,C	NaN,NaN	NA
16	Tpa_0301_1	86.1075268817204	0.91578947368421	0.0114942528735632	0.988505747126437	G,T	0.99,0.01	1
17	Tpa_0342_1	10.7105263157895	0.578947368421053	0.245454545454545	0.754545454545455	C,T	0.75,0.25	0
18	Tpa_0346_1	1.33333333333333	0.0105263157894737	0	1	A,C	1,0	NA
19	Tpa_0358_1	3.13636363636364	0.147368421052632	0.142857142857143	0.857142857142857	A,C	0.86,0.14	NA
20	Tpa_0366_1	7.21333333333333	0.505263157894737	0.0729166666666667	0.927083333333333	T,C	0.93,0.07	0
21	Tpa_0367_1	1.90625	0.0631578947368421	0	1	C,T	1,0	NA
22	Tpa_0371_1	4.25	0.315789473684211	0.0333333333333333	0.966666666666667	C,T	0.97,0.03	0
23	Tpa_0395_1	5.58695652173913	0.273684210526316	0.0192307692307692	0.980769230769231	G,A	0.02,0.98	0
24	Tpa_0409_1	1	0	NA	NA	T,C	NaN,NaN	NA
25	Tpa_0427_1	2.97826086956522	0.221052631578947	0.404761904761905	0.595238095238095	C,T	0.4,0.6	0
26	Tpa_0429_1	1.41176470588235	0.0105263157894737	0	1	G,C	0,1	NA
27	Tpa_0438_1	1.42105263157895	0.0105263157894737	0	1	A,C	0,1	NA
28	Tpa_0439_1	8.35384615384615	0.421052631578947	0.2125	0.7875	G,C	0.79,0.21	0
29	Tpa_0474_1	1	0	NA	NA	A,T	NaN,NaN	NA
30	Tpa_0492_1	1.33333333333333	0	NA	NA	C,G	NaN,NaN	NA
31	Tpa_0500_1	1	0	NA	NA	A,C	NaN,NaN	NA
32	Tpa_0540_1	1.33333333333333	0	NA	NA	G,C	NaN,NaN	NA
33	Tpa_0547_1	4.29090909090909	0.326315789473684	0.0645161290322581	0.935483870967742	G,A	0.06,0.94	0
34	Tpa_0556_1	1	0	NA	NA	C,T	NaN,NaN	NA
35	Tpa_0569_1	7.1	0.431578947368421	0.25609756097561	0.74390243902439	A,G	0.74,0.26	0
36	Tpa_0584_1	2.63636363636364	0.0315789473684211	0	1	C,G	1,0	NA
37	Tpa_0592_1	54.9651162790698	0.821052631578947	0.0897435897435897	0.91025641025641	A,G	0.91,0.09	0.142857142857143
38	Tpa_0650_1	1.21428571428571	0	NA	NA	G,A	NaN,NaN	NA
39	Tpa_0671_1	3.66101694915254	0.252631578947368	0.1875	0.8125	C,G	0.81,0.19	0
40	Tpa_0678_1	1	0	NA	NA	G,A	NaN,NaN	NA
41	Tpa_0687_1	2.18518518518519	0.0736842105263158	0.214285714285714	0.785714285714286	C,T	0.79,0.21	0
42	Tpa_0730_1	1.65	0.0315789473684211	0.333333333333333	0.666666666666667	G,C	0.33,0.67	0
43	Tpa_0743_1	2.8	0.178947368421053	0	1	C,A	0,1	NA
44	Tpa_0763_1	3.81578947368421	0.2	0.131578947368421	0.868421052631579	C,A	0.13,0.87	0
45	Tpa_0768_1	1.5625	0.0210526315789474	0	1	G,A	0,1	NA
46	Tpa_0791_1	3.88461538461538	0.2	0.0526315789473684	0.947368421052632	G,A	0.05,0.95	0
47	Tpa_0826_1	1.18181818181818	0.0210526315789474	0.5	0.5	G,C	0.5,0.5	0
48	Tpa_0866_1	133.606382978723	0.968421052631579	0.0760869565217391	0.923913043478261	C,T	0.92,0.08	0.833333333333333
49	Tpa_0868_1	NA	0	NA	NA	A,T	NaN,NaN	NA
50	Tpa_0882_1	1	0	NA	NA	A,T	NaN,NaN	NA
51	Tpa_0888_1	3.82456140350877	0.221052631578947	0.0238095238095238	0.976190476190476	G,A	0.02,0.98	0
52	Tpa_0895_1	1.57142857142857	0.0210526315789474	0	1	G,A	0,1	NA
53	Tpa_0905_1	4.56363636363636	0.326315789473684	0.0645161290322581	0.935483870967742	T,C	0.94,0.06	0
54	Tpa_0912_1	NA	0	NA	NA	C,A	NaN,NaN	NA
55	Tpa_0929_1	1.25	0	NA	NA	G,A	NaN,NaN	NA
56	Tpa_0936_1	1.92	0.0736842105263158	0.142857142857143	0.857142857142857	C,T	0.86,0.14	0
57	Tpa_0953_1	61.4090909090909	0.884210526315789	0.0773809523809524	0.922619047619048	C,T	0.92,0.08	0.153846153846154
58	Tpa_0970_1	NA	0	NA	NA	A,C	NaN,NaN	NA
59	Tpa_0973_1	NA	0	NA	NA	T,G	NaN,NaN	NA
60	Tpa_0979_1	1.33333333333333	0.0105263157894737	0	1	C,G	1,0	NA
61	Tpa_1007_1	1.6	0.0210526315789474	0.25	0.75	T,C	0.75,0.25	0
62	Tpa_1022_1	2	0.0736842105263158	0	1	G,A	0,1	NA
63	Tpa_1042_1	1	0	NA	NA	G,A	NaN,NaN	NA
64	Tpa_1071_1	1.83333333333333	0.0315789473684211	0.166666666666667	0.833333333333333	A,C	0.83,0.17	0
65	Tpa_1077_1	5.22727272727273	0.431578947368421	0.109756097560976	0.890243902439024	C,T	0.89,0.11	0
66	Tpa_1082_1	208.698924731183	0.978947368421053	0.0860215053763441	0.913978494623656	C,T	0.91,0.09	0.75
67	Tpa_1098_1	NA	0	NA	NA	A,C	NaN,NaN	NA
68	Tpa_1112_1	1.82608695652174	0.0421052631578947	0	1	G,A	0,1	NA
69	Tpa_1136_1	1	0	NA	NA	T,G	NaN,NaN	NA
70	Tpa_1144_1	1.72093023255814	0.0736842105263158	0.142857142857143	0.857142857142857	G,T	0.86,0.14	0
71	Tpa_1154_1	2.40540540540541	0.147368421052632	0.214285714285714	0.785714285714286	C,T	0.21,0.79	0
72	Tpa_1156_1	NA	0	NA	NA	G,A	NaN,NaN	NA
73	Tpa_1187_1	2.34782608695652	0.0631578947368421	0	1	C,T	1,0	NA
74	Tpa_1268_1	3.17142857142857	0.126315789473684	0	1	T,A	0,1	NA
75	Tpa_1290_1	NA	0	NA	NA	C,T	NaN,NaN	NA
76	Tpa_1304_1	1.875	0.0105263157894737	0	1	A,G	0,1	NA
77	Tpa_1305_1	NA	0	NA	NA	A,T	NaN,NaN	NA
78	Tpa_1310_1	1.5	0	NA	NA	C,T	NaN,NaN	NA
79	Tpa_1312_1	6.109375	0.389473684210526	0.027027027027027	0.972972972972973	C,T	0.97,0.03	0
80	Tpa_1320_1	1.66666666666667	0.0105263157894737	0	1	T,C	0,1	NA
81	Tpa_1341_1	2	0	NA	NA	C,T	NaN,NaN	NA
82	Tpa_1357_1	3.69047619047619	0.242105263157895	0.0217391304347826	0.978260869565217	G,C	0.02,0.98	0
83	Tpa_1359_1	1.73076923076923	0.0526315789473684	0.1	0.9	A,G	0.9,0.1	0
84	Tpa_1394_1	1	0	NA	NA	G,A	NaN,NaN	NA
85	Tpa_1404_1	1	0	NA	NA	C,T	NaN,NaN	NA
86	Tpa_1443_1	1	0	NA	NA	A,G	NaN,NaN	NA
87	Tpa_1486_1	2.875	0.178947368421053	0.0588235294117647	0.941176470588235	T,C	0.06,0.94	0
88	Tpa_1515_1	2.27272727272727	0.0736842105263158	0.357142857142857	0.642857142857143	A,C	0.64,0.36	0
89	Tpa_1528_1	1.46666666666667	0.0210526315789474	0	1	G,T	1,0	NA
90	Tpa_1542_1	5.25	0.305263157894737	0.0172413793103448	0.982758620689655	C,G	0.98,0.02	0
91	Tpa_1548_1	1.3	0.0105263157894737	0.5	0.5	T,G	0.5,0.5	0
92	Tpa_1550_1	9.7536231884058	0.473684210526316	0.0222222222222222	0.977777777777778	C,G	0.98,0.02	0
93	Tpa_1585_1	158	0.978947368421053	0.0752688172043011	0.924731182795699	T,C	0.92,0.08	0.125
94	Tpa_1593_1	1.875	0.0947368421052632	0.388888888888889	0.611111111111111	G,A	0.61,0.39	0
95	Tpa_1606_1	1.5	0.0526315789473684	0.2	0.8	T,G	0.2,0.8	0
96	Tpa_1638_1	1.30769230769231	0.0105263157894737	0.5	0.5	C,G	0.5,0.5	0
97	Tpa_1646_1	5.46774193548387	0.368421052631579	0.0142857142857143	0.985714285714286	C,T	0.99,0.01	1
98	Tpa_1662_1	3.7719298245614	0.305263157894737	0.103448275862069	0.896551724137931	G,A	0.1,0.9	0
99	Tpa_1678_1	17.1325301204819	0.684210526315789	0.0538461538461538	0.946153846153846	C,T	0.95,0.05	0.2
100	Tpa_1689_1	3.11320754716981	0.178947368421053	0.205882352941176	0.794117647058823	C,T	0.79,0.21	0
101	Tpa_1703_1	NA	0	NA	NA	A,G	NaN,NaN	NA
102	Tpa_1731_1	17.7037037037037	0.663157894736842	0.0238095238095238	0.976190476190476	C,A	0.02,0.98	0
103	Tpa_1774_1	4.32	0.389473684210526	0.0135135135135135	0.986486486486487	C,T	0.99,0.01	0
104	Tpa_1775_1	5.5	0.178947368421053	0.235294117647059	0.764705882352941	C,T	0.76,0.24	NA
105	Tpa_1804_1	16.5822784810127	0.642105263157895	0.221311475409836	0.778688524590164	C,G	0.78,0.22	0
106	Tpa_1818_1	1.6	0.0105263157894737	0	1	G,A	1,0	NA
107	Tpa_1831_1	6.44927536231884	0.347368421052632	0.0454545454545455	0.954545454545455	G,T	0.95,0.05	0
108	Tpa_1832_1	1.57142857142857	0.0105263157894737	0	1	A,G	1,0	NA
109	Tpa_1843_1	1.28571428571429	0.0210526315789474	0	1	C,T	1,0	NA
110	Tpa_1847_1	NA	0	NA	NA	T,A	NaN,NaN	NA
111	Tpa_1891_1	3.37037037037037	0.2	0.0263157894736842	0.973684210526316	C,A	0.03,0.97	0
112	Tpa_1896_1	1.82608695652174	0.0526315789473684	0	1	A,G	0,1	NA
113	Tpa_1917_1	1	0	NA	NA	C,T	NaN,NaN	NA
114	Tpa_1930_1	1.94871794871795	0.0947368421052632	0.333333333333333	0.666666666666667	A,G	0.33,0.67	0
115	Tpa_1966_1	3.45	0.105263157894737	0.25	0.75	C,T	0.25,0.75	0
116	Tpa_2006_1	44.4418604651163	0.821052631578947	0.115384615384615	0.884615384615385	C,T	0.88,0.12	0.1875
117	Tpa_2010_1	1.46428571428571	0.0315789473684211	0	1	C,G	1,0	NA
118	Tpa_2021_1	13.5131578947368	0.673684210526316	0.0703125	0.9296875	C,T	0.93,0.07	0
119	Tpa_2034_1	2.14285714285714	0.0105263157894737	0	1	A,T	1,0	NA
120	Tpa_2040_1	21.6190476190476	0.778947368421053	0.155405405405405	0.844594594594595	T,A	0.16,0.84	0.0526315789473684
121	Tpa_2041_1	10.8292682926829	0.663157894736842	0	1	C,A	0,1	NA
122	Tpa_2073_1	1	0	NA	NA	G,A	NaN,NaN	NA
123	Tpa_2076_1	3.58730158730159	0.252631578947368	0.0416666666666667	0.958333333333333	C,A	0.04,0.96	0
124	Tpa_2096_1	1.52380952380952	0.0315789473684211	0	1	G,A	0,1	NA
125	Tpa_2128_1	1.86666666666667	0.0421052631578947	0	1	G,T	1,0	NA
126	Tpa_2157_1	7.85294117647059	0.442105263157895	0.0476190476190476	0.952380952380952	A,C	0.95,0.05	0
127	Tpa_2180_1	2.46511627906977	0.178947368421053	0.0588235294117647	0.941176470588235	C,T	0.06,0.94	0
128	Tpa_2194_1	1.375	0.0210526315789474	0.5	0.5	A,G	0.5,0.5	0
129	Tpa_2207_1	2.26315789473684	0.115789473684211	0.136363636363636	0.863636363636364	G,T	0.86,0.14	0
130	Tpa_2254_1	1.41176470588235	0.0105263157894737	0.5	0.5	C,G	0.5,0.5	0
131	Tpa_2278_1	1.95	0.0947368421052632	0.111111111111111	0.888888888888889	G,A	0.11,0.89	0
132	Tpa_2334_1	NA	0	NA	NA	C,T	NaN,NaN	NA
133	Tpa_2344_1	24.5125	0.705263157894737	0.0298507462686567	0.970149253731343	G,A	0.03,0.97	0
134	Tpa_2353_1	5.4	0.442105263157895	0.107142857142857	0.892857142857143	C,G	0.89,0.11	0
135	Tpa_2368_1	17.7837837837838	0.589473684210526	0	1	A,G	0,1	NA
136	Tpa_2412_1	2.44117647058824	0.0947368421052632	0	1	G,A	0,1	NA
137	Tpa_2417_1	2.125	0.0947368421052632	0	1	A,G	0,1	NA
138	Tpa_2453_1	NA	0	NA	NA	T,C	NaN,NaN	NA
139	Tpa_2458_1	5.68292682926829	0.273684210526316	0.0384615384615385	0.961538461538462	C,T	0.96,0.04	0
140	Tpa_2460_1	NA	0	NA	NA	G,A	NaN,NaN	NA
141	Tpa_2470_1	3.87719298245614	0.210526315789474	0.05	0.95	C,T	0.95,0.05	0
142	Tpa_2483_1	2.35	0.0421052631578947	0.125	0.875	C,T	0.88,0.12	0
143	Tpa_2498_1	1.4	0.0105263157894737	0	1	C,G	0,1	NA
144	Tpa_2509_1	25.4047619047619	0.747368421052632	0.197183098591549	0.802816901408451	C,T	0.8,0.2	0.0416666666666667
145	Tpa_2518_1	1.47058823529412	0.0105263157894737	0	1	T,C	0,1	NA
146	Tpa_2519_1	1.11111111111111	0	NA	NA	A,T	NaN,NaN	NA
147	Tpa_2523_1	NA	0	NA	NA	A,G	NaN,NaN	NA
148	Tpa_2581_1	9.7258064516129	0.378947368421053	0.0694444444444444	0.930555555555556	T,C	0.07,0.93	0.2
149	Tpa_2601_1	42.7391304347826	0.894736842105263	0.411764705882353	0.588235294117647	T,C	0.59,0.41	0.238095238095238
150	Tpa_2608_1	11.3253012048193	0.631578947368421	0.216666666666667	0.783333333333333	A,C	0.78,0.22	0
151	Tpa_2636_1	1.66666666666667	0.0210526315789474	0	1	A,T	1,0	NA
152	Tpa_2639_1	1	0	NA	NA	G,A	NaN,NaN	NA
153	Tpa_2664_1	2	0.0105263157894737	0	1	C,T	1,0	NA
154	Tpa_2702_1	8.90163934426229	0.442105263157895	0.0476190476190476	0.952380952380952	C,T	0.95,0.05	0
155	Tpa_2712_1	47.8	0.873684210526316	0.0421686746987952	0.957831325301205	G,A	0.04,0.96	0
156	Tpa_2734_1	10.0681818181818	0.178947368421053	0.470588235294118	0.529411764705882	T,G	0.47,0.53	0.5
157	Tpa_2741_1	NA	0	NA	NA	A,C	NaN,NaN	NA
158	Tpa_2745_1	29.9887640449438	0.852631578947368	0.253086419753086	0.746913580246914	G,A	0.75,0.25	0
159	Tpa_2763_1	3.9	0.168421052631579	0.03125	0.96875	A,T	0.97,0.03	0
160	Tpa_2845_1	1	0	NA	NA	T,G	NaN,NaN	NA
161	Tpa_2854_1	NA	0	NA	NA	C,T	NaN,NaN	NA
162	Tpa_2856_1	1.8	0.0315789473684211	0.166666666666667	0.833333333333333	C,T	0.83,0.17	0
163	Tpa_2861_1	1	0	NA	NA	G,A	NaN,NaN	NA
164	Tpa_2868_1	1	0	NA	NA	C,T	NaN,NaN	NA
165	Tpa_2900_1	12.961038961039	0.631578947368421	0.0333333333333333	0.966666666666667	G,A	0.03,0.97	0.25
166	Tpa_2907_1	1	0	NA	NA	T,C	NaN,NaN	NA
167	Tpa_2961_1	1.33333333333333	0	NA	NA	A,G	NaN,NaN	NA
168	Tpa_2970_1	2	0.0105263157894737	0	1	C,T	1,0	NA
169	Tpa_3004_1	29.6666666666667	0.757894736842105	0.125	0.875	A,G	0.12,0.88	0.0714285714285714
170	Tpa_3011_1	1	0	NA	NA	G,A	NaN,NaN	NA
171	Tpa_3018_1	2.35294117647059	0.0947368421052632	0.0555555555555556	0.944444444444444	G,T	0.94,0.06	0
172	Tpa_3047_1	4.5	0.115789473684211	0.272727272727273	0.727272727272727	C,G	0.73,0.27	0
173	Tpa_3055_1	2	0	NA	NA	T,C	NaN,NaN	NA
174	Tpa_3063_1	1	0	NA	NA	A,T	NaN,NaN	NA
175	Tpa_3129_1	4.53703703703704	0.305263157894737	0.120689655172414	0.879310344827586	G,A	0.12,0.88	0
176	Tpa_3149_1	86.8260869565217	0.936842105263158	0.101123595505618	0.898876404494382	A,G	0.9,0.1	0.0555555555555556
177	Tpa_3193_1	NA	0	NA	NA	G,C	NaN,NaN	NA
178	Tpa_3197_1	104.179775280899	0.905263157894737	0.0348837209302326	0.965116279069767	T,C	0.03,0.97	0
179	Tpa_3200_1	8.6027397260274	0.505263157894737	0.145833333333333	0.854166666666667	C,T	0.85,0.15	0
180	Tpa_3235_1	1.2	0	NA	NA	C,T	NaN,NaN	NA
181	Tpa_3248_1	11.7011494252874	0.673684210526316	0	1	C,T	0,1	NA
182	Tpa_3254_1	1.47368421052632	0.0210526315789474	0	1	G,T	1,0	NA
183	Tpa_3262_1	12.0526315789474	0.557894736842105	0.235849056603774	0.764150943396226	G,T	0.76,0.24	0.157894736842105
184	Tpa_3263_1	1.875	0.0105263157894737	0	1	A,G	1,0	NA
185	Tpa_3310_1	10.3188405797101	0.484210526315789	0.0652173913043478	0.934782608695652	C,T	0.93,0.07	0
186	Tpa_3347_1	1	0	NA	NA	C,T	NaN,NaN	NA
187	Tpa_3354_1	1.43478260869565	0.0315789473684211	0	1	T,C	0,1	NA
188	Tpa_3364_1	2.46153846153846	0.147368421052632	0.428571428571429	0.571428571428571	A,G	0.57,0.43	0
189	Tpa_3385_1	1	0	NA	NA	C,T	NaN,NaN	NA
190	Tpa_3414_1	1	0	NA	NA	A,C	NaN,NaN	NA
191	Tpa_3439_1	10.9855072463768	0.473684210526316	0.0444444444444444	0.955555555555556	G,T	0.96,0.04	NA
192	Tpa_3502_1	NA	0	NA	NA	A,G	NaN,NaN	NA
193	Tpa_3561_1	1	0	NA	NA	G,A	NaN,NaN	NA
194	Tpa_3569_1	1.25	0.0105263157894737	0	1	G,A	0,1	NA
195	Tpa_3578_1	6.13207547169811	0.315789473684211	0.0333333333333333	0.966666666666667	G,A	0.03,0.97	0
196	Tpa_3583_1	1.38095238095238	0.0210526315789474	0	1	A,G	0,1	NA
197	Tpa_3616_1	1.61904761904762	0.0210526315789474	0	1	T,A	0,1	NA
198	Tpa_3674_1	7.64705882352941	0.463157894736842	0.0227272727272727	0.977272727272727	G,A	0.02,0.98	0
199	Tpa_3676_1	1.89655172413793	0.0526315789473684	0	1	C,T	1,0	NA
200	Tpa_3679_1	2	0.0315789473684211	0.333333333333333	0.666666666666667	C,T	0.67,0.33	0
201	Tpa_3684_1	1	0	NA	NA	T,C	NaN,NaN	NA
202	Tpa_3705_1	2.36842105263158	0.0736842105263158	0.0714285714285714	0.928571428571429	G,T	0.93,0.07	0
203	Tpa_3723_1	1.66666666666667	0.0105263157894737	0.5	0.5	A,G	0.5,0.5	0
204	Tpa_3737_1	1	0	NA	NA	G,A	NaN,NaN	NA
205	Tpa_3745_1	48.2222222222222	0.873684210526316	0.0421686746987952	0.957831325301205	G,A	0.04,0.96	0
206	Tpa_3795_1	1.57142857142857	0.0421052631578947	0.125	0.875	G,A	0.12,0.88	0
207	Tpa_3846_1	24.7386363636364	0.810526315789474	0.123376623376623	0.876623376623377	C,T	0.88,0.12	0.0526315789473684
208	Tpa_3862_1	NA	0	NA	NA	T,C	NaN,NaN	NA
209	Tpa_3871_1	6.32727272727273	0.357894736842105	0.0882352941176471	0.911764705882353	C,T	0.91,0.09	0
210	Tpa_3879_1	22.0714285714286	0.694736842105263	0.0151515151515152	0.984848484848485	T,A	0.02,0.98	0
211	Tpa_3905_1	1.5	0	NA	NA	A,C	NaN,NaN	NA
212	Tpa_3926_1	1	0	NA	NA	C,T	NaN,NaN	NA
213	Tpa_3937_1	9.02409638554217	0.663157894736842	0.182539682539683	0.817460317460317	G,A	0.18,0.82	0
214	Tpa_3962_1	36.9318181818182	0.905263157894737	0.127906976744186	0.872093023255814	C,G	0.87,0.13	0.0909090909090909
215	Tpa_3974_1	4.50704225352113	0.368421052631579	0.257142857142857	0.742857142857143	G,T	0.26,0.74	0
216	Tpa_4020_1	1.22222222222222	0	NA	NA	G,A	NaN,NaN	NA
217	Tpa_4021_1	4.29850746268657	0.368421052631579	0.0428571428571429	0.957142857142857	C,T	0.96,0.04	0
218	Tpa_4022_1	2.59615384615385	0.178947368421053	0.382352941176471	0.617647058823529	G,A	0.38,0.62	0
219	Tpa_4055_1	1.5	0.0105263157894737	0	1	A,C	1,0	NA
220	Tpa_4077_1	2.2	0.0421052631578947	0	1	A,T	1,0	NA
221	Tpa_4120_1	4.87931034482759	0.326315789473684	0.161290322580645	0.838709677419355	C,T	0.84,0.16	0
222	Tpa_4126_1	2.30434782608696	0.115789473684211	0	1	G,C	1,0	NA
223	Tpa_4137_1	4.90277777777778	0.421052631578947	0.025	0.975	C,A	0.03,0.98	0
224	Tpa_4148_1	1	0	NA	NA	A,G	NaN,NaN	NA
225	Tpa_4168_1	1	0	NA	NA	C,T	NaN,NaN	NA
226	Tpa_4176_1	1.44444444444444	0.0105263157894737	0	1	C,G	1,0	NA
227	Tpa_4178_1	1.69230769230769	0.0105263157894737	0	1	C,T	1,0	NA
228	Tpa_4209_1	2.46153846153846	0.147368421052632	0.107142857142857	0.892857142857143	G,A	0.11,0.89	0
229	Tpa_4221_1	1	0	NA	NA	T,A	NaN,NaN	NA
230	Tpa_4230_1	5.0655737704918	0.284210526315789	0.185185185185185	0.814814814814815	C,G	0.81,0.19	0.166666666666667
231	Tpa_4245_1	1	0	NA	NA	G,C	NaN,NaN	NA
232	Tpa_4246_1	4.58064516129032	0.326315789473684	0	1	T,C	0,1	NA
233	Tpa_4247_1	4.4375	0.273684210526316	0.0576923076923077	0.942307692307692	T,A	0.94,0.06	0
234	Tpa_4268_1	544.442105263158	0.989473684210526	0.0478723404255319	0.952127659574468	C,G	0.95,0.05	1
235	Tpa_4291_1	5.45762711864407	0.357894736842105	0.0735294117647059	0.926470588235294	C,T	0.93,0.07	0
236	Tpa_4295_1	2	0.105263157894737	0	1	C,A	0,1	NA
237	Tpa_4310_1	2.13333333333333	0.0736842105263158	0.0714285714285714	0.928571428571429	G,C	0.93,0.07	0
238	Tpa_4316_1	5.24193548387097	0.389473684210526	0.0135135135135135	0.986486486486487	C,T	0.99,0.01	0
239	Tpa_4353_1	11	0.547368421052632	0	1	G,A	0,1	NA
240	Tpa_4356_1	41.8235294117647	0.757894736842105	0.0833333333333333	0.916666666666667	C,T	0.92,0.08	0.333333333333333
241	Tpa_4380_1	19.8333333333333	0.705263157894737	0.0298507462686567	0.970149253731343	G,T	0.97,0.03	0
242	Tpa_4384_1	234.468085106383	0.968421052631579	0.0543478260869565	0.945652173913043	G,A	0.05,0.95	0.1
243	Tpa_4394_1	23.5135135135135	0.568421052631579	0.00925925925925926	0.990740740740741	C,T	0.99,0.01	0
244	Tpa_4416_1	4.52631578947368	0.294736842105263	0.0178571428571429	0.982142857142857	G,A	0.02,0.98	0
245	Tpa_4425_1	2.875	0.0105263157894737	0	1	G,A	0,1	NA
246	Tpa_4443_1	6.015625	0.347368421052632	0.0151515151515152	0.984848484848485	C,T	0.98,0.02	0
247	Tpa_4454_1	2.87878787878788	0.115789473684211	0.227272727272727	0.772727272727273	G,A	0.23,0.77	0
248	Tpa_4467_1	1	0	NA	NA	G,C	NaN,NaN	NA
249	Tpa_4495_1	49.2826086956522	0.894736842105263	0.123529411764706	0.876470588235294	T,C	0.12,0.88	0
250	Tpa_4506_1	1	0	NA	NA	C,G	NaN,NaN	NA
251	Tpa_4511_1	1.76923076923077	0.0526315789473684	0	1	G,A	0,1	NA
252	Tpa_4549_1	1	0	NA	NA	A,G	NaN,NaN	NA
253	Tpa_4556_1	6.66233766233766	0.578947368421053	0.0545454545454545	0.945454545454545	A,C	0.95,0.05	0
254	Tpa_4569_1	4.5	0.221052631578947	0.357142857142857	0.642857142857143	A,C	0.64,0.36	0
255	Tpa_4582_1	3.70175438596491	0.252631578947368	0.0416666666666667	0.958333333333333	A,T	0.96,0.04	0
256	Tpa_4590_1	266.872340425532	0.989473684210526	0.0478723404255319	0.952127659574468	G,T	0.95,0.05	0.857142857142857
257	Tpa_4591_1	10.5	0.621052631578947	0.0169491525423729	0.983050847457627	C,T	0.98,0.02	0
258	Tpa_4592_1	1.88888888888889	0.0315789473684211	0.166666666666667	0.833333333333333	G,C	0.17,0.83	0
259	Tpa_4593_1	3.52542372881356	0.242105263157895	0.0652173913043478	0.934782608695652	C,T	0.93,0.07	0
260	Tpa_4595_1	1.33333333333333	0	NA	NA	G,A	NaN,NaN	NA
261	Tpa_4599_1	917.5	0.989473684210526	0.074468085106383	0.925531914893617	C,T	0.93,0.07	0.428571428571429
262	Tpa_4633_1	4.24242424242424	0.378947368421053	0.0694444444444444	0.930555555555556	A,C	0.07,0.93	0
263	Tpa_4637_1	1.5	0.0105263157894737	0	1	C,A	0,1	NA
264	Tpa_4668_1	1.53571428571429	0.0421052631578947	0	1	C,A	1,0	NA
265	Tpa_4678_1	60.4204545454545	0.873684210526316	0.00602409638554217	0.993975903614458	T,A	0.01,0.99	0
266	Tpa_4697_1	11.746835443038	0.610526315789474	0.00862068965517241	0.991379310344828	T,C	0.01,0.99	0
267	Tpa_4713_1	86.4444444444444	0.884210526315789	0.0595238095238095	0.94047619047619	G,A	0.06,0.94	0
268	Tpa_4731_1	1.38461538461538	0.0105263157894737	0	1	C,A	0,1	NA
269	Tpa_4747_1	2.10714285714286	0.0210526315789474	0	1	C,T	1,0	NA
270	Tpa_4749_1	1.82142857142857	0.0210526315789474	0	1	G,T	1,0	NA
271	Tpa_4804_1	2.09090909090909	0.0526315789473684	0.3	0.7	G,C	0.3,0.7	0
272	Tpa_4849_1	1.36363636363636	0.0210526315789474	0.25	0.75	T,C	0.25,0.75	0
273	Tpa_4862_1	18.6455696202532	0.652631578947368	0.169354838709677	0.830645161290323	C,G	0.83,0.17	0.157894736842105
274	Tpa_4885_1	1	0	NA	NA	T,G	NaN,NaN	NA
275	Tpa_4886_1	1.4	0.0105263157894737	0	1	A,T	1,0	NA
276	Tpa_4900_1	3	0.147368421052632	0.0714285714285714	0.928571428571429	C,T	0.93,0.07	0
277	Tpa_4920_1	1	0	NA	NA	G,C	NaN,NaN	NA
278	Tpa_4928_1	85.6067415730337	0.894736842105263	0.158823529411765	0.841176470588235	C,T	0.84,0.16	0.619047619047619
279	Tpa_4936_1	30.3690476190476	0.821052631578947	0.108974358974359	0.891025641025641	C,T	0.89,0.11	0.266666666666667
280	Tpa_4985_1	1	0	NA	NA	A,G	NaN,NaN	NA
281	Tpa_5002_1	37.3956043956044	0.863157894736842	0.0182926829268293	0.981707317073171	C,T	0.98,0.02	0
282	Tpa_5015_1	1	0	NA	NA	A,G	NaN,NaN	NA
283	Tpa_5022_1	10.5875	0.610526315789474	0.0258620689655172	0.974137931034483	C,T	0.97,0.03	0
284	Tpa_5057_1	24.8484848484848	0.526315789473684	0.03	0.97	T,G	0.97,0.03	1
285	Tpa_5069_1	7.1551724137931	0.368421052631579	0.0571428571428571	0.942857142857143	C,A	0.06,0.94	0
286	Tpa_5075_1	2.6	0.115789473684211	0.318181818181818	0.681818181818182	A,G	0.68,0.32	0
287	Tpa_5104_1	1.86666666666667	0.0526315789473684	0	1	G,A	0,1	NA
288	Tpa_5106_1	16.406976744186	0.768421052631579	0.349315068493151	0.650684931506849	C,G	0.65,0.35	0
289	Tpa_5118_1	1.2	0	NA	NA	C,T	NaN,NaN	NA
290	Tpa_5138_1	59.2298850574713	0.842105263157895	0.03125	0.96875	C,T	0.97,0.03	0.2
291	Tpa_5144_1	2.72727272727273	0.0210526315789474	0	1	T,G	0,1	NA
292	Tpa_5167_1	2	0.0105263157894737	0	1	C,T	1,0	NA
293	Tpa_5196_1	1.625	0.0210526315789474	0	1	G,A	0,1	NA
294	Tpa_5205_1	2.36363636363636	0.0315789473684211	0	1	G,T	1,0	NA
295	Tpa_5206_1	1.75	0.0526315789473684	0	1	G,A	0,1	NA
296	Tpa_5218_1	19.0666666666667	0.442105263157895	0.333333333333333	0.666666666666667	C,G	0.33,0.67	0.4
297	Tpa_5222_1	52.9438202247191	0.873684210526316	0.0421686746987952	0.957831325301205	G,A	0.04,0.96	0
298	Tpa_5228_1	3.45	0.136842105263158	0.0769230769230769	0.923076923076923	C,T	0.92,0.08	0
299	Tpa_5241_1	4.81428571428571	0.368421052631579	0.0285714285714286	0.971428571428571	C,T	0.97,0.03	0
300	Tpa_5242_1	6.65714285714286	0.536842105263158	0.166666666666667	0.833333333333333	C,T	0.83,0.17	0
301	Tpa_5244_1	50.7931034482759	0.884210526315789	0.0773809523809524	0.922619047619048	A,C	0.92,0.08	0.153846153846154
302	Tpa_5249_1	26.7012987012987	0.663157894736842	0.182539682539683	0.817460317460317	T,C	0.82,0.18	0.0476190476190476
303	Tpa_5270_1	1.33333333333333	0	NA	NA	C,A	NaN,NaN	NA
304	Tpa_5278_1	9.30985915492958	0.505263157894737	0.09375	0.90625	G,A	0.09,0.91	0
305	Tpa_5279_1	2.36585365853659	0.0631578947368421	0	1	C,T	1,0	NA
306	Tpa_5292_1	74.2954545454545	0.852631578947368	0.141975308641975	0.858024691358025	C,T	0.14,0.86	0.0526315789473684
307	Tpa_5298_1	4	0.210526315789474	0.075	0.925	G,A	0.07,0.92	0
308	Tpa_5327_1	18.4588235294118	0.673684210526316	0.0234375	0.9765625	C,G	0.98,0.02	0.333333333333333
309	Tpa_5360_1	13.4938271604938	0.684210526315789	0.0846153846153846	0.915384615384615	G,A	0.08,0.92	0
310	Tpa_5361_1	9.2289156626506	0.642105263157895	0.163934426229508	0.836065573770492	A,C	0.84,0.16	0.0555555555555556
311	Tpa_5373_1	2.34285714285714	0.0947368421052632	0.0555555555555556	0.944444444444444	C,T	0.94,0.06	0
312	Tpa_5379_1	499.810526315789	0.989473684210526	0.0319148936170213	0.968085106382979	C,G	0.97,0.03	0.5
313	Tpa_5382_1	283.903225806452	0.957894736842105	0	1	A,G	1,0	NA
314	Tpa_5418_1	20.4390243902439	0.757894736842105	0.0972222222222222	0.902777777777778	C,T	0.9,0.1	0.142857142857143
315	Tpa_5441_1	17.0121951219512	0.705263157894737	0.00746268656716418	0.992537313432836	G,A	0.01,0.99	0
316	Tpa_5445_1	17	0.747368421052632	0.450704225352113	0.549295774647887	T,C	0.45,0.55	0
317	Tpa_5446_1	3.23529411764706	0.189473684210526	0.111111111111111	0.888888888888889	G,T	0.89,0.11	0
318	Tpa_5454_1	235.659574468085	0.989473684210526	0.287234042553192	0.712765957446808	A,G	0.29,0.71	0.0789473684210526
319	Tpa_5471_1	23.3066666666667	0.673684210526316	0	1	G,T	1,0	NA
320	Tpa_5485_1	1.16666666666667	0.0105263157894737	0	1	A,C	1,0	NA
321	Tpa_5501_1	49.3333333333333	0.852631578947368	0.104938271604938	0.895061728395062	G,A	0.1,0.9	0
322	Tpa_5525_1	10.7887323943662	0.526315789473684	0.09	0.91	T,A	0.09,0.91	0
323	Tpa_5538_1	NA	0	NA	NA	C,T	NaN,NaN	NA
324	Tpa_5540_1	38.5795454545455	0.831578947368421	0.265822784810127	0.734177215189873	A,G	0.73,0.27	0.0357142857142857
325	Tpa_5542_1	15.6944444444444	0.568421052631579	0.138888888888889	0.861111111111111	C,T	0.86,0.14	0
326	Tpa_5563_1	1.91176470588235	0.115789473684211	0.0454545454545455	0.954545454545455	G,A	0.05,0.95	0
327	Tpa_5565_1	206.709677419355	0.91578947368421	0.137931034482759	0.862068965517241	G,T	0.86,0.14	0.214285714285714
328	Tpa_5570_1	1.5	0	NA	NA	G,A	NaN,NaN	NA
329	Tpa_5574_1	1.77777777777778	0.0105263157894737	0	1	C,T	1,0	NA
330	Tpa_5588_1	3.96825396825397	0.347368421052632	0.106060606060606	0.893939393939394	C,T	0.89,0.11	0
331	Tpa_5594_1	12.3243243243243	0.610526315789474	0	1	G,A	1,0	NA
332	Tpa_5601_1	29.2439024390244	0.705263157894737	0.0895522388059701	0.91044776119403	C,A	0.09,0.91	0.25
333	Tpa_5609_1	1	0	NA	NA	A,G	NaN,NaN	NA
334	Tpa_5623_1	4.38983050847458	0.326315789473684	0.0161290322580645	0.983870967741935	C,T	0.98,0.02	0
335	Tpa_5636_1	1.57142857142857	0.0105263157894737	0	1	A,G	0,1	NA
336	Tpa_5651_1	10.0547945205479	0.610526315789474	0.120689655172414	0.879310344827586	T,C	0.12,0.88	0
337	Tpa_5679_1	3.17021276595745	0.157894736842105	0.0333333333333333	0.966666666666667	G,A	0.03,0.97	0
338	Tpa_5741_1	3.53488372093023	0.168421052631579	0	1	C,T	1,0	NA
339	Tpa_5747_1	171.305263157895	0.989473684210526	0.154255319148936	0.845744680851064	G,C	0.85,0.15	0.0344827586206897
340	Tpa_5761_1	36.3604651162791	0.821052631578947	0.0448717948717949	0.955128205128205	G,A	0.04,0.96	0
341	Tpa_5774_1	19.1951219512195	0.694736842105263	0	1	T,C	0,1	NA
342	Tpa_5786_1	5.55555555555556	0.378947368421053	0.0277777777777778	0.972222222222222	G,C	0.03,0.97	0
343	Tpa_5795_1	NA	0	NA	NA	G,T	NaN,NaN	NA
344	Tpa_5796_1	3.45283018867925	0.284210526315789	0.240740740740741	0.759259259259259	A,G	0.76,0.24	0
345	Tpa_5823_1	107.81914893617	0.978947368421053	0.032258064516129	0.967741935483871	A,G	0.03,0.97	0.333333333333333
346	Tpa_5827_1	39.6117647058824	0.831578947368421	0.10126582278481	0.89873417721519	T,G	0.1,0.9	0.1
347	Tpa_5829_1	11.4827586206897	0.378947368421053	0.125	0.875	C,T	0.88,0.12	0
348	Tpa_5838_1	10.8695652173913	0.463157894736842	0.0113636363636364	0.988636363636364	T,C	0.99,0.01	0
349	Tpa_5854_1	NA	0	NA	NA	T,G	NaN,NaN	NA
350	Tpa_5856_1	3.06521739130435	0.210526315789474	0.125	0.875	C,T	0.12,0.88	0
351	Tpa_5863_1	19.4404761904762	0.778947368421053	0.25	0.75	G,A	0.25,0.75	0.217391304347826
352	Tpa_5868_1	4.44827586206897	0.273684210526316	0.269230769230769	0.730769230769231	C,G	0.73,0.27	0
353	Tpa_5878_1	4.62	0.284210526315789	0.166666666666667	0.833333333333333	G,C	0.83,0.17	0
354	Tpa_5913_1	80.4827586206897	0.863157894736842	0.402439024390244	0.597560975609756	G,A	0.6,0.4	0.3
355	Tpa_5916_1	35.3095238095238	0.810526315789474	0.103896103896104	0.896103896103896	A,G	0.1,0.9	0
356	Tpa_5917_1	5.65573770491803	0.336842105263158	0.15625	0.84375	T,G	0.16,0.84	0
357	Tpa_5942_1	10.6436781609195	0.663157894736842	0.253968253968254	0.746031746031746	G,T	0.75,0.25	0.1
358	Tpa_5951_1	NA	0	NA	NA	T,A	NaN,NaN	NA
359	Tpa_5961_1	1	0	NA	NA	T,G	NaN,NaN	NA
360	Tpa_5978_1	2.72727272727273	0.126315789473684	0	1	G,A	0,1	NA
361	Tpa_5980_1	1.6	0.0210526315789474	0.25	0.75	T,C	0.75,0.25	0
362	Tpa_6003_1	19.2602739726027	0.536842105263158	0.0392156862745098	0.96078431372549	T,C	0.04,0.96	0.25
363	Tpa_6016_1	1.52173913043478	0.0315789473684211	0.333333333333333	0.666666666666667	C,T	0.67,0.33	0
364	Tpa_6076_1	2.21428571428571	0.0315789473684211	0.166666666666667	0.833333333333333	A,G	0.17,0.83	0
365	Tpa_6083_1	2.95121951219512	0.147368421052632	0.142857142857143	0.857142857142857	A,G	0.86,0.14	0
366	Tpa_6137_1	1.84210526315789	0.0315789473684211	0.333333333333333	0.666666666666667	A,G	0.33,0.67	0
367	Tpa_6139_1	28.5903614457831	0.757894736842105	0.0694444444444444	0.930555555555556	C,G	0.93,0.07	0
368	Tpa_6150_1	1.28571428571429	0.0105263157894737	0.5	0.5	A,G	0.5,0.5	0
369	Tpa_6158_1	5.50769230769231	0.442105263157895	0.0952380952380952	0.904761904761905	C,T	0.9,0.1	0
370	Tpa_6169_1	5.390625	0.421052631578947	0.05	0.95	A,G	0.05,0.95	0
371	Tpa_6172_1	6.78260869565217	0.410526315789474	0.0128205128205128	0.987179487179487	G,A	0.01,0.99	0
372	Tpa_6204_1	1	0	NA	NA	T,C	NaN,NaN	NA
373	Tpa_6220_1	NA	0	NA	NA	A,G	NaN,NaN	NA
374	Tpa_6222_1	1.4	0.0105263157894737	0	1	G,A	0,1	NA
375	Tpa_6224_1	116.265957446809	0.957894736842105	0.010989010989011	0.989010989010989	G,A	0.01,0.99	0.5
376	Tpa_6265_1	2.15555555555556	0.0842105263157895	0.3125	0.6875	A,C	0.69,0.31	0
377	Tpa_6270_1	2.08333333333333	0.0315789473684211	0.333333333333333	0.666666666666667	C,T	0.67,0.33	0
378	Tpa_6285_1	1	0	NA	NA	A,C	NaN,NaN	NA
379	Tpa_6321_1	NA	0	NA	NA	G,A	NaN,NaN	NA
380	Tpa_6352_1	1.6	0.0105263157894737	0	1	G,C	0,1	NA
381	Tpa_6355_1	15.6071428571429	0.705263157894737	0.164179104477612	0.835820895522388	T,G	0.16,0.84	0.05
382	Tpa_6384_1	1.5	0	NA	NA	G,A	NaN,NaN	NA
383	Tpa_6385_1	1.52941176470588	0.0105263157894737	0	1	C,T	1,0	NA
384	Tpa_6388_1	1	0	NA	NA	C,A	NaN,NaN	NA
385	Tpa_6391_1	2.57777777777778	0.157894736842105	0.2	0.8	C,T	0.8,0.2	0
386	Tpa_6411_1	1	0	NA	NA	T,C	NaN,NaN	NA
387	Tpa_6422_1	6.26415094339623	0.231578947368421	0	1	C,T	1,0	NA
388	Tpa_6442_1	52.2941176470588	0.789473684210526	0.04	0.96	T,C	0.04,0.96	0.666666666666667
389	Tpa_6445_1	NA	0	NA	NA	G,A	NaN,NaN	NA
390	Tpa_6449_1	1	0	NA	NA	T,C	NaN,NaN	NA
391	Tpa_6451_1	1.39130434782609	0.0105263157894737	0.5	0.5	C,A	0.5,0.5	0
392	Tpa_6453_1	1.55	0.0526315789473684	0.2	0.8	C,T	0.8,0.2	NA
393	Tpa_6487_1	10.9080459770115	0.684210526315789	0.0230769230769231	0.976923076923077	A,C	0.98,0.02	0
394	Tpa_6493_1	5.93333333333333	0.263157894736842	0.06	0.94	T,C	0.94,0.06	0
395	Tpa_6511_1	2.27027027027027	0.126315789473684	0	1	G,A	0,1	NA
396	Tpa_6528_1	1.94736842105263	0.0421052631578947	0.125	0.875	T,A	0.12,0.88	0
397	Tpa_6543_1	1	0	NA	NA	C,T	NaN,NaN	NA
398	Tpa_6562_1	2.26829268292683	0.136842105263158	0	1	C,T	1,0	NA
399	Tpa_6565_1	59.9318181818182	0.863157894736842	0.024390243902439	0.975609756097561	G,A	0.02,0.98	0
400	Tpa_6586_1	5.49180327868852	0.357894736842105	0	1	G,A	0,1	NA
401	Tpa_6591_1	15.9529411764706	0.736842105263158	0.142857142857143	0.857142857142857	G,C	0.14,0.86	0
402	Tpa_6604_1	NA	0	NA	NA	C,A	NaN,NaN	NA
403	Tpa_6611_1	NA	0	NA	NA	C,T	NaN,NaN	NA
404	Tpa_6630_1	10.5263157894737	0.547368421052632	0.230769230769231	0.769230769230769	C,T	0.77,0.23	0
405	Tpa_6654_1	1.44444444444444	0.0315789473684211	0.166666666666667	0.833333333333333	G,T	0.83,0.17	0
406	Tpa_6683_1	NA	0	NA	NA	C,A	NaN,NaN	NA
407	Tpa_6687_1	1.53333333333333	0.0105263157894737	0	1	C,T	1,0	NA
408	Tpa_6689_1	7.29411764705882	0.315789473684211	0.133333333333333	0.866666666666667	C,T	0.87,0.13	0
409	Tpa_6713_1	3.18867924528302	0.210526315789474	0.075	0.925	C,T	0.92,0.07	0
410	Tpa_6733_1	7.9375	0.515789473684211	0.0714285714285714	0.928571428571429	G,T	0.93,0.07	0
411	Tpa_6768_1	155.478260869565	0.91578947368421	0.0402298850574713	0.959770114942529	T,C	0.04,0.96	0.571428571428571
412	Tpa_6773_1	122.344086021505	0.91578947368421	0.0229885057471264	0.977011494252874	G,A	0.02,0.98	0.5
413	Tpa_6774_1	2.2	0.0315789473684211	0	1	T,C	1,0	NA
414	Tpa_6786_1	20.7164179104478	0.494736842105263	0.0319148936170213	0.968085106382979	C,T	0.97,0.03	0
415	Tpa_6814_1	8.15151515151515	0.389473684210526	0.0945945945945946	0.905405405405405	G,A	0.09,0.91	0
416	Tpa_6816_1	42.8913043478261	0.852631578947368	0.364197530864198	0.635802469135803	T,G	0.36,0.64	0.268292682926829
417	Tpa_6853_1	3.54545454545455	0.0947368421052632	0	1	A,G	1,0	NA
418	Tpa_6887_1	3.96363636363636	0.305263157894737	0.0172413793103448	0.982758620689655	C,T	0.98,0.02	0
419	Tpa_6922_1	57.4431818181818	0.831578947368421	0.0506329113924051	0.949367088607595	T,G	0.95,0.05	0
420	Tpa_6937_1	82.7826086956522	0.905263157894737	0.0116279069767442	0.988372093023256	A,G	0.99,0.01	0
421	Tpa_6963_1	48.7126436781609	0.8	0.0394736842105263	0.960526315789474	C,T	0.96,0.04	0.5
422	Tpa_6973_1	12.3289473684211	0.536842105263158	0.117647058823529	0.882352941176471	C,T	0.88,0.12	0
423	Tpa_7007_1	1	0	NA	NA	A,G	NaN,NaN	NA
424	Tpa_7010_1	100.131868131868	0.926315789473684	0.0852272727272727	0.914772727272727	T,C	0.09,0.91	0.0769230769230769
425	Tpa_7018_1	3.5	0.0210526315789474	0.25	0.75	G,C	0.75,0.25	0
426	Tpa_7052_1	611.627659574468	0.989473684210526	0.0478723404255319	0.952127659574468	A,T	0.95,0.05	0.428571428571429
427	Tpa_7058_1	4.87719298245614	0.273684210526316	0.0192307692307692	0.980769230769231	C,T	0.98,0.02	0
428	Tpa_7062_1	5.94029850746269	0.452631578947368	0.162790697674419	0.837209302325581	C,T	0.84,0.16	0
429	Tpa_7080_1	97.8863636363636	0.873684210526316	0	1	G,C	0,1	NA
430	Tpa_7082_1	1.48	0.0421052631578947	0	1	G,A	0,1	NA
431	Tpa_7090_1	11.1168831168831	0.568421052631579	0.0462962962962963	0.953703703703704	T,C	0.05,0.95	0
432	Tpa_7106_1	2.47727272727273	0.168421052631579	0.15625	0.84375	G,A	0.16,0.84	0
433	Tpa_7153_1	1.28571428571429	0	NA	NA	G,A	NaN,NaN	NA
434	Tpa_7157_1	39.123595505618	0.852631578947368	0.265432098765432	0.734567901234568	T,G	0.73,0.27	0.04
435	Tpa_7201_1	159.510638297872	0.905263157894737	0.0872093023255814	0.912790697674419	G,A	0.09,0.91	0.0666666666666667
436	Tpa_7204_1	74.3707865168539	0.873684210526316	0.0421686746987952	0.957831325301205	G,A	0.04,0.96	0
437	Tpa_7210_1	9.74603174603175	0.410526315789474	0.0512820512820513	0.948717948717949	T,A	0.05,0.95	0
438	Tpa_7213_1	145.840909090909	0.873684210526316	0	1	T,G	0,1	NA
439	Tpa_7221_1	3.91379310344828	0.336842105263158	0.140625	0.859375	G,A	0.14,0.86	0
440	Tpa_7240_1	18.1724137931034	0.789473684210526	0.06	0.94	T,C	0.06,0.94	0
441	Tpa_7289_1	29.4022988505747	0.778947368421053	0	1	C,T	1,0	NA
442	Tpa_7291_1	2	0.0105263157894737	0.5	0.5	A,G	0.5,0.5	0
443	Tpa_7293_1	1.66666666666667	0.0105263157894737	0.5	0.5	A,C	0.5,0.5	0
444	Tpa_7331_1	NA	0	NA	NA	G,T	NaN,NaN	NA
445	Tpa_7348_1	5.69565217391304	0.368421052631579	0	1	A,T	1,0	NA
446	Tpa_7352_1	1	0	NA	NA	G,A	NaN,NaN	NA
447	Tpa_7367_1	56.5647058823529	0.821052631578947	0.0961538461538462	0.903846153846154	G,A	0.1,0.9	0.0769230769230769
448	Tpa_7375_1	105.213483146067	0.894736842105263	0.241176470588235	0.758823529411765	C,T	0.76,0.24	0
449	Tpa_7391_1	239.659574468085	0.978947368421053	0.0645161290322581	0.935483870967742	G,A	0.06,0.94	0.5
450	Tpa_7406_1	NA	0	NA	NA	G,A	NaN,NaN	NA
451	Tpa_7413_1	NA	0	NA	NA	T,C	NaN,NaN	NA
452	Tpa_7417_1	3.07142857142857	0.0947368421052632	0	1	G,A	0,1	NA
453	Tpa_7425_1	15.4880952380952	0.736842105263158	0.0285714285714286	0.971428571428571	G,A	0.03,0.97	0
454	Tpa_7447_1	1.625	0.0105263157894737	0	1	G,A	0,1	NA
455	Tpa_7450_1	NA	0	NA	NA	A,C	NaN,NaN	NA
456	Tpa_7452_1	6.2258064516129	0.315789473684211	0.1	0.9	C,G	0.9,0.1	0
457	Tpa_7454_1	16.6973684210526	0.610526315789474	0.0603448275862069	0.939655172413793	T,G	0.94,0.06	0.2
458	Tpa_7461_1	1.33333333333333	0.0105263157894737	0	1	T,C	0,1	NA
459	Tpa_7477_1	12.3076923076923	0.431578947368421	0.219512195121951	0.780487804878049	C,T	0.78,0.22	0
460	Tpa_7479_1	37.4047619047619	0.768421052631579	0.0136986301369863	0.986301369863014	G,A	0.01,0.99	0
461	Tpa_7483_1	99.9677419354839	0.905263157894737	0.0581395348837209	0.941860465116279	G,A	0.06,0.94	0.2
462	Tpa_7495_1	3.42857142857143	0.221052631578947	0.0238095238095238	0.976190476190476	C,A	0.02,0.98	0
463	Tpa_7496_1	1	0	NA	NA	C,T	NaN,NaN	NA
464	Tpa_7533_1	41.3111111111111	0.842105263157895	0.15625	0.84375	A,G	0.84,0.16	0.130434782608696
465	Tpa_7540_1	30.7179487179487	0.684210526315789	0.0153846153846154	0.984615384615385	G,T	0.98,0.02	0
466	Tpa_7553_1	40.6516853932584	0.863157894736842	0.0670731707317073	0.932926829268293	T,C	0.93,0.07	0
467	Tpa_7560_1	17.8095238095238	0.736842105263158	0.0857142857142857	0.914285714285714	T,C	0.09,0.91	0
468	Tpa_7566_1	334.118279569892	0.978947368421053	0.150537634408602	0.849462365591398	C,T	0.85,0.15	0.05
469	Tpa_7567_1	5.84722222222222	0.473684210526316	0.311111111111111	0.688888888888889	A,G	0.69,0.31	0
470	Tpa_7571_1	29.9390243902439	0.705263157894737	0.0895522388059701	0.91044776119403	G,A	0.09,0.91	0
471	Tpa_7586_1	322.734042553192	0.968421052631579	0.277173913043478	0.722826086956522	A,C	0.28,0.72	0.0487804878048781
472	Tpa_7594_1	2.96	0.0947368421052632	0.111111111111111	0.888888888888889	T,G	0.89,0.11	0
473	Tpa_7597_1	528.663157894737	0.989473684210526	0.0106382978723404	0.98936170212766	T,G	0.01,0.99	0.5
474	Tpa_7601_1	NA	0	NA	NA	C,A	NaN,NaN	NA
475	Tpa_7604_1	25.6567164179104	0.568421052631579	0.00925925925925926	0.990740740740741	C,T	0.99,0.01	0
476	Tpa_7605_1	4.2	0.157894736842105	0.166666666666667	0.833333333333333	A,G	0.83,0.17	0
477	Tpa_7615_1	73.2333333333333	0.884210526315789	0	1	C,G	1,0	NA
478	Tpa_7652_1	1.57142857142857	0.0210526315789474	0	1	G,A	0,1	NA
479	Tpa_7653_1	2.41304347826087	0.157894736842105	0.3	0.7	C,T	0.3,0.7	0
480	Tpa_7657_1	3	0.136842105263158	0.0384615384615385	0.961538461538462	G,A	0.04,0.96	0
481	Tpa_7665_1	1	0	NA	NA	A,T	NaN,NaN	NA
482	Tpa_7686_1	1566.72631578947	0.989473684210526	0.276595744680851	0.723404255319149	A,C	0.28,0.72	0.95
483	Tpa_7690_1	606.989361702128	0.989473684210526	0.111702127659574	0.888297872340426	T,G	0.89,0.11	1
484	Tpa_7691_1	1.23529411764706	0.0105263157894737	0.5	0.5	T,G	0.5,0.5	0
485	Tpa_7703_1	1.58823529411765	0.0421052631578947	0	1	G,T	1,0	NA
486	Tpa_7755_1	10.6621621621622	0.568421052631579	0.00925925925925926	0.990740740740741	C,T	0.99,0.01	0
487	Tpa_7757_1	1	0	NA	NA	A,T	NaN,NaN	NA
488	Tpa_7764_1	199.230769230769	0.926315789473684	0.130681818181818	0.869318181818182	C,A	0.13,0.87	0.647058823529412
489	Tpa_7765_1	2.37142857142857	0.105263157894737	0.15	0.85	A,T	0.15,0.85	0
490	Tpa_7769_1	106.022222222222	0.894736842105263	0.323529411764706	0.676470588235294	C,T	0.32,0.68	0.0810810810810811
491	Tpa_7772_1	NA	0	NA	NA	A,G	NaN,NaN	NA
492	Tpa_7798_1	7.47272727272727	0.273684210526316	0.211538461538462	0.788461538461538	C,T	0.79,0.21	0
493	Tpa_7799_1	3.2	0.168421052631579	0.0625	0.9375	A,G	0.94,0.06	0
494	Tpa_7805_1	2.26666666666667	0.0736842105263158	0.142857142857143	0.857142857142857	G,A	0.14,0.86	0
495	Tpa_7807_1	2.16326530612245	0.136842105263158	0.0384615384615385	0.961538461538462	C,T	0.96,0.04	0
496	Tpa_7814_1	49.7191011235955	0.884210526315789	0.119047619047619	0.880952380952381	C,T	0.88,0.12	0.0555555555555556
497	Tpa_7825_1	255.462365591398	0.957894736842105	0.0384615384615385	0.961538461538462	G,A	0.04,0.96	1
498	Tpa_7848_1	13.025641025641	0.705263157894737	0	1	T,C	1,0	NA
499	Tpa_7871_1	1.27272727272727	0.0105263157894737	0	1	C,T	1,0	NA
500	Tpa_7910_1	3.89473684210526	0.263157894736842	0.18	0.82	C,T	0.82,0.18	0
