	90763_231A_S1_L001_R1_001	90763_232A_S2_L001_R1_001	90763_236A_S3_L001_R1_001	90763_237A_S4_L001_R1_001	90763_238A_S5_L001_R1_001	90768_005A_S6_L001_R1_001	90768_009A_S7_L001_R1_001	90768_014A_S8_L001_R1_001	90768_015A_S9_L001_R1_001	90768_018A_S10_L001_R1_001	90768_027A_S11_L001_R1_001	90768_029A_S12_L001_R1_001	90768_034A_S13_L001_R1_001	90768_040A_S14_L001_R1_001	90768_042A_S15_L001_R1_001	90768_044A_S16_L001_R1_001	90768_054A_S17_L001_R1_001	90768_055A_S18_L001_R1_001	90768_056A_S19_L001_R1_001	90768_057A_S20_L001_R1_001	90768_061A_S21_L001_R1_001	90768_064A_S22_L001_R1_001	90768_067A_S23_L001_R1_001	90768_075A_S24_L001_R1_001	90768_076A_S25_L001_R1_001	90768_077A_S26_L001_R1_001	90768_078A_S27_L001_R1_001	90768_083A_S28_L001_R1_001	90768_084A_S29_L001_R1_001	90768_088A_S30_L001_R1_001	90768_090A_S31_L001_R1_001	90768_104A_S32_L001_R1_001
Tpa_0010	25,0	5,5	4,0	13,0	25,0	4,0	0,0	0,0	6,0	3,0	3,3	2,0	2,1	3,0	5,4	5,2	0,0	46,0	1,0	15,8	0,0	0,0	15,0	7,0	1,1	1,0	7,1	0,0	0,0	0,0	0,0	0,0
Tpa_0012	17,0	1,0	15,0	2,0	1,0	1,0	0,0	0,0	0,0	0,0	2,0	1,0	1,0	1,0	0,0	0,0	0,0	4,0	1,0	2,0	0,0	0,0	0,0	2,0	2,0	0,0	2,0	1,0	0,0	0,0	0,0	0,0
Tpa_0024	0,0	0,0	0,0	0,0	0,0	0,0	0,0	0,0	0,0	0,0	0,0	0,0	0,0	0,0	0,0	0,0	0,0	0,0	0,0	0,0	0,0	0,0	0,0	0,0	0,0	0,0	0,0	0,0	0,0	0,0	0,0	0,0
Tpa_0035	24,0	3,0	6,19	2,0	10,0	4,0	0,0	0,0	3,0	1,0	3,0	0,0	0,1	2,0	6,0	3,0	0,0	14,0	1,0	2,4	0,0	0,0	0,0	8,0	1,0	2,0	5,0	1,0	0,0	0,0	0,0	0,0
Tpa_0037	3,2	0,0	0,0	5,0	12,13	0,0	0,0	0,0	2,0	0,1	0,0	1,0	0,0	0,1	2,0	0,0	1,0	2,3	0,0	3,0	0,0	0,0	0,1	4,0	0,0	0,0	1,0	0,0	0,0	0,0	0,0	0,0
Tpa_0095	18,0	1,0	4,0	0,0	0,0	3,0	0,0	0,0	0,0	0,0	0,0	1,0	0,0	0,0	0,0	1,0	0,0	0,0	0,0	2,0	0,1	0,0	1,0	0,0	1,0	0,0	0,0	0,0	0,0	0,0	0,0	0,0
Tpa_0151	217,1	22,0	65,0	1,0	7,0	101,0	0,0	0,0	0,0	1,0	12,0	26,0	3,0	2,0	2,0	23,0	0,0	8,0	0,0	6,5	0,0	2,0	3,0	4,0	0,0	1,0	0,0	3,0	0,0	0,0	0,0	0,0
Tpa_0183	25,27	0,2	0,38	0,2	0,5	1,2	0,0	0,0	0,1	0,0	0,1	0,0	0,2	1,0	0,0	0,6	0,0	0,3	0,1	0,1	0,0	0,0	0,0	0,1	0,0	0,0	0,0	0,1	0,0	0,0	0,0	0,0
Tpa_0186	24,0	3,0	12,0	2,0	7,0	2,0	0,0	0,0	2,0	0,0	2,0	0,0	0,0	1,0	1,0	4,0	0,0	5,0	0,0	2,0	0,0	1,0	2,0	3,0	0,0	0,0	0,0	0,0	0,0	0,0	0,0	0,0
Tpa_0215	0,0	0,0	0,0	0,0	0,0	0,0	0,0	0,0	0,0	0,0	0,0	0,0	0,0	0,0	0,0	0,0	0,0	0,0	0,0	0,0	0,0	0,0	0,0	0,0	0,0	0,0	0,0	0,0	0,0	0,0	0,0	0,0
Tpa_0226	36,0	14,0	0,1	49,0	128,0	7,0	2,0	0,0	17,0	2,0	23,0	7,0	0,1	6,0	12,0	2,0	1,0	67,1	0,1	24,0	3,0	9,0	22,0	28,0	5,0	2,0	17,0	0,0	0,0	1,0	0,0	0,0
Tpa_0228	6,0	10,0	2,0	51,0	68,0	1,0	0,0	0,0	7,0	0,0	3,3	3,0	1,0	2,0	4,0	5,0	1,0	22,0	2,0	8,0	0,0	12,0	2,0	4,0	2,0	0,0	5,0	2,0	0,0	0,0	0,0	0,0
Tpa_0263	85,0	6,0	39,37	8,8	0,43	9,7	0,0	0,1	8,0	0,0	0,7	4,3	2,0	2,2	0,17	0,28	0,0	0,67	0,0	0,12	0,0	0,7	0,2	0,35	6,0	0,1	0,9	0,0	0,0	0,0	0,0	0,0
Tpa_0269	20,0	2,2	1,0	0,0	5,0	0,0	0,0	0,0	0,0	0,0	1,0	1,0	0,0	1,0	0,0	0,1	0,0	2,0	0,0	0,2	0,0	0,0	0,1	0,3	0,0	0,0	0,0	0,0	0,0	0,0	0,0	0,0
Tpa_0272	1,0	0,0	0,0	2,0	2,0	0,0	0,0	0,0	1,0	0,0	1,0	1,0	0,0	0,0	0,0	1,0	0,0	1,2	0,0	0,0	0,0	0,0	0,0	0,0	0,0	0,0	0,0	0,0	0,0	0,0	0,0	0,0
Tpa_0301	64,0	7,0	32,0	0,0	2,0	23,0	0,0	0,0	0,0	0,0	1,0	3,0	1,0	0,0	0,0	5,0	0,0	8,0	0,0	0,0	0,0	0,0	0,0	0,0	1,0	0,0	0,0	0,0	0,0	0,0	0,0	0,0
Tpa_0342	25,21	2,0	10,12	0,0	6,0	11,0	0,0	0,0	1,0	0,0	1,0	2,1	0,0	2,0	4,0	1,0	0,0	3,0	0,0	6,0	0,0	0,0	0,3	3,0	0,0	0,0	1,0	0,0	0,0	0,0	0,0	0,0
Tpa_0346	146,0	20,0	54,0	7,0	31,0	87,0	0,0	0,0	10,0	1,2	22,0	34,0	1,0	13,0	7,0	34,0	1,0	49,0	1,0	15,0	0,0	1,1	3,2	27,0	3,0	1,0	4,2	0,0	0,0	0,0	0,0	0,0
Tpa_0358	24,0	2,0	23,0	2,0	9,0	3,0	0,0	0,0	1,0	0,0	1,0	1,0	0,0	1,0	1,0	3,0	0,0	15,0	0,0	2,0	0,0	1,0	3,0	5,0	0,0	0,0	4,0	0,0	0,0	0,0	0,0	0,0
Tpa_0366	0,5	0,0	0,1	0,1	0,1	0,0	0,0	0,0	0,0	0,0	0,0	0,0	0,0	0,0	0,0	0,0	0,0	0,0	0,0	0,0	0,0	0,0	0,0	0,0	0,0	0,0	0,0	0,0	0,0	0,0	0,0	0,0
Tpa_0367	42,0	2,0	30,0	2,0	6,0	3,0	0,0	0,0	2,0	0,0	5,0	2,0	2,0	1,0	1,0	3,0	2,0	7,0	1,0	3,0	1,0	0,0	2,0	6,0	1,0	1,0	5,0	0,0	0,0	0,0	0,0	0,0
Tpa_0371	2,0	0,0	0,0	0,0	0,0	0,0	0,0	0,0	0,0	0,0	0,0	0,0	0,0	0,0	0,0	0,0	0,0	2,0	0,0	0,0	0,0	0,0	0,0	0,0	0,0	0,0	0,0	0,0	0,0	0,0	0,0	0,0
Tpa_0395	1,0	0,0	1,0	0,0	0,0	0,0	0,0	0,0	0,0	0,0	0,0	0,0	0,0	0,0	0,0	0,0	0,0	0,0	0,0	0,0	0,0	0,0	0,0	0,0	0,0	0,0	0,0	0,0	0,0	0,0	0,0	0,0
Tpa_0409	0,1	0,1	0,0	0,0	0,0	0,0	0,0	0,0	0,0	0,0	0,0	0,0	0,0	0,0	0,0	0,0	0,0	1,0	0,0	0,0	0,0	0,0	0,0	0,0	1,0	0,0	0,0	0,0	0,0	0,0	0,0	0,0
Tpa_0427	0,207	33,0	21,34	1,3	74,1	0,35	0,0	0,0	5,5	6,0	18,0	39,0	0,1	23,0	6,3	37,12	2,0	0,34	2,0	11,4	1,0	0,2	14,7	0,32	4,4	1,0	0,11	0,0	1,0	0,0	0,0	0,0
Tpa_0429	16,0	0,0	0,0	0,0	0,0	1,0	0,0	0,0	1,0	0,0	0,0	0,0	0,0	0,0	0,0	0,0	0,0	3,0	0,0	0,0	0,0	0,0	0,0	0,0	1,0	0,0	0,0	0,0	0,0	0,0	0,0	0,0
Tpa_0438	3,5	0,1	0,4	0,3	0,13	0,0	0,0	0,0	0,6	0,0	0,2	0,0	0,0	0,1	0,1	0,2	0,0	0,11	2,0	0,1	0,0	0,0	0,2	0,2	0,1	0,0	0,2	0,0	0,0	0,0	0,0	0,0
Tpa_0439	0,2	0,0	0,0	0,0	0,1	0,0	0,0	0,0	0,0	0,0	0,0	0,0	0,0	0,0	0,0	0,0	0,0	0,0	0,1	0,0	0,0	0,0	0,0	0,0	0,0	0,0	0,0	0,0	0,0	0,0	0,0	0,0
Tpa_0474	0,0	2,0	0,0	4,0	6,0	0,0	0,0	0,0	0,0	0,0	1,0	0,0	0,0	0,0	1,0	1,0	0,0	7,0	0,0	1,0	1,0	1,0	0,0	1,0	1,0	0,0	2,0	0,0	0,0	0,0	0,0	0,0
Tpa_0492	1,0	1,0	1,0	0,0	1,0	0,0	0,0	0,0	1,0	0,0	0,0	0,0	0,0	0,0	0,0	0,0	0,0	1,0	0,0	0,0	0,0	0,0	0,0	0,0	0,0	0,0	0,0	0,0	0,0	0,0	0,0	0,0
Tpa_0500	0,2	0,0	10,0	2,0	0,0	0,0	0,0	0,0	0,0	0,0	2,0	0,0	0,0	0,0	0,0	0,0	0,0	0,0	0,0	0,0	0,0	0,0	0,1	0,0	0,0	0,0	0,0	0,0	0,0	0,0	0,0	0,0
Tpa_0540	127,0	13,19	65,0	23,23	63,80	17,9	0,0	0,0	21,0	3,0	26,0	3,7	10,0	11,0	14,0	18,0	1,0	71,0	2,2	19,21	4,0	12,0	10,18	52,0	0,1	0,4	7,10	1,0	0,0	0,0	0,0	0,0
Tpa_0547	3,0	0,0	0,0	0,0	1,0	0,0	0,0	0,0	0,0	0,0	0,0	0,0	0,0	0,0	0,0	0,0	0,0	0,0	0,0	0,0	0,0	0,0	0,0	1,0	0,0	0,0	0,0	0,0	0,0	0,0	0,0	0,0
Tpa_0556	123,0	13,0	130,0	32,0	85,0	59,0	0,0	0,0	10,0	1,0	27,0	20,0	4,0	7,0	15,0	46,0	2,0	104,0	4,0	16,0	0,0	11,0	24,0	44,0	6,0	1,0	10,0	0,0	0,0	0,0	0,0	0,0
Tpa_0569	0,0	0,0	0,1	0,0	0,0	0,0	0,0	0,0	0,0	0,0	0,0	0,0	0,0	0,0	0,0	0,0	0,0	0,0	0,0	0,0	0,0	0,0	0,0	0,0	0,0	0,0	0,0	0,0	0,0	0,0	0,0	0,0
Tpa_0592	50,0	3,0	5,5	0,0	1,0	5,0	0,0	0,0	0,0	0,0	2,0	1,0	0,0	1,0	0,0	2,0	0,0	1,0	0,0	0,0	0,0	0,0	0,0	0,1	0,0	0,0	0,0	0,0	0,0	0,0	0,0	0,0
Tpa_0650	147,0	1,0	2,0	3,0	15,0	1,0	0,0	0,0	1,0	0,0	2,0	7,0	0,0	2,0	2,0	0,0	0,0	8,0	0,0	0,0	0,0	1,0	5,0	7,0	1,0	0,0	0,0	0,0	0,0	0,0	0,0	0,0
Tpa_0671	1,0	0,0	3,0	0,0	0,0	1,0	0,0	0,0	0,0	0,0	0,0	0,0	0,0	0,0	0,0	0,0	0,0	1,0	0,0	0,0	0,0	0,0	0,0	1,0	0,0	0,0	0,0	0,0	0,0	0,0	0,0	0,0
Tpa_0678	1,0	4,0	0,0	0,0	5,0	0,0	0,0	0,0	0,0	0,0	0,0	0,0	0,0	1,0	0,0	0,0	0,0	9,0	0,0	4,0	22,0	2,0	2,0	3,0	1,0	0,0	2,0	0,0	0,0	0,0	0,0	0,0
Tpa_0730	61,55	8,0	45,0	5,0	15,9	23,0	0,0	0,0	2,0	0,1	10,0	9,0	4,0	2,0	7,3	27,0	2,0	11,17	0,0	9,0	2,0	1,0	8,0	0,14	5,0	0,0	10,0	0,0	0,0	0,0	0,0	0,0
Tpa_0743	161,0	17,0	60,0	15,0	68,0	41,0	0,0	0,0	4,0	3,0	13,0	36,0	4,0	6,0	14,0	22,0	2,0	57,0	3,0	22,0	0,0	4,0	17,0	29,0	1,0	1,0	16,0	0,0	0,0	0,0	0,0	0,0
Tpa_0763	0,0	0,0	0,0	0,0	0,0	0,0	0,0	0,0	0,0	0,0	0,0	0,0	0,0	0,0	0,0	0,0	0,0	0,0	0,0	0,0	0,0	0,0	0,0	0,0	0,0	0,0	0,0	0,0	0,0	0,0	0,0	0,0
Tpa_0768	105,0	39,0	65,0	100,0	186,0	32,0	3,0	0,0	9,0	7,0	44,0	6,0	6,0	12,0	7,0	26,0	0,0	64,1	8,1	54,0	3,0	14,0	22,0	68,0	12,0	2,0	23,0	1,0	0,0	1,0	0,0	0,0
Tpa_0826	11,5	9,0	13,0	2,0	15,0	5,0	0,0	1,0	0,1	0,0	4,0	0,0	0,0	4,0	0,2	3,0	0,0	16,0	2,0	5,0	0,0	0,1	7,0	9,0	0,0	1,0	3,0	0,0	0,0	0,0	0,0	0,0
Tpa_0866	111,0	3,14	26,0	0,0	3,0	13,0	0,0	1,0	0,0	0,0	1,0	2,6	1,0	1,0	2,0	1,0	0,0	4,0	1,0	0,0	0,0	0,0	1,0	3,0	0,1	0,0	1,0	1,0	0,0	0,0	0,0	0,0
Tpa_0868	3,0	2,0	0,0	0,0	4,0	0,0	0,0	0,0	0,0	0,0	2,0	0,0	0,0	1,1	0,0	1,0	0,1	2,0	0,0	0,0	0,0	0,0	0,0	0,0	0,0	0,0	0,0	0,0	0,0	0,0	0,0	0,0
Tpa_0882	3,0	2,0	1,0	6,0	1,2	1,0	0,0	0,0	4,0	0,0	0,2	0,0	1,0	0,0	1,0	0,0	1,1	8,6	0,0	0,0	0,0	0,0	3,0	5,2	0,0	0,0	0,0	0,0	0,0	0,0	0,0	0,0
Tpa_0888	1,0	0,0	0,0	0,0	0,0	0,0	0,0	0,0	0,0	0,0	0,0	0,0	0,0	0,0	0,0	0,0	0,0	0,0	0,0	0,0	0,0	0,0	0,0	1,0	0,0	0,0	0,0	0,0	0,0	0,0	0,0	0,0
Tpa_0895	28,0	1,0	9,0	0,0	7,0	8,0	0,0	0,0	1,0	0,0	4,0	1,0	0,0	1,0	1,0	3,0	0,0	9,0	0,0	3,0	0,0	1,0	3,0	2,0	0,0	0,0	0,0	0,0	0,0	0,0	0,0	0,0
Tpa_0905	0,4	0,0	0,0	0,0	0,1	0,0	0,0	0,0	0,0	0,0	0,1	0,0	0,0	0,0	0,0	0,0	0,0	0,1	0,0	0,0	0,0	0,0	0,0	0,0	0,0	0,0	0,0	0,0	0,0	0,0	0,0	0,0
Tpa_0912	2,0	5,0	0,0	14,0	37,0	1,0	0,0	0,0	3,0	0,0	1,0	0,0	1,0	0,0	5,0	2,0	0,0	22,0	0,0	3,0	0,0	1,0	5,0	10,0	0,0	0,0	2,0	0,0	0,0	0,0	0,0	0,0
Tpa_0929	0,0	0,0	1,0	0,0	1,0	0,0	0,0	0,0	1,0	0,0	2,0	0,0	0,0	0,0	0,0	0,0	0,0	2,0	0,0	0,0	0,0	0,0	0,0	0,0	0,0	0,0	0,0	0,0	0,0	0,0	0,0	0,0
Tpa_0936	105,0	15,0	45,0	3,0	0,0	0,0	0,0	0,0	5,0	3,0	14,0	11,0	0,0	3,0	5,0	5,0	0,0	18,1	1,0	7,0	0,0	0,3	6,0	9,0	0,0	1,0	0,0	0,0	0,0	0,0	0,0	0,0
Tpa_0953	293,0	23,0	72,0	6,4	93,0	94,0	0,0	0,0	9,8	3,0	43,0	35,0	10,0	7,0	7,0	29,0	1,1	56,0	4,0	18,0	0,1	4,0	16,0	19,16	2,0	2,0	5,0	0,0	0,0	0,0	0,0	0,0
Tpa_0970	0,0	0,0	0,0	1,0	0,0	0,0	0,0	0,0	0,0	0,0	0,0	0,0	0,0	0,0	0,0	0,0	0,0	0,0	0,0	0,0	0,0	0,0	0,0	0,0	0,0	0,0	0,0	0,0	0,0	0,0	0,0	0,0
Tpa_0973	0,0	0,0	0,0	0,0	0,0	0,0	0,0	0,0	0,0	0,0	0,0	0,0	0,0	0,0	0,0	0,0	0,0	0,0	0,0	1,0	0,0	0,0	0,0	0,0	0,0	0,0	0,0	0,0	0,0	0,0	0,0	0,0
Tpa_0979	1,1	0,0	0,0	0,0	0,0	0,0	0,0	0,0	0,0	0,0	0,0	0,0	0,0	0,0	0,0	0,0	0,0	0,0	0,0	0,0	0,0	0,0	0,0	0,0	0,0	0,0	0,0	0,0	0,0	0,0	0,0	0,0
Tpa_1007	10,11	0,0	0,10	0,0	0,3	0,3	0,0	0,0	0,1	0,0	0,0	0,1	0,0	0,0	0,0	0,1	0,0	2,0	1,0	0,0	0,0	0,0	0,0	0,0	0,0	0,0	0,0	0,0	0,0	0,0	0,0	0,0
Tpa_1022	0,0	0,0	0,0	0,0	0,0	0,0	0,0	0,0	0,0	0,0	0,0	0,0	0,0	0,0	0,0	0,0	0,0	0,0	0,0	0,0	0,0	0,0	0,0	0,0	0,0	0,0	0,0	0,0	0,0	0,0	0,0	0,0
Tpa_1042	1,0	0,0	0,0	0,0	0,0	0,0	0,0	0,0	0,0	0,0	0,0	0,0	0,0	0,0	0,0	0,0	0,0	0,0	0,0	0,0	0,0	0,0	0,0	0,0	0,0	0,0	0,0	0,0	0,0	0,0	0,0	0,0
Tpa_1071	20,0	0,0	6,13	0,0	0,0	3,0	0,0	0,0	2,0	0,0	1,0	1,0	1,0	0,0	0,0	1,0	0,0	6,0	0,0	0,0	0,0	0,0	0,0	3,2	0,0	0,0	1,0	0,0	0,0	0,0	0,0	0,0
Tpa_1077	4,0	0,0	2,0	0,0	0,0	1,0	0,0	0,0	0,0	0,0	0,0	0,0	0,0	0,0	0,0	0,0	0,0	0,0	0,0	0,0	0,0	0,1	0,0	0,0	0,0	0,0	0,0	0,0	0,0	0,0	0,0	0,0
Tpa_1082	88,0	6,0	4,0	0,0	2,1	18,0	0,0	1,0	0,0	0,0	0,0	4,1	0,0	0,1	0,0	1,0	1,0	0,0	1,0	0,0	0,0	0,0	0,0	2,0	0,0	0,0	0,1	0,0	0,0	0,0	0,0	0,0
Tpa_1098	1,0	0,0	0,0	0,0	1,0	0,0	0,0	0,0	0,0	0,0	0,0	0,0	0,0	0,0	0,0	0,0	0,0	0,0	0,0	0,0	0,0	0,0	0,0	0,0	0,0	0,0	0,0	0,0	0,0	0,0	0,0	0,0
Tpa_1112	0,0	0,0	0,0	0,0	0,0	0,0	0,0	0,0	0,0	0,0	0,0	0,0	0,0	0,0	0,0	0,0	0,0	0,0	0,0	0,0	0,0	0,0	0,0	0,0	0,0	0,0	0,0	0,0	0,0	0,0	0,0	0,0
Tpa_1136	0,0	0,0	0,0	0,0	0,0	0,0	0,0	0,0	0,0	0,0	0,0	0,0	0,0	0,0	0,0	0,0	0,0	0,0	0,0	0,0	0,0	0,0	0,0	0,0	0,0	0,0	0,0	0,0	0,0	0,0	0,0	0,0
Tpa_1144	0,0	0,0	0,0	0,0	0,0	0,0	0,0	0,0	0,0	0,0	0,0	0,0	0,0	0,0	0,0	0,0	0,0	0,0	0,0	0,0	0,0	0,0	0,0	0,0	0,0	0,0	0,0	0,0	0,0	0,0	0,0	0,0
Tpa_1154	0,0	0,0	0,0	0,0	0,0	0,0	0,0	0,0	0,0	0,0	0,0	0,0	0,0	0,0	0,0	0,0	0,0	0,0	0,0	0,0	0,0	0,0	0,0	0,0	0,0	0,0	0,0	0,0	0,0	0,0	0,0	0,0
Tpa_1156	0,0	0,0	0,0	0,0	0,0	0,0	0,0	0,0	0,0	0,0	0,0	0,0	0,0	0,0	0,0	0,0	0,0	0,0	0,0	0,0	0,0	0,0	0,0	0,0	0,0	0,0	0,0	0,0	0,0	0,0	0,0	0,0
Tpa_1187	11,0	1,2	6,0	2,1	11,0	1,0	0,0	0,0	4,0	0,0	0,0	3,0	1,0	0,0	1,0	3,0	0,0	9,0	0,0	3,0	0,0	0,0	1,0	5,0	1,0	0,0	1,0	1,0	0,0	0,0	0,0	0,0
Tpa_1268	4,0	0,0	0,0	0,0	0,0	0,0	0,0	0,0	0,0	0,0	0,0	0,0	0,0	0,0	0,0	1,0	0,0	0,0	0,0	1,0	0,0	0,0	0,0	0,0	0,0	0,0	0,0	0,0	0,0	0,0	0,0	0,0
Tpa_1290	20,0	0,0	9,0	0,0	4,0	8,0	0,0	0,0	1,0	1,0	1,0	1,0	1,0	0,0	1,0	2,0	0,0	1,3	0,0	2,0	0,0	1,0	1,0	2,0	1,0	2,0	1,0	0,0	0,0	0,0	0,0	0,0
Tpa_1304	0,0	0,0	0,0	0,0	0,0	0,0	0,0	0,0	0,0	0,0	0,0	0,0	0,0	0,0	0,0	0,0	0,0	0,0	0,0	0,0	0,0	0,0	0,0	0,0	0,0	0,0	0,0	0,0	0,0	0,0	0,0	0,0
Tpa_1305	0,0	0,0	0,0	0,0	0,0	0,0	0,0	0,0	0,0	0,0	0,0	0,0	0,0	0,0	0,0	0,0	0,0	0,0	0,0	0,0	0,0	0,0	0,0	0,0	0,0	0,0	0,0	0,0	0,0	0,0	0,0	0,0
Tpa_1310	2,0	0,0	10,0	0,0	4,0	2,0	0,0	0,0	0,0	0,0	0,0	0,0	0,0	0,0	0,0	0,0	0,0	0,0	0,0	0,0	0,0	0,0	0,0	1,0	0,0	0,0	0,0	0,0	0,0	0,0	0,0	0,0
Tpa_1312	358,1	46,0	141,0	6,0	69,0	66,0	0,0	0,0	13,0	7,0	21,0	23,0	3,0	8,0	22,0	89,0	0,0	82,0	1,0	9,0	3,0	15,0	35,0	44,1	5,0	2,2	25,0	3,0	0,0	1,0	0,0	0,0
Tpa_1320	0,0	0,0	0,0	0,0	0,0	0,0	0,0	0,0	0,0	140,0	1,0	426,0	0,0	1,0	0,0	0,0	0,0	0,0	0,0	0,0	0,0	183,0	0,0	1,0	0,0	32,0	83,0	0,0	0,0	0,0	0,0	0,0
Tpa_1341	4,0	0,0	1,0	0,0	0,0	1,0	0,0	0,0	0,0	0,0	0,0	0,0	0,0	0,0	0,0	0,0	0,0	0,0	0,0	0,0	0,0	0,0	0,0	0,0	0,0	0,0	0,0	0,0	0,0	0,0	0,0	0,0
Tpa_1357	4,0	0,0	1,0	0,0	0,0	0,0	0,0	0,0	0,0	0,0	0,0	0,0	0,0	0,0	0,0	0,0	0,0	0,0	0,0	0,0	0,0	0,0	0,0	1,0	0,0	0,0	1,0	0,0	0,0	0,0	0,0	0,0
Tpa_1359	189,0	50,63	41,0	473,0	665,0	81,0	1,0	4,0	148,0	14,11	87,107	84,0	62,0	70,0	126,0	128,0	6,7	389,1	26,19	249,1	6,2	73,0	136,0	233,0	43,0	16,0	86,1	12,0	1,0	1,0	0,0	1,0
Tpa_1394	30,25	9,0	20,14	8,14	25,22	9,0	0,0	1,0	2,0	0,2	15,0	2,2	1,3	12,0	2,0	8,0	2,0	41,0	2,0	17,0	1,0	5,0	15,0	20,0	0,0	0,0	5,6	1,0	0,0	1,0	0,0	0,0
Tpa_1443	0,21	3,6	7,0	3,10	3,8	2,6	0,0	0,0	0,1	1,0	0,4	2,3	0,0	4,3	5,1	0,10	0,0	0,12	0,0	3,2	0,0	0,2	4,6	0,12	0,0	0,0	0,2	0,0	0,0	0,0	0,0	0,0
Tpa_1486	1,0	0,0	1,0	0,0	1,0	1,0	0,0	0,0	0,0	0,0	0,0	0,0	0,0	0,0	0,0	0,0	0,0	0,0	0,0	0,0	0,0	0,0	1,0	0,0	0,0	0,0	0,0	0,0	0,0	0,0	0,0	0,0
Tpa_1515	8,0	5,0	2,0	1,3	7,0	2,0	0,0	0,0	2,0	2,0	2,0	0,1	0,0	0,0	0,0	1,0	0,0	2,11	1,0	4,0	0,0	0,0	2,0	2,0	1,0	0,0	1,0	0,0	0,0	0,0	0,0	0,0
Tpa_1528	1,0	3,0	0,0	1,2	5,0	2,0	1,0	0,0	2,0	0,0	4,0	0,0	0,0	0,0	1,0	2,0	0,0	6,2	2,0	7,0	0,0	2,0	3,0	2,3	0,0	0,0	1,1	0,0	0,0	0,0	0,0	0,0
Tpa_1542	2,0	0,0	0,0	0,0	0,0	0,0	0,0	0,0	0,0	0,0	0,0	1,0	0,0	0,0	0,0	0,0	0,0	0,0	0,0	0,0	0,0	0,0	0,0	0,0	0,0	0,0	0,0	0,0	0,0	0,0	0,0	0,0
Tpa_1548	24,28	20,0	81,0	14,15	14,35	8,12	0,0	0,0	2,3	6,0	9,0	19,0	11,0	5,0	11,0	20,0	0,0	24,33	0,0	22,13	0,1	3,4	5,0	6,9	0,0	0,0	11,0	1,0	0,0	0,0	0,0	0,0
Tpa_1550	20,0	0,0	8,0	0,0	0,0	2,0	0,0	0,0	1,0	0,0	0,0	0,0	0,0	0,0	0,0	0,0	0,0	3,0	0,0	0,0	0,0	0,0	0,0	2,0	1,0	0,0	0,0	0,0	0,0	0,0	0,0	0,0
Tpa_1585	0,75	0,5	20,19	0,0	0,2	0,8	0,0	0,0	0,0	0,0	0,2	0,1	0,0	0,1	0,2	3,4	0,0	0,1	0,0	0,0	0,1	0,1	0,3	0,2	0,3	0,0	0,0	0,0	0,0	0,0	0,0	0,0
Tpa_1593	24,1	3,0	27,0	4,0	7,10	3,2	0,0	0,0	2,0	0,0	0,1	2,0	1,0	1,0	2,0	3,0	0,0	2,8	0,0	5,3	1,0	0,0	0,2	0,2	0,0	0,0	0,0	0,0	0,0	0,0	0,0	0,0
Tpa_1606	518,0	100,0	196,0	197,0	393,0	302,0	2,0	4,0	123,0	13,18	187,0	106,0	19,8	46,33	98,0	246,0	14,0	377,0	20,1	151,0	5,0	83,0	159,0	302,0	38,0	10,0	107,0	8,0	0,0	0,1	0,0	0,0
Tpa_1638	7,2	0,0	9,0	3,0	2,0	2,0	0,0	0,0	3,0	0,0	3,0	5,0	0,0	0,0	1,0	3,0	0,0	5,3	0,0	2,0	0,0	0,0	0,0	4,0	0,0	0,0	4,0	0,0	0,0	0,0	0,0	0,0
Tpa_1646	193,0	52,0	151,0	39,0	77,0	12,0	0,0	0,0	2,0	2,0	2,0	7,0	10,0	11,0	2,0	53,0	0,0	88,0	0,0	37,0	1,0	6,0	33,0	8,0	6,0	0,0	1,0	1,0	0,0	0,0	0,0	1,0
Tpa_1662	6,0	0,0	3,2	0,0	0,0	0,0	0,0	0,0	0,0	0,0	0,0	0,0	0,0	1,0	0,0	0,0	0,0	0,0	0,0	0,0	0,0	0,0	0,0	1,0	0,0	0,0	0,0	0,0	0,0	0,0	0,0	0,0
Tpa_1678	10,0	1,0	0,0	0,0	0,0	0,0	0,0	0,0	0,0	1,0	0,0	0,0	0,0	0,0	0,0	2,0	0,0	2,0	0,0	0,0	0,0	0,0	0,0	0,0	0,0	0,0	0,0	0,0	0,0	0,0	0,0	0,0
Tpa_1689	0,0	0,0	2,0	0,0	0,0	0,0	0,0	0,0	0,0	0,0	0,0	0,0	0,0	0,0	0,0	0,0	0,0	0,0	0,0	0,0	0,0	0,0	0,0	0,0	0,0	0,0	0,0	0,0	0,0	0,0	0,0	0,0
Tpa_1703	0,0	0,0	0,0	0,0	0,0	1,0	0,0	0,0	0,0	0,0	0,0	0,0	0,0	0,0	0,0	0,0	0,0	0,0	0,0	0,0	0,0	0,0	0,0	0,0	0,0	0,0	0,0	0,0	0,0	0,0	0,0	0,0
Tpa_1731	360,1	32,0	104,0	24,0	89,0	81,0	1,0	2,0	7,0	5,0	27,0	37,0	10,0	18,0	27,0	42,0	5,0	42,29	10,0	32,0	4,0	9,0	25,0	42,0	5,0	6,0	19,0	0,0	0,0	0,0	0,0	0,0
Tpa_1774	0,0	0,0	0,0	0,0	0,0	0,0	0,0	0,0	0,0	0,0	0,0	0,0	0,0	0,0	0,0	0,0	0,0	0,0	0,0	0,0	0,0	0,0	0,0	0,0	0,0	0,0	0,0	0,0	0,0	0,0	0,0	0,0
Tpa_1775	3,0	0,0	0,0	0,0	1,0	23,525	0,0	4,0	18,207	0,0	3,0	1,0	0,0	179,3	188,0	450,2	47,0	0,0	69,0	377,2	1,0	0,0	773,0	512,1	0,0	29,0	137,0	0,0	0,0	7,0	0,0	0,0
Tpa_1818	0,8	0,2	0,4	1,0	7,0	0,3	0,0	0,1	0,0	0,0	0,2	0,0	0,0	0,0	0,2	1,0	0,0	0,9	0,0	1,1	0,0	1,0	0,4	2,3	0,0	0,0	0,1	0,0	0,0	0,0	0,0	0,0
Tpa_1831	30,0	1,0	19,0	0,0	3,0	6,0	0,0	0,0	0,0	0,0	0,0	5,0	0,0	0,0	0,0	1,0	0,0	3,0	0,0	1,0	0,0	0,0	2,0	0,0	0,0	0,0	0,0	0,0	0,0	0,0	0,0	0,0
Tpa_1832	16,14	19,0	13,0	41,0	104,0	6,0	0,0	0,0	6,0	2,0	9,6	1,0	1,0	2,5	2,0	6,0	1,0	64,0	3,0	8,0	4,0	4,0	8,0	23,0	2,0	0,0	6,0	0,0	0,0	0,0	0,0	0,0
Tpa_1843	79,0	8,0	24,12	6,0	17,0	30,0	0,0	0,0	4,0	1,0	9,0	8,0	2,0	4,0	4,0	10,0	0,0	0,1	0,0	5,0	0,0	2,0	4,0	10,0	1,0	0,0	1,0	0,0	0,0	0,0	0,0	0,0
Tpa_1891	108,0	6,0	92,0	7,0	27,0	23,0	0,0	0,0	1,0	1,0	10,0	9,0	1,0	1,0	8,0	8,0	1,0	18,0	0,0	3,2	0,0	2,0	5,0	11,0	1,0	0,0	0,0	0,0	0,0	0,0	0,0	0,0
Tpa_1896	0,23	0,4	0,19	0,14	0,23	0,7	0,0	0,1	0,0	0,0	0,2	0,1	0,1	0,1	0,2	2,4	0,0	0,26	0,2	0,10	0,2	0,0	0,7	0,16	0,2	0,0	0,3	0,0	0,0	0,0	0,0	0,0
Tpa_1917	3,0	0,0	0,0	0,0	0,0	0,0	0,0	0,0	0,0	0,0	0,0	0,0	0,0	0,0	0,0	0,0	0,0	0,0	0,0	0,0	0,0	0,0	0,0	0,0	0,0	0,0	0,0	0,0	0,0	0,0	0,0	0,0
Tpa_1930	17,19	0,2	0,36	1,0	9,0	0,11	0,0	0,0	0,0	0,1	2,0	0,4	2,0	0,0	0,0	3,0	0,0	3,5	0,0	0,2	0,0	0,0	0,4	1,2	0,0	0,0	0,5	0,0	0,0	0,0	0,0	0,0
Tpa_1966	0,0	0,0	0,0	0,0	0,0	0,0	0,0	0,0	0,0	0,0	0,0	0,0	0,0	0,0	0,0	0,0	0,0	0,0	0,0	0,0	0,0	0,0	0,0	0,0	0,0	0,0	0,0	0,0	0,0	0,0	0,0	0,0
Tpa_2006	4,0	0,0	0,2	0,0	0,0	1,0	0,0	0,0	0,0	0,0	0,0	0,0	0,0	0,0	0,0	0,0	0,0	0,0	0,0	0,0	0,0	0,0	0,0	0,0	0,0	0,0	0,0	0,0	0,0	0,0	0,0	0,0
Tpa_2010	13,0	1,0	4,0	2,0	2,0	1,0	0,0	0,0	0,0	0,0	1,0	1,0	0,0	0,0	0,0	3,0	1,0	3,0	0,0	0,0	0,0	1,0	2,0	3,0	0,0	1,0	2,0	0,0	0,0	0,0	0,0	0,0
Tpa_2021	0,0	0,0	0,0	0,0	0,0	0,0	0,0	0,0	0,0	0,0	0,0	0,0	0,0	0,0	0,0	0,0	0,0	0,0	0,0	0,0	0,0	0,0	0,0	0,0	0,0	0,0	0,0	0,0	0,0	0,0	0,0	0,0
Tpa_2034	4,0	0,0	0,0	0,0	0,0	0,0	0,0	0,0	0,0	0,0	0,0	0,0	0,0	0,0	0,0	0,0	0,0	2,0	1,0	0,0	0,0	0,0	0,0	0,0	0,0	0,0	0,0	0,0	0,0	0,0	0,0	0,0
Tpa_2040	2,7	1,0	4,0	0,0	3,0	2,0	0,0	0,0	0,0	1,0	0,0	0,0	0,0	0,0	0,0	1,0	0,0	2,0	0,0	0,0	0,0	0,0	0,0	2,0	0,0	0,0	1,0	0,0	0,0	0,0	0,0	0,0
Tpa_2041	2,0	0,0	2,0	1,0	1,0	0,0	0,0	0,0	0,0	0,0	1,0	0,0	0,0	0,0	0,0	2,0	0,0	1,0	0,0	0,0	0,0	0,0	0,0	2,0	0,0	0,0	0,0	0,0	0,0	0,0	0,0	0,0
Tpa_2073	37,0	4,4	14,0	2,0	20,0	5,0	0,0	0,0	1,0	0,0	7,0	0,0	0,0	1,0	3,3	3,0	1,1	20,0	1,0	5,0	0,0	0,0	2,0	10,0	1,0	0,0	2,2	1,0	0,0	0,0	0,0	0,0
Tpa_2076	31,0	4,2	26,0	1,0	30,0	12,0	0,0	0,0	1,2	0,0	2,7	2,0	0,0	3,0	2,3	1,0	1,0	33,0	1,0	5,0	0,0	0,0	2,0	17,0	1,0	1,0	10,0	1,0	0,0	0,0	0,0	0,0
Tpa_2096	10,8	3,0	12,0	1,0	6,1	2,0	0,0	0,0	0,0	0,0	1,0	0,0	0,0	1,0	0,0	1,0	0,0	6,0	0,0	3,0	0,0	0,0	1,2	1,0	0,0	0,0	0,0	1,0	0,0	0,1	0,0	0,0
Tpa_2128	0,0	0,0	0,0	0,0	0,0	0,0	0,0	0,0	0,0	0,0	0,0	0,0	0,0	0,0	0,0	0,0	0,0	0,0	0,0	0,0	0,0	0,0	0,0	0,0	0,0	0,0	0,0	0,0	0,0	0,0	0,0	0,0
Tpa_2157	172,0	30,0	122,0	11,0	53,1	53,0	0,0	0,0	4,0	2,0	9,0	7,0	4,0	2,0	6,0	18,14	1,0	67,0	1,0	23,0	0,0	2,0	17,0	30,0	2,0	1,0	14,0	1,0	0,0	0,0	0,0	0,0
Tpa_2180	0,8	0,1	0,6	0,2	0,4	0,0	0,0	0,0	0,0	0,1	0,2	0,0	0,0	0,0	0,0	0,1	0,0	0,5	0,0	0,0	0,0	0,0	0,1	0,1	0,1	0,0	0,0	0,0	0,0	0,0	0,0	0,0
Tpa_2194	0,3	1,0	3,0	0,0	0,2	1,0	0,0	0,0	0,0	0,0	0,0	0,0	1,0	0,0	0,0	0,0	0,0	2,1	0,0	0,1	0,0	0,0	0,1	0,2	0,0	0,0	0,0	0,0	0,0	0,0	0,0	0,0
Tpa_2207	104,0	2,0	68,0	8,0	33,0	66,0	0,0	0,0	3,0	2,0	5,0	10,0	2,0	0,0	3,0	30,0	1,0	24,0	0,0	3,0	0,0	3,0	3,4	6,0	1,0	0,0	2,0	0,0	0,0	0,0	0,0	0,0
Tpa_2254	9,0	0,0	0,6	0,0	3,0	0,0	0,0	0,0	0,0	0,0	0,0	0,0	1,0	0,0	0,0	1,1	0,0	1,0	0,0	0,1	0,0	0,0	0,0	0,0	0,0	0,0	0,0	0,0	0,0	0,0	0,0	0,0
Tpa_2278	18,0	0,0	13,0	0,0	1,0	4,5	0,0	0,0	0,0	0,0	0,1	1,0	0,0	0,0	0,0	0,2	0,0	2,2	0,0	0,1	0,0	0,0	0,0	0,0	0,0	0,0	1,0	0,0	0,0	0,0	0,0	0,0
Tpa_2334	0,0	0,0	0,0	0,0	0,0	0,0	0,0	0,0	0,0	0,0	0,0	0,0	0,0	0,0	0,0	0,0	0,0	0,0	0,0	0,0	0,0	0,0	0,0	0,0	0,0	0,0	0,0	0,0	0,0	0,0	0,0	0,0
Tpa_2344	124,146	18,0	161,1	3,0	0,19	57,0	0,0	0,0	6,0	1,0	13,0	11,0	1,3	9,0	6,0	5,0	0,0	27,0	2,0	23,0	0,0	1,0	8,7	8,0	1,1	0,0	7,0	1,0	0,0	2,0	0,0	0,0
Tpa_2353	103,0	9,0	60,0	23,0	29,26	23,0	0,0	0,0	7,0	3,0	2,3	7,0	2,1	0,3	5,0	1,6	1,0	59,0	0,0	10,0	1,0	2,1	8,0	29,0	4,0	0,0	14,0	1,0	0,0	0,0	0,0	0,0
Tpa_2368	0,4	0,0	0,1	0,0	0,0	0,2	0,0	0,0	0,0	0,0	0,0	0,2	0,0	0,0	0,0	0,0	0,0	0,1	0,0	0,0	0,0	0,0	0,1	0,1	0,0	0,0	0,1	0,0	0,0	0,0	0,0	0,0
Tpa_2412	206,0	84,0	163,0	136,0	329,0	141,0	2,0	2,0	115,0	29,0	79,56	42,0	33,0	22,28	96,0	144,2	9,0	284,0	18,0	147,0	13,0	51,0	92,0	190,0	42,0	6,0	27,0	3,0	0,0	1,0	0,0	0,0
Tpa_2417	0,43	0,0	1,9	3,3	0,13	0,1	0,0	0,0	0,3	0,1	0,1	0,1	0,0	0,1	0,5	0,1	0,1	0,6	0,1	0,3	0,1	0,0	0,2	0,6	0,1	0,1	0,1	0,0	0,0	0,0	0,0	0,0
Tpa_2453	0,0	0,0	0,0	0,0	0,0	0,0	0,0	0,0	0,0	0,0	0,0	0,0	0,0	0,0	0,0	0,0	0,0	0,0	0,0	0,0	0,0	0,0	0,0	0,0	0,0	0,0	0,0	0,0	0,0	0,0	0,0	0,0
Tpa_2458	2,0	0,0	1,0	0,0	0,0	0,0	0,0	0,0	0,0	0,0	0,0	0,0	0,0	0,0	0,0	0,0	0,0	0,0	0,0	0,0	0,0	0,0	0,0	0,0	0,0	0,0	0,0	0,0	0,0	0,0	0,0	0,0
Tpa_2460	6,0	2,0	41,0	1,0	5,0	4,0	0,0	0,0	0,0	0,0	0,1	1,0	2,0	0,0	0,0	1,0	0,0	12,0	0,0	1,0	0,0	0,0	2,0	6,0	0,0	0,0	0,0	0,0	0,0	0,0	0,0	0,0
Tpa_2470	17,0	6,0	10,0	10,0	23,0	2,0	0,0	0,0	5,0	2,0	6,0	2,0	0,0	4,0	6,0	4,0	2,0	29,0	0,0	7,0	0,0	1,0	3,0	18,0	1,0	1,0	6,0	0,0	0,0	0,0	0,0	0,0
Tpa_2483	107,0	3,7	37,36	5,1	30,0	43,0	0,0	1,0	5,0	0,0	13,0	10,0	0,0	2,4	6,0	23,0	0,0	28,0	1,0	2,4	1,0	2,0	8,0	20,0	2,0	0,0	7,0	0,0	0,0	0,0	0,0	0,0
Tpa_2498	2,0	0,0	2,0	0,0	0,0	0,0	0,0	0,0	0,0	0,0	1,0	0,0	0,0	0,0	0,1	1,0	0,0	2,0	0,0	0,0	0,0	0,0	0,0	1,0	0,0	0,0	0,0	0,0	0,0	0,0	0,0	0,0
Tpa_2509	3,1	0,0	0,2	1,0	0,1	0,0	0,0	0,0	0,0	0,0	1,0	0,0	0,0	0,1	0,0	0,0	0,0	1,0	0,0	0,0	0,0	0,0	0,0	0,0	0,0	0,0	0,0	0,0	0,0	0,0	0,0	0,0
Tpa_2518	11,13	20,0	16,0	44,0	38,42	7,0	0,0	2,0	4,4	0,5	17,0	8,0	1,0	2,0	8,2	6,0	0,0	35,34	4,0	7,10	1,1	8,0	6,0	24,0	0,0	0,1	5,7	0,0	0,0	0,0	0,0	0,0
Tpa_2519	8,0	1,0	0,0	0,0	3,0	1,0	0,0	0,0	0,0	0,0	0,0	0,0	1,0	0,0	0,0	0,0	1,0	1,0	0,0	1,0	0,0	0,0	0,0	1,0	0,0	0,0	0,0	0,0	0,0	0,0	0,0	0,0
Tpa_2523	2,0	0,0	3,0	1,0	3,0	0,0	0,0	0,0	0,0	0,0	2,0	0,0	0,0	0,0	1,0	0,0	0,0	1,0	0,0	0,0	0,0	0,0	0,0	0,0	0,0	0,0	0,0	0,0	0,0	0,0	0,0	0,0
Tpa_2581	83,0	8,0	65,11	5,0	30,0	32,0	0,0	0,0	1,0	4,0	4,1	1,0	1,0	0,0	4,0	0,2	0,0	14,0	0,0	8,0	1,0	0,0	4,0	0,2	3,0	0,0	0,1	0,0	0,0	0,0	0,0	0,0
Tpa_2601	794,0	16,22	0,223	1,36	0,117	1,232	0,0	0,0	11,5	6,0	0,43	59,0	5,8	14,17	13,12	41,25	5,0	0,115	0,13	0,68	7,2	6,6	23,13	38,26	6,6	3,2	54,0	0,1	0,0	0,1	0,0	0,0
Tpa_2608	212,0	18,0	99,0	9,8	23,25	68,0	0,0	1,0	1,3	2,0	6,5	12,0	2,0	3,1	13,0	19,0	1,0	50,0	3,0	28,0	2,1	5,0	9,0	10,0	4,0	1,0	4,5	0,0	0,0	0,0	0,0	0,0
Tpa_2636	42,0	45,0	15,0	64,0	109,0	12,0	1,0	0,0	37,0	2,0	44,0	4,0	7,0	8,0	36,0	17,0	0,0	121,0	1,0	44,0	2,0	13,0	22,0	42,0	4,0	2,0	20,0	2,0	0,0	1,0	0,0	0,0
Tpa_2639	2,0	0,0	1,0	0,0	1,0	0,0	0,0	0,0	0,0	0,0	0,0	0,0	0,0	0,0	0,0	1,0	0,0	0,1	0,0	0,0	0,0	0,0	0,0	1,0	0,0	0,0	0,0	0,0	0,0	0,0	0,0	0,0
Tpa_2664	11,0	1,0	3,0	1,0	8,0	3,0	0,0	0,0	2,0	1,0	2,3	1,0	0,0	0,0	1,0	3,0	0,0	11,0	1,0	2,0	0,0	2,0	6,0	6,0	0,0	0,0	0,0	0,0	0,0	0,0	0,0	0,0
Tpa_2702	1,0	0,0	0,0	0,0	0,0	0,0	0,0	0,0	0,0	0,0	0,0	0,0	0,0	0,0	0,0	0,0	0,0	0,0	0,0	0,0	0,0	0,0	1,0	0,0	0,0	0,0	0,0	0,0	0,0	0,0	0,0	0,0
Tpa_2712	2,0	0,0	0,0	0,0	0,0	0,0	0,0	0,0	0,0	0,0	0,0	0,0	0,0	0,0	0,0	0,0	0,0	0,0	0,0	0,0	0,0	0,0	0,0	0,0	0,0	0,0	0,0	0,0	0,0	0,0	0,0	0,0
Tpa_2734	0,12	0,0	0,2	0,0	0,0	0,1	0,0	0,0	23,0	0,0	0,0	0,1	0,0	0,0	0,0	0,0	4,0	0,0	0,1	0,0	0,0	0,0	0,0	0,0	0,0	0,1	0,0	0,0	0,0	0,0	0,0	0,0
Tpa_2741	0,0	0,0	0,0	0,0	0,0	0,0	0,0	0,0	0,0	0,0	0,0	0,0	0,0	0,0	0,0	0,0	0,0	0,0	0,0	0,0	0,0	0,0	0,0	0,0	0,0	0,0	0,0	0,0	0,0	0,0	0,0	0,0
Tpa_2745	0,23	0,3	0,21	0,0	0,2	0,9	0,1	0,0	0,0	0,0	0,2	0,2	0,0	0,1	0,0	0,4	0,0	0,2	0,0	1,2	0,0	0,0	0,4	0,0	0,0	0,0	0,0	0,0	0,0	0,0	0,0	0,0
Tpa_2763	29,0	3,0	13,0	0,0	2,0	10,0	0,0	0,0	0,0	0,0	0,0	1,0	0,0	1,0	0,0	3,0	0,0	4,0	0,0	0,0	0,0	0,0	1,0	0,0	0,0	0,0	1,0	0,0	0,0	0,0	0,0	0,0
Tpa_2845	0,0	1,0	1,0	10,0	15,0	0,0	0,0	0,0	2,0	0,0	3,0	0,0	1,0	1,0	0,0	0,0	0,0	9,0	0,0	4,0	0,0	0,0	1,0	0,1	0,0	0,0	0,0	0,0	0,0	0,0	0,0	0,0
Tpa_2854	102,0	0,3	10,0	8,0	7,0	2,10	0,0	0,0	5,0	0,0	1,0	4,0	0,0	1,2	4,0	0,3	1,0	10,0	0,0	6,0	0,0	3,0	2,3	9,0	1,0	0,0	2,0	0,0	0,0	0,0	0,0	0,0
Tpa_2856	22,0	24,0	2,2	70,0	117,0	5,3	0,0	0,0	9,2	4,0	18,0	2,0	3,0	8,1	14,0	0,8	2,0	54,25	4,0	29,0	1,0	7,0	12,0	35,1	0,0	0,0	14,0	1,0	0,0	1,0	0,0	0,0
Tpa_2861	78,0	3,0	60,0	4,0	12,6	32,0	0,0	0,0	2,0	3,0	0,3	3,0	0,0	0,0	1,2	20,0	0,0	12,0	1,0	8,0	0,0	2,1	4,0	11,0	3,0	1,0	3,0	0,0	0,0	0,0	0,0	0,0
Tpa_2868	10,0	7,0	26,0	3,0	9,5	5,4	0,0	0,0	4,0	0,0	3,0	1,0	2,0	0,0	2,0	19,0	0,0	26,0	0,0	3,0	0,0	2,2	1,2	6,0	0,0	0,0	2,0	0,0	0,0	1,0	0,0	0,0
Tpa_2900	3,0	0,0	2,0	0,0	0,0	1,0	0,0	0,0	0,0	0,0	0,0	0,0	0,0	0,0	0,0	0,0	0,0	0,0	0,0	0,0	0,0	0,0	0,0	1,0	0,0	0,0	0,0	0,0	0,0	0,0	0,0	0,0
Tpa_2907	17,21	1,0	8,10	2,0	0,3	2,0	0,0	0,0	2,0	0,0	1,2	4,0	0,0	0,0	4,0	0,1	1,0	8,0	1,0	1,0	0,0	2,0	0,0	1,3	1,0	0,0	0,0	0,0	0,0	0,0	0,0	0,0
Tpa_2961	0,0	3,0	35,0	10,0	10,0	7,0	0,0	0,0	0,0	0,0	1,0	0,0	0,0	4,0	0,0	0,0	0,0	17,0	0,0	5,0	1,0	6,0	3,0	12,0	0,0	0,0	1,0	0,0	0,0	0,0	0,0	0,0
Tpa_2970	2,0	1,0	2,0	2,0	2,0	0,0	0,0	0,0	0,0	0,0	1,0	1,0	0,0	0,0	0,0	1,0	0,0	1,1	0,0	0,0	0,0	0,0	0,0	1,0	0,0	0,0	0,0	0,0	0,0	0,0	0,0	0,0
Tpa_3004	0,8	1,0	0,3	0,0	0,0	0,2	0,0	0,0	0,0	0,0	0,0	0,1	0,0	0,0	0,0	0,0	0,0	0,0	0,0	0,0	0,0	0,0	0,0	0,1	0,0	0,0	0,1	0,0	0,0	0,0	0,0	0,0
Tpa_3011	13,0	1,0	15,0	1,0	4,0	6,0	0,0	0,0	1,0	0,0	2,0	2,0	0,0	0,0	1,2	8,0	0,0	8,0	0,0	2,0	0,0	2,0	1,0	4,0	0,0	0,0	1,0	0,0	0,0	0,0	0,0	0,0
Tpa_3018	0,0	0,0	0,0	0,0	0,0	0,0	0,0	0,0	0,0	0,0	0,0	0,0	0,0	0,0	0,0	0,0	0,0	0,0	0,0	0,0	0,0	0,0	0,0	0,0	0,0	0,0	0,0	0,0	0,0	0,0	0,0	0,0
Tpa_3047	91,0	15,0	14,0	1,0	6,0	43,0	0,0	0,0	2,0	0,0	3,0	38,0	11,0	1,21	2,0	16,0	0,0	9,0	3,0	2,0	0,0	5,0	1,0	4,0	0,0	0,0	2,0	0,0	0,0	0,0	0,0	0,0
Tpa_3055	0,2	0,0	0,1	0,0	0,1	0,2	0,0	0,0	0,0	0,0	0,0	0,0	0,0	0,0	0,0	0,0	0,0	0,0	0,0	0,0	0,0	0,0	0,0	0,0	0,0	0,0	0,0	0,0	0,0	0,0	0,0	0,0
Tpa_3063	1,1	0,0	1,0	0,4	6,3	1,0	0,0	0,0	1,0	0,0	4,0	1,0	2,0	0,0	1,0	0,0	0,0	6,0	0,0	2,0	0,0	0,1	0,0	0,2	0,0	1,0	2,0	0,0	0,0	0,0	0,0	0,0
Tpa_3129	0,0	0,0	0,0	0,0	0,0	1,0	0,0	0,0	0,0	0,0	0,0	0,0	0,0	0,0	0,0	0,0	0,0	0,0	0,0	0,0	0,0	0,0	1,0	0,0	0,0	0,0	0,0	0,0	0,0	0,0	0,0	0,0
Tpa_3149	10,0	0,0	8,0	1,0	1,0	1,0	0,0	0,0	1,0	0,0	2,0	0,1	1,0	0,0	0,0	4,0	0,0	2,0	0,0	1,0	0,0	0,0	0,0	4,0	0,0	0,0	3,0	0,0	0,0	0,0	0,0	0,0
Tpa_3193	0,0	0,0	0,0	0,0	0,0	0,0	0,0	0,0	0,0	0,0	0,0	0,0	0,0	0,0	0,0	0,0	0,0	0,0	0,0	0,0	0,0	0,0	0,0	0,0	0,0	0,0	0,0	0,0	0,0	0,0	0,0	0,0
Tpa_3197	20,0	0,0	10,0	0,0	0,0	1,0	0,0	0,0	1,0	0,0	1,0	0,0	0,0	0,0	0,0	1,0	0,0	0,0	0,0	1,0	0,0	0,0	0,0	0,0	0,0	0,0	1,0	1,0	0,0	0,0	0,0	0,0
Tpa_3200	0,0	0,0	1,0	0,0	0,0	1,0	0,0	0,0	0,0	0,0	0,0	0,0	0,0	0,0	1,0	0,0	0,0	2,0	0,0	0,0	0,0	0,0	0,0	0,0	0,0	0,0	0,0	0,0	0,0	0,0	0,0	0,0
Tpa_3248	0,182	0,0	0,3	0,1	0,14	0,42	0,0	0,0	0,0	0,0	0,0	0,24	0,4	0,0	0,0	0,0	0,1	0,1	0,3	0,9	0,0	0,0	0,7	0,0	0,0	0,0	0,0	0,1	0,0	0,0	0,0	0,0
Tpa_3254	7,0	0,0	2,0	0,0	0,0	0,0	0,0	0,0	0,0	0,0	2,0	1,0	0,0	0,0	1,0	0,0	0,0	0,0	0,0	0,0	0,0	0,0	0,0	1,0	1,0	0,0	0,0	0,0	0,0	0,0	0,0	0,0
Tpa_3262	281,0	16,18	41,32	5,0	38,0	129,0	0,0	1,1	0,1	2,0	0,9	35,0	7,0	4,0	4,0	17,0	0,0	28,0	4,0	4,8	0,0	2,0	1,4	4,4	0,2	1,0	1,3	0,0	0,0	0,0	0,0	0,0
Tpa_3263	12,0	18,0	12,0	53,0	80,0	7,0	0,0	0,0	6,0	2,0	4,0	4,0	0,0	4,0	10,0	6,0	0,0	49,0	2,0	12,0	0,0	7,0	11,0	14,0	1,0	1,0	5,4	0,0	0,0	0,0	0,0	0,0
Tpa_3310	20,10	3,0	7,0	0,0	0,0	2,0	0,0	0,0	0,0	0,0	1,0	1,0	0,0	0,0	0,0	1,0	0,0	4,0	0,0	1,0	0,0	0,0	0,0	0,0	0,1	0,0	0,0	0,0	0,0	0,0	0,0	0,0
Tpa_3347	1,0	5,0	3,0	22,0	15,23	3,0	0,0	0,0	3,0	3,0	7,6	1,0	0,0	0,0	4,0	2,0	0,0	12,0	0,0	2,3	1,0	0,5	0,4	4,1	0,1	0,0	2,0	1,0	0,0	0,0	0,0	0,0
Tpa_3354	31,0	20,0	27,0	57,0	113,0	25,0	0,0	1,0	3,0	3,0	25,0	4,0	1,0	6,6	16,0	15,0	1,0	103,0	4,0	34,0	0,0	8,0	14,0	35,0	10,0	1,0	20,0	1,2	0,0	0,0	0,0	0,0
Tpa_3364	0,20	1,0	10,14	1,1	0,3	4,0	0,0	0,0	1,0	0,0	0,1	2,0	2,0	0,0	0,1	0,1	0,0	10,0	0,0	2,0	0,0	1,0	1,0	4,0	0,1	0,0	0,0	0,0	0,0	0,0	0,0	0,0
Tpa_3385	0,0	0,0	0,0	0,0	0,1	0,0	0,0	0,0	0,0	0,0	0,0	0,0	0,0	0,0	0,0	0,0	0,0	0,0	0,0	0,0	0,0	0,0	0,0	0,0	0,0	0,0	0,0	0,0	0,0	0,0	0,0	0,0
Tpa_3439	1,0	0,0	0,0	0,0	0,0	0,0	0,0	0,0	0,0	0,0	0,0	0,0	0,0	0,0	0,0	0,0	0,0	0,0	0,0	0,0	0,0	0,0	0,0	0,0	0,0	0,0	0,0	0,0	0,0	0,0	0,0	0,0
Tpa_3502	0,0	0,0	0,0	0,0	0,0	0,0	0,0	0,0	0,0	0,0	0,0	0,0	0,0	0,0	0,0	1,0	0,0	0,0	0,0	0,0	0,0	0,0	0,0	0,0	0,0	0,0	0,0	0,0	0,0	0,0	0,0	0,0
Tpa_3561	0,0	0,0	0,0	1,0	9,0	0,0	0,0	0,0	1,0	0,0	0,0	0,0	0,0	0,0	0,0	2,0	0,0	4,0	0,0	0,0	0,0	0,0	0,0	1,0	0,0	0,0	0,0	0,0	0,0	0,0	0,0	0,0
Tpa_3569	5,0	0,0	0,0	0,0	0,0	0,0	0,0	0,0	0,0	0,0	0,0	0,0	0,0	0,0	0,0	0,0	0,0	0,0	0,0	0,0	0,0	0,0	0,0	0,0	0,0	0,0	0,0	0,0	0,0	0,0	0,0	0,0
Tpa_3583	0,23	0,2	0,9	0,2	0,2	1,2	0,0	0,0	0,2	0,1	0,1	0,1	0,0	0,2	0,0	0,1	0,1	0,4	0,0	0,2	0,0	0,0	0,2	0,4	0,0	0,0	0,1	0,0	0,0	0,0	0,0	0,0
Tpa_3616	147,0	25,0	165,0	50,0	189,1	35,0	3,0	1,0	11,0	3,0	57,0	0,0	13,0	22,0	44,0	63,0	0,0	196,0	6,0	43,0	5,0	28,0	68,0	51,0	11,0	2,0	54,0	3,0	0,0	0,0	0,0	0,0
Tpa_3674	14,0	1,0	13,0	0,0	0,1	5,0	0,0	0,0	0,0	0,0	1,0	1,0	0,0	1,0	2,0	0,0	0,0	1,0	0,0	0,0	0,0	1,0	1,0	2,0	0,0	0,0	1,0	0,0	0,0	0,0	0,0	0,0
Tpa_3676	1,0	0,0	0,0	0,0	0,0	0,0	0,0	0,0	0,0	0,0	0,0	0,0	0,0	0,0	0,0	0,0	0,0	0,0	0,0	0,0	0,0	0,0	0,0	1,0	0,0	0,0	0,0	0,0	0,0	0,0	0,0	0,0
Tpa_3679	0,2	0,0	0,0	0,0	0,0	0,0	0,0	0,0	0,0	0,0	0,0	0,0	0,0	0,0	0,0	0,0	0,0	0,0	0,0	0,0	0,0	0,0	0,0	2,0	0,0	0,0	0,1	0,0	0,0	0,0	0,0	0,0
Tpa_3684	1,0	1,0	0,0	0,0	4,0	1,0	0,0	0,0	0,0	1,0	0,0	0,0	0,0	0,0	0,0	0,0	0,0	1,1	0,0	1,0	0,0	0,0	0,0	1,0	0,0	0,0	0,0	0,0	0,0	0,0	0,0	0,0
Tpa_3705	190,0	43,0	97,0	71,0	203,0	45,0	0,0	0,0	35,0	9,0	35,1	9,13	6,0	19,0	39,0	48,0	0,0	123,0	3,0	57,0	0,2	13,0	22,15	52,0	8,0	1,0	20,0	1,0	0,0	0,0	0,0	0,0
Tpa_3723	0,2	0,1	0,1	0,3	0,11	0,2	0,0	0,0	0,2	0,0	0,2	0,2	1,0	0,1	1,3	0,1	0,0	4,8	0,1	0,3	0,0	0,0	1,2	3,3	0,1	0,0	0,4	0,0	0,0	0,0	0,0	0,0
Tpa_3737	6,0	1,0	6,0	0,1	7,1	3,0	0,0	0,0	5,0	1,0	2,0	0,0	0,0	0,1	0,0	2,0	0,0	9,0	0,0	0,0	0,0	0,0	1,0	4,0	1,0	0,0	0,0	0,0	0,0	0,0	0,0	0,0
Tpa_3745	85,1	4,0	47,0	2,0	11,0	29,0	0,0	0,0	0,0	2,0	3,0	1,0	0,0	0,0	1,0	2,0	0,0	6,0	0,0	3,0	0,0	0,0	0,0	2,0	0,0	0,0	0,1	0,0	0,0	0,0	0,0	0,0
Tpa_3795	273,227	59,0	218,0	14,8	58,1	221,1	1,0	0,0	15,0	16,0	35,0	73,0	21,0	37,0	32,0	141,0	4,0	170,0	3,0	0,88	4,0	16,0	54,0	72,52	18,0	2,3	28,0	4,0	0,0	0,0	0,0	0,0
Tpa_3846	6,10	0,0	0,2	0,1	1,0	0,0	0,0	0,0	0,0	0,0	1,0	0,0	0,0	0,0	0,0	0,0	0,0	0,0	0,0	0,0	0,0	0,0	0,0	0,0	0,0	0,0	0,0	0,0	0,0	0,0	0,0	0,0
Tpa_3862	1,0	0,0	0,0	0,0	0,0	0,0	0,0	0,0	0,0	0,0	0,0	0,0	0,0	0,0	0,0	0,0	0,0	0,0	0,0	0,0	0,0	0,0	0,0	0,0	0,0	0,0	0,0	0,0	0,0	0,0	0,0	0,0
Tpa_3871	134,0	12,0	44,0	2,2	18,0	42,0	0,0	0,0	3,0	0,0	0,2	4,0	1,0	3,0	0,0	7,0	1,0	18,0	0,0	9,0	1,0	0,0	2,0	5,0	0,0	0,0	5,0	0,0	0,0	0,0	0,0	0,0
Tpa_3879	275,1	27,0	76,0	24,0	78,0	124,0	1,0	0,0	16,0	10,0	16,0	66,0	24,0	17,0	17,0	44,0	3,0	37,22	4,0	15,0	3,0	12,0	35,0	21,0	7,0	3,0	22,0	0,0	0,0	0,0	0,0	0,0
Tpa_3905	39,0	15,0	9,17	4,0	9,0	30,0	0,0	0,0	3,0	1,0	4,6	6,0	0,0	0,0	6,0	20,0	0,0	21,0	1,0	14,0	1,0	1,0	2,0	11,0	1,0	0,0	1,0	0,0	0,0	0,0	0,0	0,0
Tpa_3926	3,0	2,0	3,0	1,0	2,0	1,0	0,0	0,0	1,0	0,0	1,0	0,0	0,0	0,0	1,0	3,0	0,0	4,0	0,0	1,0	0,0	0,0	1,0	1,0	0,0	0,0	1,0	0,0	0,0	0,0	0,0	0,0
Tpa_3937	1,0	0,0	1,0	0,0	2,0	0,0	0,0	0,0	0,0	0,0	0,0	0,0	0,0	0,0	0,0	0,0	0,0	1,0	0,0	0,0	0,0	0,0	0,0	0,0	0,0	0,0	0,0	0,0	0,0	0,0	0,0	0,0
Tpa_3962	10,0	0,0	4,0	0,0	2,0	1,0	0,0	0,0	0,0	0,0	1,0	0,0	0,0	0,0	0,0	0,0	0,0	3,0	0,0	0,0	0,0	0,0	0,0	4,0	0,0	1,0	0,0	0,0	0,0	0,0	0,0	0,0
Tpa_3974	2,3	0,0	1,1	0,1	0,0	0,0	0,0	0,0	0,0	0,0	0,0	0,1	0,0	0,0	0,0	1,0	0,0	0,2	0,0	0,0	0,0	0,0	0,0	0,0	0,0	0,0	0,1	1,0	0,0	0,0	0,0	0,0
Tpa_4020	2,8	0,0	0,0	0,0	0,0	0,0	0,0	0,0	0,0	0,0	0,0	0,0	0,0	0,0	0,0	0,0	0,0	0,0	0,0	0,0	0,0	0,0	1,0	0,0	0,0	0,0	0,1	0,0	0,0	0,0	0,0	0,0
Tpa_4021	53,0	0,0	35,0	6,0	7,0	13,0	0,0	1,0	2,0	1,0	4,0	6,0	0,0	2,0	0,0	2,4	0,0	11,0	0,0	7,0	1,0	0,0	0,0	2,0	0,0	0,0	2,0	1,0	0,0	0,0	0,0	0,0
Tpa_4022	165,266	21,29	64,80	17,0	99,0	76,205	2,0	0,2	8,10	18,0	43,48	47,101	10,0	11,2	33,0	129,0	2,0	69,76	6,1	61,0	4,6	4,4	25,19	42,38	14,0	1,4	16,0	0,0	0,0	0,0	0,0	0,0
Tpa_4055	3,0	3,0	2,0	9,0	16,0	2,0	0,0	0,0	1,0	0,0	0,0	0,0	0,0	0,0	2,0	0,0	0,0	10,0	0,0	2,0	0,0	1,0	0,0	5,0	1,0	0,0	0,0	0,0	0,0	0,0	0,0	0,0
Tpa_4077	23,0	3,0	14,0	1,0	10,0	11,0	0,0	0,0	0,0	0,0	1,0	3,0	0,0	1,0	1,0	3,0	0,0	2,6	0,0	0,0	1,0	2,0	4,0	4,0	0,0	0,0	1,0	0,0	0,0	0,0	0,0	0,0
Tpa_4120	145,0	10,0	81,0	6,0	15,0	35,17	0,0	1,0	0,3	3,0	13,1	6,3	0,1	0,0	2,0	18,0	1,0	17,0	1,0	4,0	0,0	0,0	2,3	11,0	2,2	0,0	3,0	1,0	0,0	0,0	0,0	0,0
Tpa_4126	0,62	17,6	0,30	0,69	0,163	0,28	0,0	0,1	0,34	0,3	0,75	0,10	0,8	0,6	0,37	0,40	0,8	0,145	0,4	0,51	0,1	0,5	0,40	0,62	0,8	0,2	14,10	0,2	0,0	0,0	0,0	0,0
Tpa_4137	18,13	12,0	20,0	32,0	59,0	14,0	0,0	0,0	18,0	0,0	15,0	7,0	1,0	1,0	12,0	16,0	1,0	73,0	6,3	25,0	1,0	6,0	6,0	27,0	7,0	1,0	15,0	2,0	0,0	0,0	0,0	0,0
Tpa_4148	0,0	0,0	0,2	0,0	0,0	0,0	0,0	0,0	0,0	0,0	0,0	0,0	0,0	0,0	0,0	0,0	0,0	0,1	0,0	0,0	0,0	0,0	0,1	0,1	0,0	0,0	0,0	0,0	0,0	0,0	0,0	0,0
Tpa_4168	9,0	0,0	8,0	2,0	4,0	3,0	0,0	0,0	1,0	2,0	2,0	1,0	1,0	0,0	1,0	2,0	0,0	6,0	0,0	0,0	0,0	2,0	1,0	2,0	0,0	0,0	0,0	0,0	0,0	0,0	0,0	0,0
Tpa_4176	0,0	0,0	0,0	0,0	0,0	0,0	0,0	0,0	0,0	0,0	0,0	0,0	0,0	0,0	1,0	0,0	0,0	0,0	0,0	0,0	0,0	0,0	0,0	0,0	0,0	0,0	1,0	0,0	0,0	0,0	0,0	0,0
Tpa_4178	49,36	28,0	76,0	13,0	55,0	60,0	0,0	0,0	7,0	1,0	7,0	2,0	2,0	5,0	5,0	32,0	0,0	37,0	1,0	2,6	2,0	7,0	11,0	13,1	2,0	0,0	12,0	0,0	0,0	0,0	0,0	0,0
Tpa_4209	26,0	1,0	21,0	0,0	3,0	2,0	0,0	0,0	0,0	0,0	1,0	0,0	1,0	0,0	2,0	3,0	0,0	7,0	0,0	1,0	0,0	0,0	0,0	3,0	1,0	0,0	0,0	1,0	0,0	0,0	0,0	0,0
Tpa_4221	0,0	0,0	0,0	0,0	0,0	0,0	0,0	0,0	0,0	0,0	0,0	0,0	0,0	0,0	0,0	0,0	0,0	0,0	0,0	0,0	0,0	0,0	0,0	1,0	0,0	0,0	0,0	0,0	0,0	0,0	0,0	0,0
Tpa_4230	18,0	0,11	8,0	2,0	4,0	0,20	0,0	0,0	0,0	0,0	1,0	0,1	1,0	0,1	2,0	1,0	0,0	3,0	0,1	1,0	0,0	0,0	0,0	5,0	0,0	0,1	1,0	0,0	0,0	0,0	0,0	0,0
Tpa_4245	0,0	0,0	0,0	0,0	0,0	0,0	0,0	0,0	0,0	0,0	0,0	0,0	0,0	0,0	0,0	0,0	0,0	0,0	0,0	0,0	0,0	0,0	0,0	0,0	0,0	0,0	0,0	0,0	0,0	0,0	0,0	0,0
Tpa_4246	18,1	3,0	18,0	3,0	22,0	11,0	0,0	0,0	3,0	0,0	1,0	1,0	2,0	0,0	4,0	3,0	0,0	10,0	2,0	6,0	0,0	1,0	4,0	5,0	1,0	1,0	2,0	0,0	0,0	0,0	0,0	0,0
Tpa_4247	0,44	0,29	0,61	0,12	0,23	8,15	0,1	0,1	0,10	0,1	0,21	0,9	0,3	0,0	0,7	0,45	0,1	0,63	0,1	0,30	0,0	0,5	0,15	0,36	1,1	0,0	0,11	0,2	0,0	0,0	0,0	0,0
Tpa_4268	465,0	76,0	127,0	5,0	24,0	193,0	0,0	1,0	3,0	6,0	9,0	37,0	3,0	10,0	3,0	54,0	1,0	20,0	15,0	5,0	4,0	0,0	0,2	4,0	1,0	6,0	5,0	2,0	0,0	0,0	0,0	0,0
Tpa_4291	68,0	0,0	81,0	3,1	10,0	18,0	0,0	0,0	4,0	1,0	6,0	3,0	1,0	0,0	1,0	2,0	0,0	6,5	0,0	0,0	0,0	0,0	4,0	5,0	1,0	0,0	1,0	1,0	0,0	0,0	0,0	0,0
Tpa_4295	3,0	0,0	0,0	0,0	2,0	1,0	0,0	0,0	0,0	0,0	0,0	0,0	0,0	0,0	0,0	0,0	0,0	1,0	0,0	2,0	0,0	0,0	1,0	0,0	1,0	0,0	0,0	0,0	0,0	0,0	0,0	0,0
Tpa_4310	0,45	0,3	4,6	0,4	6,2	0,9	0,0	0,0	0,1	0,0	0,4	0,2	0,0	0,3	0,0	0,1	0,2	0,2	0,2	0,0	0,0	0,0	0,2	0,2	0,0	0,0	0,0	0,0	0,0	0,0	0,0	0,0
Tpa_4316	24,0	1,0	33,0	1,0	1,0	8,0	0,0	0,0	0,0	0,0	0,0	2,0	1,0	0,0	0,0	1,0	0,0	2,0	0,0	1,0	0,0	0,0	0,0	0,0	0,0	0,0	0,0	0,0	0,0	0,0	0,0	0,0
Tpa_4353	429,0	86,0	207,0	0,0	153,0	214,0	0,0	0,0	29,0	11,0	14,0	0,0	9,0	12,0	39,0	90,0	0,0	0,0	1,0	24,0	1,0	4,0	37,0	31,0	2,0	3,0	22,0	1,0	0,0	0,0	0,0	1,0
Tpa_4356	520,1	75,0	210,1	21,0	143,0	201,0	1,0	0,0	28,0	7,0	40,0	62,0	15,0	15,22	27,0	44,68	2,2	104,0	6,0	54,0	2,4	9,0	37,0	57,0	7,0	10,0	17,27	0,0	0,0	1,0	0,0	1,0
Tpa_4380	0,0	0,0	0,0	0,0	0,0	0,0	0,0	0,0	0,0	0,0	0,0	0,0	0,0	0,0	0,0	0,0	0,0	0,0	0,0	0,0	0,0	0,0	0,0	0,0	0,0	0,0	0,0	0,0	0,0	0,0	0,0	0,0
Tpa_4384	14,0	2,0	6,0	0,0	2,0	1,0	0,0	0,0	1,0	0,0	0,0	2,0	0,0	0,0	0,0	3,0	0,0	0,0	0,0	0,0	0,0	2,0	0,0	0,0	0,0	0,0	0,0	0,0	0,0	0,0	0,0	0,0
Tpa_4394	11,0	0,0	4,0	1,0	0,0	2,0	0,0	0,0	1,0	0,0	1,0	0,0	0,0	0,0	0,0	0,0	0,0	0,0	0,0	1,0	0,0	0,0	0,0	0,0	0,0	0,0	0,0	0,0	0,0	0,0	0,0	0,0
Tpa_4416	25,0	1,0	32,0	1,0	7,0	0,2	0,0	0,0	1,0	0,0	4,2	1,0	1,0	2,0	2,0	2,0	0,0	17,0	0,1	3,0	0,0	1,0	1,2	5,0	2,0	0,0	1,0	0,0	0,0	0,0	0,0	0,0
Tpa_4425	38,0	33,0	62,0	18,0	48,0	32,0	0,0	0,0	3,4	2,0	12,0	3,0	2,0	2,0	7,0	67,0	0,0	68,0	0,0	6,0	0,0	21,0	9,0	72,0	1,0	0,0	11,0	0,0	0,0	0,0	0,0	0,0
Tpa_4443	44,0	1,0	29,0	0,0	3,0	2,0	0,0	0,0	1,0	0,0	1,0	2,0	0,0	3,0	0,0	5,0	0,0	10,0	0,0	3,0	0,0	1,0	2,0	2,0	0,0	1,0	1,0	0,0	0,0	0,0	0,0	0,0
Tpa_4454	15,0	0,0	2,0	6,0	7,0	4,0	0,0	0,0	0,0	0,0	2,0	1,0	1,0	1,0	2,0	1,0	2,0	8,0	0,0	0,0	0,0	0,0	2,0	3,0	2,0	0,0	3,0	0,0	0,0	0,0	0,0	0,0
Tpa_4467	0,0	0,0	0,0	0,0	1,0	0,0	0,0	0,0	0,0	0,0	0,0	0,0	0,0	0,0	0,0	0,0	0,0	0,0	0,0	0,0	0,0	0,0	0,0	0,0	0,0	0,0	0,0	0,0	0,0	0,0	0,0	0,0
Tpa_4495	1,0	0,0	0,0	1,0	0,1	0,0	0,0	0,0	0,0	0,0	0,0	0,0	1,0	0,0	0,0	0,0	0,0	0,0	0,0	0,0	0,0	0,0	0,0	2,0	0,0	0,0	0,0	0,0	0,0	0,0	0,0	0,0
Tpa_4506	0,0	0,0	1,0	0,0	0,0	0,0	0,0	0,0	0,0	0,0	0,0	0,0	0,0	0,0	0,0	0,0	0,0	0,0	0,0	0,0	0,0	0,0	0,0	0,0	0,0	0,0	0,0	0,0	0,0	0,0	0,0	0,0
Tpa_4511	0,0	0,0	0,0	0,0	0,0	0,0	0,0	0,0	0,0	0,0	0,0	0,0	0,0	0,0	0,0	0,0	0,0	0,0	0,0	0,0	0,0	0,0	0,0	0,0	0,0	0,0	0,0	0,0	0,0	0,0	0,0	0,0
Tpa_4549	2,0	0,0	1,0	0,0	1,0	0,0	0,0	0,0	0,0	0,0	2,0	1,0	0,0	0,0	0,0	0,0	0,0	1,0	0,0	0,0	0,0	0,0	0,0	0,0	0,0	0,0	0,0	0,0	0,0	0,0	0,0	0,0
Tpa_4556	10,0	2,0	6,0	1,0	4,0	0,0	0,0	0,0	1,0	0,0	0,0	1,0	0,0	0,0	1,0	2,0	0,0	7,0	0,0	0,0	1,0	0,0	1,0	3,0	0,0	0,0	1,0	0,0	0,0	0,0	0,0	0,0
Tpa_4569	99,0	10,0	49,0	7,8	26,20	27,0	0,0	0,0	3,3	1,0	21,0	7,14	2,0	3,4	0,8	9,11	0,0	41,0	1,1	21,0	0,0	4,0	8,5	12,14	0,0	0,0	7,0	0,0	0,0	0,0	0,0	0,0
Tpa_4582	1,0	0,0	0,0	0,0	1,0	0,0	0,0	0,0	0,0	0,0	0,0	0,0	0,0	0,0	0,0	0,0	0,0	0,0	0,0	0,0	0,0	0,0	0,0	1,0	0,0	0,0	0,0	0,0	0,0	0,0	0,0	0,0
Tpa_4590	55,0	6,0	21,0	0,0	1,1	4,0	0,0	0,0	0,0	0,0	0,0	1,0	0,0	0,0	1,0	6,0	0,0	2,0	1,0	0,0	0,0	0,0	3,0	0,0	1,0	0,0	0,0	0,0	0,0	0,0	0,0	0,0
Tpa_4591	0,0	0,0	0,0	0,0	0,0	0,0	0,0	0,0	0,0	0,0	0,0	0,0	0,0	0,0	0,0	0,0	0,0	0,0	0,0	0,0	0,0	0,0	0,0	0,0	0,0	0,0	0,0	0,0	0,0	0,0	0,0	0,0
Tpa_4592	10,0	2,0	13,0	2,0	6,0	4,0	0,0	0,0	0,0	0,0	3,0	0,0	0,0	0,0	1,0	1,0	0,0	2,0	0,0	0,0	0,0	0,0	1,1	1,0	0,0	0,0	0,1	0,0	0,0	0,0	0,0	0,0
Tpa_4593	7,0	0,0	6,0	1,0	4,0	5,0	0,0	0,0	1,0	0,0	3,0	1,0	1,0	0,0	0,0	0,0	0,0	7,0	0,0	4,0	0,0	0,0	0,0	2,0	1,0	0,0	3,0	0,0	0,0	0,0	0,0	0,0
Tpa_4595	0,0	0,0	0,0	0,0	0,0	0,0	0,0	0,0	0,0	0,0	0,0	0,0	0,0	0,0	0,0	0,0	0,0	0,0	0,0	0,0	0,0	0,0	0,0	0,0	0,0	0,0	0,0	0,0	0,0	0,0	0,0	0,0
Tpa_4599	249,1	9,29	44,125	1,0	12,1	66,0	0,0	0,0	2,4	1,0	5,0	13,0	7,0	3,0	4,0	32,0	1,1	14,0	3,0	4,19	2,0	1,0	9,0	7,0	9,0	2,0	5,0	0,0	0,0	0,0	0,0	0,0
Tpa_4633	0,0	0,0	0,0	0,0	0,0	0,0	0,0	0,0	0,0	0,0	0,0	0,0	0,0	0,0	0,0	0,0	0,0	0,0	0,0	0,0	0,0	0,0	0,0	0,0	0,0	0,0	0,0	0,0	0,0	0,0	0,0	0,0
Tpa_4637	4,0	2,0	1,0	11,0	1,9	0,0	0,0	0,0	1,0	0,0	1,0	1,0	0,0	2,0	2,0	2,0	0,0	12,0	4,0	4,0	2,0	3,0	0,1	6,0	0,0	0,0	1,0	0,0	0,0	0,0	0,0	0,0
Tpa_4668	0,58	0,20	0,25	0,54	0,130	0,7	0,0	1,0	0,14	0,4	0,14	4,4	0,5	0,7	0,13	6,5	0,2	0,87	0,3	0,12	0,4	0,12	10,8	0,49	0,5	0,2	0,23	0,2	0,0	0,0	0,0	0,0
Tpa_4678	420,0	50,0	193,0	5,9	95,0	141,0	0,0	0,0	18,0	1,0	38,0	55,0	9,0	14,0	43,0	84,0	8,0	131,0	12,0	62,0	4,0	13,0	26,0	82,0	11,0	5,0	41,0	1,0	0,0	0,0	0,0	0,0
Tpa_4697	3,0	0,0	0,0	0,0	0,0	0,0	0,0	0,0	0,0	0,0	0,0	2,0	0,0	0,0	1,0	0,0	0,0	0,0	1,0	0,0	0,0	0,0	0,0	0,0	0,0	0,0	0,0	0,0	0,0	0,0	0,0	0,0
Tpa_4713	2,0	0,0	2,0	1,0	2,0	1,0	0,0	0,0	0,0	0,0	0,0	0,0	0,0	1,0	0,0	0,0	0,0	1,0	0,0	0,0	0,0	0,0	1,0	0,0	0,0	0,0	0,0	0,0	0,0	0,0	0,0	0,0
Tpa_4731	1,0	0,0	0,0	1,0	1,0	0,0	0,0	0,0	0,0	0,0	0,0	0,0	0,0	0,0	0,0	0,0	0,0	0,0	0,0	0,0	0,0	0,0	0,0	0,0	0,0	0,0	0,0	0,0	0,0	0,0	0,0	0,0
Tpa_4747	226,0	8,0	71,0	20,0	117,0	145,1	0,0	0,0	5,4	10,0	4,0	20,0	16,0	18,0	3,0	20,0	1,0	136,0	1,0	6,0	0,0	20,0	46,0	27,0	5,0	1,2	5,0	2,0	0,0	0,0	0,0	0,0
Tpa_4749	16,0	5,0	0,3	2,0	0,3	0,0	0,0	0,0	0,0	0,0	1,0	1,0	0,0	0,0	1,0	0,0	1,0	5,0	0,0	1,0	0,0	0,0	0,0	1,0	0,0	0,0	1,1	0,0	0,0	0,0	0,0	0,0
Tpa_4804	11,14	3,0	9,12	2,7	0,23	4,0	0,0	0,0	2,0	0,0	4,0	2,0	0,0	0,0	1,0	0,6	0,0	10,6	0,0	1,0	0,0	1,0	2,0	4,0	1,0	0,0	3,0	0,0	0,0	0,0	0,0	0,0
Tpa_4849	7,0	0,0	7,3	1,0	3,0	1,0	0,0	0,0	0,0	0,0	1,0	0,0	0,0	0,0	0,0	0,1	0,0	0,0	0,0	0,0	0,0	0,0	0,0	1,0	0,0	0,0	0,0	1,0	0,0	0,0	0,0	0,0
Tpa_4885	2,2	1,1	2,1	0,0	0,1	0,1	0,0	0,0	0,0	0,0	0,0	0,0	0,0	0,0	0,2	0,1	0,0	1,0	0,0	0,0	0,0	0,0	0,0	0,1	0,1	0,0	0,0	0,0	0,0	0,0	0,0	0,0
Tpa_4886	2,0	0,0	0,0	1,0	1,0	2,0	0,0	0,0	0,0	0,0	3,0	2,0	0,0	0,0	0,0	1,0	0,0	2,0	0,0	2,0	0,0	0,0	0,0	2,0	2,0	0,0	0,0	0,0	0,0	0,0	0,0	0,0
Tpa_4900	2,0	0,0	0,0	0,0	0,0	0,0	0,0	0,0	0,0	0,0	0,0	0,0	0,0	0,0	0,0	0,0	0,0	0,0	0,0	0,0	0,0	0,0	0,0	0,0	0,0	0,0	0,0	0,0	0,0	0,0	0,0	0,0
Tpa_4920	0,0	0,0	0,0	0,0	0,0	0,0	0,0	0,0	0,0	0,0	0,0	0,0	0,0	0,0	0,0	0,0	0,0	0,0	0,0	0,0	0,0	0,0	0,0	0,0	0,0	0,0	1,0	0,0	0,0	0,0	0,0	0,0
Tpa_4928	2,7	0,0	0,1	0,0	1,0	0,1	0,0	0,0	0,0	0,0	1,0	0,0	0,0	0,0	0,0	1,0	0,0	0,0	0,0	0,0	0,0	0,0	0,0	1,1	0,0	1,0	1,1	0,0	0,0	0,0	0,0	0,0
Tpa_4936	3,0	0,0	1,0	0,0	0,0	0,0	0,0	0,0	0,0	0,0	0,0	0,0	0,0	0,0	0,0	0,0	0,0	0,0	0,0	0,0	0,0	0,0	0,0	0,0	0,0	0,0	0,0	0,0	0,0	0,0	0,0	0,0
Tpa_4985	0,102	0,5	0,47	0,20	0,106	0,59	0,0	0,1	0,10	0,1	21,19	0,11	0,4	0,6	0,10	0,35	0,0	1,107	1,0	0,10	0,0	0,10	0,13	0,33	0,6	0,1	0,11	0,0	0,0	0,0	0,0	0,0
Tpa_5002	2,0	0,2	0,0	0,0	2,0	0,0	0,0	0,0	0,0	0,0	0,0	0,0	0,0	1,0	0,0	0,0	0,0	1,0	1,0	0,0	0,0	0,0	0,0	0,0	0,0	0,0	0,0	0,0	0,0	0,0	0,0	0,0
Tpa_5015	0,0	0,0	0,0	0,0	0,0	0,0	0,0	0,0	0,0	0,0	0,0	0,0	0,0	0,0	0,0	0,0	0,0	0,0	0,0	0,0	0,0	0,0	0,0	0,0	0,0	0,0	0,0	0,0	0,0	0,0	0,0	0,0
Tpa_5022	390,0	127,0	68,0	414,1	698,2	105,0	7,0	3,0	122,0	21,0	181,0	78,0	58,0	27,26	95,0	35,45	37,0	509,0	55,0	313,0	29,0	65,0	145,0	315,0	110,0	21,0	145,0	25,0	1,0	5,0	0,0	2,0
Tpa_5057	0,14	0,1	0,23	0,4	0,0	0,15	0,0	0,0	0,0	2,0	0,3	0,1	0,0	0,0	0,0	0,0	0,0	0,1	0,0	0,0	1,0	0,0	0,0	0,0	0,0	0,0	0,0	0,0	0,0	0,0	0,0	0,0
Tpa_5075	6,4	1,0	5,0	0,0	2,0	0,1	0,0	0,0	1,0	0,0	0,0	0,0	0,0	0,0	1,0	0,0	0,0	1,2	0,0	0,1	0,0	0,0	1,0	0,2	0,0	0,0	0,1	0,0	0,0	0,0	0,0	0,0
Tpa_5104	423,0	187,0	515,1	154,0	319,1	255,1	0,0	12,0	79,0	36,0	129,0	109,0	98,0	67,0	94,0	241,1	18,0	350,0	65,0	260,0	14,0	54,0	175,0	389,0	63,0	14,0	126,0	19,0	0,0	10,0	1,0	91,0
Tpa_5106	0,0	0,0	2,0	1,0	1,0	0,0	0,0	0,0	0,0	0,0	0,0	0,0	0,0	0,0	0,0	0,0	0,0	0,0	0,0	0,0	0,0	0,0	0,0	0,0	1,0	0,0	1,0	0,0	0,0	0,0	0,0	0,0
Tpa_5118	3,0	3,0	0,0	3,0	9,0	0,0	0,0	0,0	0,0	1,0	3,0	2,0	0,0	1,0	1,0	0,0	0,0	6,0	0,0	1,0	0,0	2,0	0,0	3,0	0,0	0,0	0,0	0,0	0,0	0,0	0,0	0,0
Tpa_5138	11,0	0,0	4,0	1,0	1,0	1,0	0,0	0,0	0,0	0,0	0,0	0,0	0,0	0,0	0,0	0,0	0,0	0,0	0,0	0,0	0,0	0,0	1,0	2,0	0,0	0,0	0,0	0,0	0,0	0,0	0,0	0,0
Tpa_5144	4,0	0,0	7,0	2,0	0,0	3,0	0,0	0,0	1,0	0,0	1,1	2,0	0,0	1,0	0,0	2,0	0,0	2,0	0,0	0,0	0,0	2,0	0,0	2,0	0,0	0,0	0,0	0,0	0,0	0,0	0,0	0,0
Tpa_5167	0,0	0,0	0,0	0,0	0,0	0,0	0,0	0,0	0,0	0,0	0,0	0,0	0,0	0,0	0,0	0,0	0,0	0,0	0,0	0,0	0,0	0,0	0,0	0,0	0,0	0,0	0,0	0,0	0,0	0,0	0,0	0,0
Tpa_5196	1,0	1,0	1,0	0,0	1,0	0,0	0,0	0,0	0,0	0,0	0,0	0,0	0,0	0,0	0,0	1,0	0,0	4,0	0,0	0,0	0,0	0,0	1,0	1,0	0,0	0,0	1,0	0,0	0,0	0,0	0,0	0,0
Tpa_5205	1,0	0,0	0,0	0,0	0,0	1,0	0,0	0,0	0,0	0,0	0,0	0,0	0,0	0,0	0,0	0,0	0,0	0,0	0,0	0,0	0,0	0,0	0,0	0,0	0,0	0,0	0,0	0,0	0,0	0,0	0,0	0,0
Tpa_5206	2,0	0,0	1,0	1,0	0,1	0,0	0,0	0,0	0,0	0,0	0,0	0,0	0,0	0,0	2,0	0,0	0,0	1,0	0,0	1,1	0,0	0,0	0,0	0,0	0,0	0,0	0,0	0,0	0,0	0,0	0,0	0,0
Tpa_5218	0,1	0,0	0,0	0,0	0,0	0,0	0,0	0,0	0,0	0,0	0,0	0,0	0,0	0,0	0,0	0,0	0,0	0,1	0,0	0,0	0,0	0,0	0,0	0,0	0,0	0,0	0,0	0,0	0,0	0,0	0,0	0,0
Tpa_5222	1,0	0,0	0,1	0,0	0,0	0,0	0,0	0,0	0,0	0,0	0,0	0,0	0,0	0,0	0,0	0,0	0,0	0,0	0,0	0,0	0,0	0,0	0,0	0,0	0,0	0,0	0,0	0,0	0,0	0,0	0,0	0,0
Tpa_5228	20,9	7,0	12,0	12,0	22,0	20,0	0,0	1,0	4,3	1,0	19,0	7,0	1,0	0,0	2,0	25,0	0,0	25,0	0,0	15,0	0,0	1,0	1,0	19,0	0,0	0,0	8,0	0,0	0,0	0,0	0,0	0,0
Tpa_5241	12,0	0,0	4,0	0,0	1,0	1,0	0,0	0,0	0,0	0,0	2,0	0,0	0,0	0,0	0,0	1,0	0,0	0,6	1,0	0,0	0,0	0,0	1,0	2,0	0,0	0,0	3,0	0,0	0,0	0,0	0,0	0,0
Tpa_5242	44,0	1,3	9,13	1,1	3,0	6,0	0,0	1,0	1,0	0,0	3,0	1,0	2,0	1,0	0,1	5,0	0,0	6,7	0,1	5,0	0,0	1,0	0,0	5,1	1,0	0,0	3,0	1,0	0,0	0,0	0,0	0,0
Tpa_5244	366,0	52,0	135,0	8,6	42,37	164,0	0,0	1,0	8,7	0,0	47,0	9,0	7,0	18,0	40,0	56,24	4,0	161,0	6,0	64,0	7,0	17,0	46,0	95,0	3,6	2,0	24,0	2,0	1,0	1,0	0,0	0,0
Tpa_5249	0,1	0,0	0,1	0,0	0,0	0,0	0,0	0,0	1,0	0,0	0,0	0,0	0,0	0,0	0,0	0,0	0,0	0,0	0,0	0,0	0,0	0,0	0,0	0,1	0,0	0,0	0,0	0,0	0,0	0,0	0,0	0,0
Tpa_5270	2,0	0,0	0,0	3,0	2,0	0,0	0,0	0,0	0,0	0,0	0,0	0,0	0,0	0,0	0,0	0,0	0,0	1,0	0,0	0,0	0,0	0,0	0,0	0,0	0,0	0,0	1,0	0,0	0,0	0,0	0,0	0,0
Tpa_5278	0,24	0,0	32,0	3,0	6,0	0,0	0,0	0,0	2,0	0,0	2,0	1,0	0,0	0,0	0,0	4,0	0,0	8,0	0,0	0,0	0,0	0,0	0,0	3,0	0,0	0,0	3,0	0,0	0,0	0,0	0,0	0,0
Tpa_5279	8,0	0,0	11,0	0,0	3,0	0,0	0,0	0,0	0,0	0,0	2,0	2,0	0,0	0,0	0,0	1,0	0,0	2,0	0,0	0,0	0,0	0,0	0,0	0,0	0,0	0,0	1,0	0,0	0,0	0,0	0,0	0,0
Tpa_5292	0,346	0,63	62,59	18,44	74,75	21,102	0,0	1,2	0,21	0,11	0,51	0,78	0,16	0,15	23,15	0,77	1,5	0,99	0,11	0,59	0,6	0,0	0,16	0,111	10,1	6,6	0,41	0,1	0,0	0,0	0,0	0,0
Tpa_5298	51,0	2,0	32,0	2,0	3,0	26,23	0,0	0,0	0,0	1,0	1,0	8,0	0,0	0,0	1,0	2,2	0,0	1,0	1,0	1,0	1,0	2,0	1,0	2,0	0,0	0,0	0,0	0,0	0,0	0,0	0,0	0,0
Tpa_5327	171,0	20,0	51,9	10,0	42,0	95,0	0,0	1,0	4,0	2,0	19,0	7,0	4,0	3,0	14,0	45,0	1,0	30,0	2,0	1,2	1,0	0,2	20,0	32,0	2,0	1,0	22,0	0,0	0,0	1,0	0,0	0,0
Tpa_5360	9,0	0,0	4,0	2,0	0,0	2,0	0,0	0,0	0,0	0,0	1,0	1,1	0,0	0,0	0,0	1,0	0,0	1,0	0,0	2,0	0,0	0,0	0,0	1,0	0,0	0,0	0,0	0,0	0,0	0,0	0,0	0,0
Tpa_5361	6,21	0,1	16,0	1,0	6,0	6,0	0,0	0,0	0,0	2,0	1,0	2,2	0,0	0,0	0,0	1,1	0,0	8,0	1,0	3,0	0,0	0,0	0,0	1,0	0,1	0,0	0,0	0,0	0,0	0,0	0,0	0,0
Tpa_5373	1,1	0,0	3,0	1,0	1,0	2,0	0,0	0,0	0,0	0,0	1,0	0,0	0,0	0,0	0,0	0,0	0,0	0,0	0,0	0,0	0,0	0,0	0,0	1,0	0,0	0,0	0,0	0,0	0,0	0,0	0,0	0,0
Tpa_5379	497,0	45,0	124,0	0,0	11,0	124,0	1,0	0,0	2,0	4,0	6,0	31,0	1,0	5,0	4,0	28,0	1,0	21,0	9,0	8,14	2,0	1,0	6,0	12,0	1,6	3,0	6,0	1,0	0,0	0,0	0,0	1,0
Tpa_5382	205,0	25,0	42,0	8,0	62,0	95,0	0,0	0,0	6,0	3,0	12,0	35,0	6,0	7,0	19,0	55,0	1,0	42,0	7,0	25,0	4,0	4,0	10,0	23,0	6,0	3,0	10,0	0,0	0,0	0,0	0,0	0,0
Tpa_5418	128,109	61,0	94,0	54,0	84,65	101,0	0,0	1,0	16,16	6,0	56,0	19,0	5,0	21,0	10,12	38,19	0,3	145,0	7,0	70,0	1,0	19,0	44,0	87,0	8,0	5,0	37,0	2,1	0,0	0,0	0,0	0,0
Tpa_5441	447,2	9,0	130,0	28,0	38,0	102,0	0,0	2,0	3,0	0,0	12,0	24,0	2,0	5,0	6,0	11,0	0,0	97,0	2,0	18,0	0,0	5,0	6,0	17,0	8,0	1,0	7,0	4,0	0,0	1,0	0,0	0,0
Tpa_5445	90,92	18,0	102,0	12,0	13,19	23,26	1,0	1,0	2,4	1,0	10,11	8,9	0,2	3,0	9,0	15,17	0,0	0,67	4,0	8,0	2,0	5,0	27,0	0,48	3,4	0,0	14,14	0,0	0,0	0,0	0,0	0,0
Tpa_5446	81,0	4,0	34,0	3,0	3,0	6,0	0,0	0,0	0,1	0,0	2,0	3,0	0,0	0,0	0,0	5,0	0,0	7,0	0,0	2,0	1,0	1,0	0,0	4,0	1,0	0,0	0,0	0,0	0,0	0,0	0,0	0,0
Tpa_5454	7,12	1,0	4,6	0,0	0,1	0,3	0,0	0,0	0,2	0,0	0,0	0,2	0,0	0,0	0,0	0,1	0,0	1,0	0,0	0,2	0,0	0,0	0,0	0,0	0,0	1,0	0,0	1,0	0,0	0,0	0,0	0,0
Tpa_5471	764,0	140,0	192,0	388,0	1,0	1,0	13,0	0,0	282,0	341,175	474,0	3,0	699,0	173,1	416,0	638,0	411,0	442,0	233,0	1,0	3,0	265,0	861,1	911,0	238,0	167,0	122,0	0,0	1,0	14,23	0,0	35,0
Tpa_5485	11,0	31,0	2,0	44,48	118,0	1,0	0,0	0,0	19,0	3,0	38,0	4,0	6,0	1,0	13,0	5,0	1,0	88,0	4,0	33,0	0,0	16,0	14,0	37,0	8,0	0,0	6,0	0,0	0,0	0,0	0,0	0,0
Tpa_5501	21,0	0,2	9,0	0,0	0,3	3,0	0,0	0,0	0,1	0,0	0,0	1,0	1,0	0,0	0,0	1,0	0,0	5,0	0,0	0,0	0,0	0,0	0,0	2,0	0,0	0,0	3,0	0,0	0,0	0,0	0,0	0,0
Tpa_5525	228,0	17,0	70,60	8,0	57,0	39,24	0,0	1,0	10,0	2,0	10,11	7,0	2,0	5,0	14,0	46,0	0,0	72,0	2,0	12,0	1,0	0,4	13,0	10,5	2,0	0,0	6,4	1,0	0,0	0,0	0,0	0,0
Tpa_5538	0,2	0,0	0,0	0,3	0,3	0,0	0,0	0,0	0,4	0,0	1,0	0,0	0,0	0,0	0,0	0,1	0,0	0,8	0,0	0,1	0,0	0,0	0,1	0,1	0,0	0,0	0,1	0,0	0,0	0,0	0,0	0,0
Tpa_5540	5,2	0,0	1,0	0,0	2,0	0,0	0,0	0,0	0,0	0,0	0,0	0,0	0,0	0,0	0,0	0,0	0,0	0,0	0,0	0,0	0,0	0,0	0,0	0,0	0,0	0,0	0,0	0,0	0,0	0,0	0,0	0,0
Tpa_5542	0,0	0,0	0,0	0,0	0,0	1,0	0,0	0,0	0,0	0,0	0,0	0,0	0,0	0,0	0,0	0,0	0,0	0,0	0,0	0,0	0,0	0,0	0,0	0,0	0,0	0,0	0,0	0,0	0,0	0,0	0,0	0,0
Tpa_5563	2,0	1,0	3,0	0,0	1,0	2,0	0,0	0,0	0,0	0,0	0,0	0,0	0,0	0,0	0,0	1,0	0,0	2,0	0,0	1,0	0,0	0,0	0,0	1,0	0,0	0,0	1,0	0,0	0,0	0,0	0,0	0,0
Tpa_5565	380,0	59,81	0,219	9,13	153,0	516,0	1,0	1,0	32,0	39,0	72,84	142,0	12,20	12,20	37,0	157,173	3,4	162,0	15,0	47,48	2,0	22,0	99,0	135,0	31,0	7,9	50,0	1,1	0,0	1,0	0,0	0,0
Tpa_5570	7,0	2,0	12,0	4,0	0,11	1,0	0,0	0,0	1,0	0,0	2,0	0,0	0,0	0,0	0,3	3,0	0,0	10,0	0,0	0,0	0,0	0,0	1,0	2,0	0,0	0,0	1,0	0,0	0,0	0,0	0,0	0,0
Tpa_5574	10,4	2,2	2,0	7,0	6,0	1,0	0,0	0,0	2,0	0,0	1,3	0,0	2,0	1,0	1,3	4,3	0,0	8,0	0,0	3,0	0,0	1,0	2,0	0,5	0,0	0,0	0,1	1,0	0,0	0,0	0,0	0,0
Tpa_5588	693,0	161,0	258,0	582,0	852,0	320,0	5,0	4,0	257,0	56,1	380,0	160,1	32,30	126,0	113,87	255,0	26,0	681,1	74,0	461,0	19,12	160,0	297,0	386,0	70,0	24,0	193,0	18,0	0,0	3,0	0,0	0,0
Tpa_5594	0,9	0,1	0,12	0,4	0,5	0,2	0,0	0,0	0,1	0,0	0,1	0,2	0,1	0,0	0,2	0,0	0,0	0,3	0,0	0,0	0,0	0,0	0,2	0,2	0,0	0,0	0,1	0,0	0,0	0,0	0,0	0,0
Tpa_5601	105,0	2,0	56,0	2,0	8,0	16,14	1,0	0,0	0,0	0,0	5,0	0,3	1,0	2,3	0,0	2,6	1,0	11,0	0,0	3,0	0,0	0,0	1,0	1,2	2,0	0,0	4,0	0,0	0,0	0,0	0,0	0,0
Tpa_5609	1,0	2,0	0,0	13,0	12,0	0,0	0,0	0,0	2,0	1,0	6,0	0,0	1,0	0,0	3,0	0,0	0,0	4,0	0,1	1,0	0,0	0,0	1,0	1,0	0,0	0,0	2,0	0,0	0,0	0,0	0,0	0,0
Tpa_5623	306,0	36,0	197,0	15,0	44,0	87,0	0,0	0,0	5,0	3,0	21,0	7,0	12,0	7,0	8,0	36,0	4,0	72,0	1,0	27,0	4,0	2,0	17,0	48,0	4,0	0,0	19,0	2,0	0,0	0,0	0,0	0,0
Tpa_5636	0,5	0,0	0,1	0,0	0,1	2,0	0,0	0,0	0,1	0,0	0,0	0,0	0,0	0,0	0,1	0,1	0,0	0,0	0,0	0,0	0,0	0,0	0,0	0,0	0,0	0,0	0,0	0,0	0,0	0,0	0,0	0,0
Tpa_5651	5,0	1,0	5,0	1,0	5,0	0,0	0,0	0,0	0,0	0,0	0,0	1,0	1,0	0,0	0,0	1,0	0,0	0,2	0,0	1,0	0,0	0,0	3,0	0,0	0,0	0,0	0,0	0,0	0,0	0,0	0,0	0,0
Tpa_5679	35,0	2,0	3,0	1,0	7,0	2,0	0,0	0,0	0,0	0,0	3,0	1,0	0,0	0,1	2,0	3,0	0,0	4,0	1,0	2,0	0,0	1,0	4,0	3,0	1,0	1,0	1,0	0,0	0,0	1,0	0,0	0,0
Tpa_5741	17,0	2,2	6,0	5,0	23,0	3,0	0,0	0,0	2,0	1,0	6,0	2,0	1,0	0,0	4,0	7,0	0,0	21,0	0,0	2,0	0,0	2,0	0,2	7,0	1,0	0,0	5,0	0,0	0,0	0,0	0,0	0,0
Tpa_5761	9,0	0,0	8,0	0,0	1,0	4,0	0,0	0,0	0,0	0,0	1,0	0,0	0,0	0,0	0,0	2,0	0,0	0,0	0,0	2,0	0,0	0,0	1,0	0,0	1,0	1,0	0,0	1,0	0,0	0,0	0,0	0,0
Tpa_5774	23,0	1,0	20,0	1,0	14,0	3,0	0,0	0,0	0,0	0,0	0,0	1,0	1,0	2,0	2,0	4,0	0,0	2,0	2,0	6,0	0,0	1,0	3,0	4,0	1,0	0,0	1,0	0,0	0,0	0,0	0,0	0,0
Tpa_5795	0,0	0,0	0,0	0,0	1,0	0,0	0,0	0,0	0,0	0,0	0,0	0,0	0,0	0,0	0,0	0,0	0,0	0,0	0,0	1,0	0,0	0,0	0,0	0,0	0,0	0,0	0,0	0,0	0,0	0,0	0,0	0,0
Tpa_5796	37,0	3,0	47,0	1,0	0,6	6,6	0,0	0,0	1,1	0,0	7,0	1,2	2,0	0,0	0,2	4,0	0,0	9,0	0,0	3,0	0,0	0,0	2,0	5,0	2,1	0,0	2,1	0,0	0,0	0,0	0,0	0,0
Tpa_5823	0,87	0,2	0,20	0,1	0,3	0,12	0,0	0,0	0,0	0,0	0,0	0,4	0,0	0,1	0,1	0,6	0,0	0,1	0,2	0,3	0,0	0,0	0,0	0,1	0,1	0,0	0,0	0,0	0,0	0,0	0,0	0,0
Tpa_5827	34,0	0,0	6,0	0,1	5,0	0,7	0,0	0,0	0,0	0,0	2,0	1,0	1,0	0,0	0,1	3,0	0,0	0,0	0,0	1,1	0,0	0,0	2,0	6,0	0,0	0,0	2,0	2,0	0,0	0,0	0,0	0,0
Tpa_5829	3,0	0,1	0,0	0,0	0,0	0,0	0,0	0,0	0,0	0,0	0,0	0,0	0,0	0,0	0,0	0,0	0,0	0,0	0,0	0,0	0,0	0,0	0,0	0,0	0,0	0,0	0,0	0,0	0,0	0,0	0,0	0,0
Tpa_5838	1,309	0,3	51,32	0,4	0,14	0,132	0,0	0,0	0,1	0,1	0,6	0,16	0,1	0,2	0,11	0,6	0,0	0,12	0,4	0,7	0,1	0,0	0,8	0,7	0,0	0,2	0,7	0,0	0,0	0,0	0,0	0,0
Tpa_5854	0,0	0,0	0,0	0,0	0,0	0,0	0,0	0,0	0,0	0,0	0,0	0,0	0,0	0,0	0,0	0,0	0,0	0,0	0,0	0,0	0,0	0,0	0,0	0,0	0,0	0,0	0,0	0,0	0,0	0,0	0,0	0,0
Tpa_5856	0,29	0,0	8,0	0,0	0,3	0,2	0,0	0,0	0,0	0,0	0,0	0,2	0,1	0,0	0,1	0,2	0,0	0,0	0,0	0,0	0,0	0,1	0,0	0,0	0,0	0,0	1,0	0,0	0,0	0,0	0,0	0,0
Tpa_5863	31,0	0,1	17,0	1,4	6,0	1,2	0,0	0,0	1,0	0,0	0,1	2,0	3,0	1,0	1,0	7,0	2,0	1,5	0,0	2,2	1,0	0,0	2,0	7,0	0,0	0,0	0,0	0,0	0,0	0,0	0,0	0,0
Tpa_5868	1,0	0,0	0,0	0,0	0,0	0,0	0,0	0,0	0,0	0,0	0,0	0,0	0,0	0,0	0,0	0,0	0,0	0,0	0,1	0,0	0,0	0,0	0,0	1,0	0,0	0,0	0,0	0,0	0,0	0,0	0,0	0,0
Tpa_5878	19,31	0,3	0,43	3,2	0,16	4,12	0,0	0,0	0,0	0,0	0,7	0,2	0,0	0,1	0,4	0,13	0,0	0,23	0,1	0,1	0,0	0,1	2,1	0,2	0,0	0,0	0,6	0,0	0,0	0,1	0,0	0,0
Tpa_5913	80,41	3,1	0,48	0,2	9,0	33,23	0,0	0,0	0,2	0,0	3,1	5,5	0,4	1,0	0,2	12,3	0,0	8,6	1,1	3,0	0,0	0,0	7,0	0,3	0,0	1,0	0,5	0,0	0,0	0,0	0,0	0,0
Tpa_5917	36,26	5,0	29,22	0,0	3,4	32,0	0,0	0,0	2,0	0,0	4,0	8,0	3,0	4,0	0,1	8,0	0,0	10,0	1,0	2,0	0,0	1,0	3,0	1,2	0,0	3,1	4,0	0,0	0,0	0,0	0,0	0,0
Tpa_5942	1,0	0,0	0,0	0,0	0,0	0,0	0,0	0,0	0,0	0,0	0,1	0,0	0,0	0,0	0,0	0,0	0,0	0,0	0,0	0,0	0,0	0,0	0,0	0,0	0,0	0,0	0,0	0,0	0,0	0,0	0,0	0,0
Tpa_5951	21,0	0,0	4,0	0,0	5,0	4,0	0,0	0,0	1,0	1,0	1,0	2,0	1,0	0,0	1,0	1,0	0,0	6,0	1,0	2,0	0,0	1,0	1,0	3,0	0,0	0,0	1,0	0,0	0,0	0,0	0,0	0,0
Tpa_5961	0,0	0,1	0,0	0,0	0,0	0,0	0,0	0,0	0,0	0,0	0,0	0,0	0,0	0,0	0,0	0,0	0,0	0,0	0,0	0,0	0,0	0,0	0,0	0,0	0,0	0,0	0,0	0,0	0,0	0,0	0,0	0,0
Tpa_5978	112,1	24,0	50,1	24,0	97,0	33,0	0,0	0,0	18,0	2,0	23,0	14,0	3,0	13,0	15,0	19,0	0,0	77,1	5,0	33,0	2,0	7,0	20,0	35,0	6,0	0,2	10,0	2,0	0,0	0,0	0,0	0,0
Tpa_5980	27,29	0,7	28,49	3,0	0,25	0,9	0,0	0,0	2,3	1,0	0,3	0,3	0,0	0,0	0,2	0,12	0,1	0,23	0,1	0,4	0,0	2,2	0,2	1,4	0,0	0,0	1,2	0,0	0,0	0,0	0,0	0,0
Tpa_6016	179,0	12,0	0,116	2,1	14,0	37,0	0,0	0,0	4,0	1,0	9,0	13,0	1,0	2,0	1,0	6,9	1,0	17,0	0,0	2,1	0,0	2,0	4,0	7,0	0,0	0,0	3,0	0,1	0,0	1,0	0,0	0,0
Tpa_6076	4,1	0,0	0,2	0,0	0,0	0,0	0,0	0,0	0,0	0,0	0,0	0,0	0,0	0,0	0,0	0,0	0,0	0,1	0,0	0,0	0,0	0,0	0,1	0,0	0,0	0,0	0,0	0,0	0,0	0,0	0,0	0,0
Tpa_6083	47,0	7,0	61,0	14,0	56,0	13,0	0,0	0,0	14,0	4,0	25,0	10,0	3,0	3,0	15,0	0,2	3,0	61,0	2,0	22,0	0,0	7,0	26,0	24,0	5,0	0,0	7,0	0,0	0,0	0,0	0,0	0,0
Tpa_6137	0,12	0,0	2,3	0,0	0,1	0,2	0,0	0,0	0,0	0,0	0,0	0,1	0,0	0,0	0,1	0,0	0,0	0,0	0,0	0,2	0,0	0,0	0,0	0,0	0,0	0,0	0,0	0,0	0,0	0,0	0,0	0,0
Tpa_6139	97,0	7,0	33,0	1,0	3,4	13,12	1,0	0,0	1,0	1,0	4,0	4,0	1,0	1,0	1,0	6,0	0,0	17,0	0,0	4,0	0,0	0,0	3,0	6,0	0,0	2,0	1,0	0,0	0,0	0,0	0,0	0,0
Tpa_6150	18,0	7,0	6,0	12,0	34,0	2,3	0,0	0,0	6,0	1,0	7,0	6,0	2,0	6,0	1,0	5,0	0,0	7,28	3,0	2,11	0,0	5,0	8,0	9,0	0,0	0,0	6,0	0,0	0,0	0,0	0,0	0,0
Tpa_6158	83,55	9,0	108,0	20,0	55,0	45,0	0,0	1,0	15,0	1,0	13,0	13,0	2,0	15,0	15,0	11,6	2,0	64,0	3,0	28,0	2,0	2,0	9,0	41,0	2,0	1,0	17,0	0,0	0,0	0,0	0,0	0,0
Tpa_6169	0,198	0,9	0,110	0,5	0,19	0,19	0,0	0,0	4,3	0,2	0,8	0,12	0,2	0,1	0,9	0,15	0,0	0,22	0,2	0,10	0,2	1,1	0,5	0,15	0,3	0,1	4,0	0,0	0,0	0,0	0,0	0,0
Tpa_6172	107,0	4,0	52,0	3,0	12,0	40,0	1,0	0,0	1,0	0,0	3,0	7,0	1,0	1,0	3,0	9,0	1,0	7,0	0,0	3,0	0,0	0,0	3,0	9,0	0,0	0,0	2,0	0,0	0,0	0,0	0,0	0,0
Tpa_6204	2,0	1,0	0,0	0,3	4,0	0,1	0,0	0,0	1,0	1,0	1,0	0,0	0,0	2,0	2,0	2,0	0,0	5,0	0,0	2,0	2,0	1,1	0,0	1,0	0,0	0,0	0,1	0,0	0,0	1,0	0,0	0,0
Tpa_6220	40,71	7,7	21,67	9,0	22,0	14,0	0,0	0,0	5,0	0,2	13,0	7,0	2,0	2,3	8,0	0,23	2,0	22,0	0,0	14,0	0,0	3,0	13,0	17,0	1,1	0,0	3,6	1,0	0,0	0,0	0,0	0,0
Tpa_6222	4,0	0,0	1,0	1,0	0,0	0,0	0,0	0,0	0,0	0,0	0,0	0,0	0,0	0,0	0,0	0,0	0,0	0,1	0,0	0,0	0,0	1,0	0,1	2,0	0,0	0,0	0,0	0,0	0,0	0,0	0,0	0,0
Tpa_6224	41,0	1,0	8,0	0,0	5,0	1,0	0,0	1,0	1,0	1,0	1,0	1,0	1,0	1,0	2,0	1,0	0,0	4,0	0,0	0,0	1,0	1,0	1,0	2,0	0,0	0,0	5,0	0,0	0,0	0,0	0,0	0,0
Tpa_6265	8,0	2,0	4,0	12,0	21,0	4,0	1,0	3,0	4,0	0,0	2,0	1,4	1,0	1,2	7,0	6,0	1,0	17,0	1,0	1,8	2,0	0,2	2,0	3,0	1,2	0,0	3,9	0,0	0,0	0,0	0,0	0,0
Tpa_6270	8,18	0,0	23,0	1,0	6,0	4,0	0,0	0,0	3,0	0,1	1,0	4,0	0,0	0,0	0,1	3,0	0,0	1,6	0,0	0,0	0,0	1,0	0,0	1,0	0,0	0,0	1,0	0,0	0,0	0,0	0,0	0,0
Tpa_6321	0,0	0,0	0,0	0,0	0,0	0,0	0,0	0,0	0,0	0,0	0,0	0,0	0,0	0,0	0,0	0,0	0,0	0,0	0,0	0,0	0,0	0,0	0,0	0,0	0,0	0,0	0,0	0,0	0,0	0,0	0,0	0,0
Tpa_6352	0,1	3,0	0,0	5,0	8,0	1,0	0,0	0,0	0,0	0,0	1,0	0,0	0,0	0,0	2,0	0,0	0,0	7,3	0,0	1,0	0,0	0,0	0,0	0,0	0,0	0,0	2,0	1,0	0,0	0,0	0,0	0,0
Tpa_6355	1,0	0,0	1,0	1,0	0,0	0,0	0,0	0,0	0,0	0,0	1,0	0,0	0,0	0,0	0,0	1,0	0,0	1,0	0,0	1,0	0,0	0,0	0,0	0,0	0,0	0,0	0,0	0,0	0,0	0,0	0,0	0,0
Tpa_6384	0,0	0,0	1,0	2,0	1,0	0,0	0,0	0,0	0,0	0,0	0,0	0,0	0,0	0,0	1,0	0,0	0,0	5,0	0,0	3,0	0,0	0,0	1,0	0,0	0,0	0,0	1,0	0,0	0,0	0,0	0,0	0,0
Tpa_6385	6,0	2,0	3,0	2,0	2,0	0,0	0,0	0,0	0,0	1,0	1,0	0,0	0,0	0,0	0,0	0,0	0,0	2,0	0,0	0,0	0,0	0,0	0,0	2,0	0,0	0,0	1,0	0,0	0,0	0,0	0,0	0,0
Tpa_6388	3,0	0,0	7,0	2,0	8,0	0,0	0,0	0,0	1,0	0,0	1,0	0,0	1,0	0,0	1,0	1,0	0,0	2,0	1,0	2,0	0,0	0,0	1,0	2,0	0,0	0,0	0,0	0,0	0,0	0,0	0,0	0,0
Tpa_6391	30,0	1,0	23,0	1,0	1,1	2,2	0,0	0,0	0,1	1,0	3,0	0,0	0,0	0,0	1,0	2,1	0,0	5,0	1,0	5,0	0,0	0,0	0,0	2,0	0,0	0,0	0,0	0,0	0,0	0,0	0,0	0,0
Tpa_6411	0,0	0,0	0,0	0,0	0,0	0,0	0,0	0,0	0,0	0,0	0,0	0,0	0,0	1,0	0,0	1,0	0,0	0,0	0,0	0,0	0,0	0,0	1,0	0,0	0,0	0,0	0,0	0,0	0,0	0,0	0,0	0,0
Tpa_6422	161,0	34,0	84,0	68,0	154,0	305,0	0,0	0,0	17,0	3,0	92,0	131,0	7,0	7,0	38,0	30,0	1,0	126,0	0,0	0,0	0,0	26,1	95,0	21,1	3,0	3,0	33,0	0,0	0,0	1,0	0,0	1,0
Tpa_6442	40,55	5,0	16,0	0,0	4,0	12,0	0,0	0,0	0,0	0,0	0,0	0,0	0,0	0,0	2,2	3,4	0,0	2,0	0,0	1,0	0,0	0,0	0,0	1,0	0,0	0,0	0,0	0,0	0,0	0,0	0,0	0,0
Tpa_6449	0,0	0,0	0,0	0,0	1,0	0,0	0,0	0,0	0,0	0,0	0,0	0,0	0,0	0,0	0,0	0,0	0,0	0,0	0,0	0,0	0,0	0,0	0,0	0,0	0,0	0,0	0,0	0,0	0,0	0,0	0,0	0,0
Tpa_6451	5,0	30,0	2,0	63,0	28,0	5,0	0,0	0,0	8,0	2,0	12,0	3,0	0,0	3,0	14,0	6,0	2,0	65,0	2,0	21,0	1,0	15,0	10,0	8,0	3,0	1,0	1,5	0,0	0,0	0,0	0,0	0,0
Tpa_6453	6,0	0,0	13,0	2,0	2,0	2,0	0,0	0,0	1,0	1,0	0,0	1,0	0,0	0,0	1,0	2,0	0,0	1,0	0,0	2,0	0,0	2,0	0,0	2,0	0,0	0,0	0,0	0,0	0,0	0,0	0,0	0,0
Tpa_6487	46,0	10,0	20,0	9,0	30,0	8,0	0,0	0,0	3,0	1,0	13,0	4,0	4,0	3,0	8,0	13,0	0,0	22,0	1,0	6,0	0,0	1,0	6,0	5,15	7,0	0,0	9,0	1,0	0,0	0,0	0,0	0,0
Tpa_6493	0,22	0,5	0,11	0,12	0,45	0,5	0,0	0,0	0,2	0,0	0,10	0,0	0,0	0,3	0,2	0,9	0,1	0,33	0,1	0,13	0,0	0,3	0,6	0,9	0,1	0,1	0,4	0,1	0,0	0,0	0,0	0,0
Tpa_6511	2194,2	535,0	391,429	879,7	1679,2	1653,3	7,0	13,0	635,0	425,0	918,2	1018,1	600,0	439,0	468,0	1053,2	120,0	1141,1	253,0	471,583	113,0	517,1	890,2	1191,1	208,0	45,0	250,1	22,10	1,0	12,0	0,0	6,0
Tpa_6543	27,0	6,0	67,0	4,0	14,0	12,0	0,0	0,0	0,0	0,0	4,0	1,0	2,0	0,0	0,0	4,0	0,0	2,0	0,0	1,0	0,0	0,0	0,1	3,2	0,0	0,0	0,0	0,0	0,0	0,0	0,0	0,0
Tpa_6562	4,0	1,0	0,0	0,0	0,0	0,0	0,0	0,0	0,0	0,0	1,0	0,0	0,0	0,0	0,0	0,0	0,0	0,0	0,0	0,0	0,0	0,0	0,0	0,0	0,0	0,0	0,0	0,0	0,0	0,0	0,0	0,0
Tpa_6565	553,2	168,0	244,0	110,0	404,0	394,1	7,0	12,1	211,0	235,0	314,0	139,157	309,0	153,0	160,0	308,0	32,0	372,0	149,0	386,0	101,1	213,0	341,0	390,0	127,0	44,0	127,0	25,0	1,0	7,0	0,0	0,0
Tpa_6586	2,0	0,0	1,0	0,0	0,0	1,0	0,0	0,0	0,0	0,0	0,0	0,0	0,0	0,0	0,0	0,0	0,0	0,0	0,0	0,0	0,0	0,0	0,0	0,0	0,0	0,0	0,0	0,0	0,0	0,0	0,0	0,0
Tpa_6591	2,0	0,0	0,0	0,0	0,0	1,0	0,0	0,0	0,0	0,0	0,0	0,0	0,0	0,0	0,0	0,0	0,0	0,0	0,0	0,0	0,0	0,0	0,0	0,0	0,0	0,0	0,0	0,0	0,0	0,0	0,0	0,0
Tpa_6604	0,0	0,0	0,0	0,0	0,0	0,0	0,0	0,0	0,0	0,0	0,0	0,0	0,0	0,0	0,0	0,0	0,0	0,0	0,0	0,0	0,0	0,0	0,0	0,0	0,0	0,0	0,0	0,0	0,0	0,0	0,0	0,0
Tpa_6611	3,0	1,0	1,0	9,0	18,0	1,0	0,0	0,0	1,0	2,0	3,0	0,0	0,0	0,0	2,0	0,2	0,0	1,0	0,0	3,0	0,0	1,0	0,0	5,0	0,0	0,0	1,0	0,0	0,0	0,0	0,0	0,0
Tpa_6630	36,54	5,0	29,0	7,2	40,0	9,20	0,0	1,0	1,4	1,1	2,0	5,11	2,0	1,4	3,0	6,0	0,0	0,14	1,1	5,0	1,0	1,0	7,0	21,0	0,0	0,0	5,6	0,0	0,0	0,0	0,0	0,0
Tpa_6654	16,0	43,0	6,0	159,0	253,0	13,0	0,0	3,0	36,0	5,0	79,0	9,0	6,0	1,1	11,6	13,0	3,0	124,0	13,0	51,0	0,0	22,0	27,0	53,0	5,0	0,0	21,0	1,0	0,0	0,0	0,0	0,0
Tpa_6683	0,0	0,0	0,0	0,0	0,0	0,0	0,0	0,0	0,0	0,0	0,0	0,0	0,0	0,0	0,0	0,0	0,0	0,0	0,0	0,0	0,0	0,0	0,0	0,0	0,0	0,0	0,0	0,0	0,0	0,0	0,0	0,0
Tpa_6687	0,4	0,0	3,0	0,0	3,0	0,0	0,0	0,0	0,0	0,0	0,0	0,0	0,0	0,0	0,0	1,0	0,0	2,0	0,1	1,0	0,0	0,0	0,0	1,2	0,0	0,0	0,0	0,0	0,0	0,0	0,0	0,0
Tpa_6713	1,0	0,0	0,0	0,0	1,0	0,0	0,0	0,0	0,0	0,0	0,0	0,0	0,0	0,0	0,0	0,0	0,0	0,0	0,0	0,0	0,0	0,0	0,0	0,0	0,0	0,0	0,0	0,0	0,0	0,0	0,0	0,0
Tpa_6733	10,0	3,0	3,0	2,0	7,0	3,0	0,0	0,0	1,0	0,0	2,0	0,0	1,0	1,0	2,2	1,0	0,0	4,0	1,0	0,1	0,0	1,0	1,0	4,0	0,1	0,0	3,0	0,0	0,0	0,0	0,0	0,0
Tpa_6768	185,0	9,0	63,0	2,0	3,0	82,0	0,0	0,0	2,0	1,0	3,0	1,1	3,0	2,0	1,0	8,0	0,0	9,0	0,0	5,0	2,0	0,0	1,0	0,0	1,0	1,0	2,0	0,0	0,0	0,0	0,0	0,0
Tpa_6773	8,1	0,0	9,0	0,0	3,0	9,0	0,0	0,0	0,0	0,0	0,0	0,0	0,0	1,0	0,0	0,0	0,0	4,0	0,0	0,0	1,0	0,0	1,0	4,0	0,0	0,0	0,0	1,0	0,0	0,0	0,0	0,0
Tpa_6774	0,10	0,1	0,21	0,2	0,4	0,2	0,0	0,0	0,0	0,0	0,1	0,1	0,0	0,0	0,1	0,0	0,0	0,0	0,0	0,1	0,0	0,0	0,1	0,0	0,0	0,0	0,0	0,0	0,0	0,0	0,0	0,0
Tpa_6786	2,0	0,0	1,0	0,0	0,0	0,0	0,0	0,0	0,0	0,0	0,0	0,0	0,0	0,0	0,0	0,0	0,0	0,0	0,0	0,0	0,0	0,0	0,0	0,0	0,0	0,0	1,0	0,0	0,0	0,0	0,0	0,0
Tpa_6814	326,0	55,0	166,0	53,0	155,1	133,0	0,0	0,0	14,14	5,0	30,0	7,13	2,0	14,0	21,0	76,0	0,0	139,0	5,0	48,0	1,0	23,0	27,0	74,0	4,0	3,2	16,0	1,0	0,0	0,0	0,0	0,0
Tpa_6816	9,26	2,0	21,0	2,0	3,3	0,14	0,0	0,0	3,0	0,0	0,7	2,0	1,0	1,0	1,0	5,0	0,0	9,0	0,0	1,0	0,0	1,0	0,4	0,7	0,0	0,0	1,1	0,0	0,0	0,0	0,0	0,0
Tpa_6853	115,0	25,0	125,0	34,0	93,0	77,0	0,0	0,0	18,0	4,0	28,0	14,15	4,0	4,0	15,0	65,0	1,0	83,0	5,0	21,0	3,0	16,0	23,0	48,0	3,0	2,0	12,0	3,0	0,0	0,0	0,0	0,0
Tpa_6887	29,0	9,0	31,0	7,0	29,0	8,0	0,0	0,0	2,2	1,0	5,0	1,0	0,0	2,0	3,0	13,0	0,0	15,0	1,0	5,0	1,0	1,0	3,0	3,0	1,0	1,0	2,0	0,0	0,0	0,0	0,0	0,0
Tpa_6922	0,19	0,4	0,18	4,0	0,5	0,4	0,0	0,0	0,1	0,0	0,1	0,0	0,0	0,2	0,0	1,2	0,0	5,3	0,1	0,2	0,0	0,0	0,0	0,2	0,0	0,1	0,0	0,0	0,0	0,0	0,0	0,0
Tpa_6937	450,0	41,0	179,0	13,0	41,0	144,1	0,0	0,0	13,0	7,0	34,0	52,1	9,0	8,0	7,0	59,0	1,0	45,0	6,0	22,0	3,0	1,0	15,0	24,0	8,0	1,0	11,0	2,0	0,0	0,0	0,0	0,0
Tpa_6963	35,0	2,0	23,0	2,0	6,0	1,0	0,0	1,0	1,0	0,0	4,0	1,0	1,0	2,0	1,0	2,0	0,0	4,0	0,0	2,0	0,0	0,0	2,0	2,0	1,0	0,0	3,0	0,0	0,0	0,0	0,0	0,0
Tpa_6973	122,0	2,0	27,0	0,0	7,0	11,0	0,0	0,0	1,0	0,0	3,0	3,0	0,0	1,0	3,0	1,1	1,0	5,4	0,0	3,0	0,0	1,0	0,0	5,0	0,0	0,2	0,0	0,0	0,0	0,0	0,0	0,0
Tpa_7007	2,8	0,0	0,12	0,0	1,8	0,0	0,0	0,0	0,1	0,0	0,0	0,0	0,0	0,0	0,0	0,0	0,0	1,0	0,0	3,0	0,0	1,0	0,0	0,0	0,0	0,0	0,0	0,0	0,0	0,0	0,0	0,0
Tpa_7010	25,0	1,0	21,0	0,0	0,0	4,0	0,0	0,0	0,0	1,0	0,1	0,0	0,0	0,0	2,0	2,0	0,0	4,0	0,0	1,0	0,0	0,0	1,0	0,0	0,0	0,0	1,0	0,0	0,0	0,0	0,0	0,0
Tpa_7018	0,1	0,0	0,0	0,0	0,0	0,0	0,0	0,0	0,0	0,0	0,0	0,0	0,0	0,0	0,0	0,0	0,0	0,0	0,0	0,0	0,0	0,0	0,0	0,0	0,0	0,0	0,0	0,0	0,0	0,0	0,0	0,0
Tpa_7052	171,0	6,0	51,0	5,0	17,0	54,0	0,0	0,0	9,0	1,0	4,2	6,0	7,0	2,0	3,0	9,0	2,0	21,0	1,0	8,6	3,0	1,0	5,0	12,0	9,0	1,0	9,0	1,0	0,0	0,0	0,0	0,0
Tpa_7058	18,15	10,0	58,0	4,0	10,0	8,0	0,0	0,0	1,0	1,0	9,0	5,0	1,0	6,0	9,0	7,0	0,0	21,0	1,0	1,0	1,0	1,0	7,0	7,0	4,0	1,0	3,0	0,0	0,0	0,0	0,0	0,0
Tpa_7062	76,0	1,2	10,11	3,1	8,0	8,0	0,0	0,0	0,0	0,0	3,0	2,0	2,0	2,0	3,0	9,0	0,0	11,0	1,0	2,0	0,0	1,0	1,0	5,0	2,0	0,0	0,0	0,0	0,0	0,0	0,0	0,0
Tpa_7080	27,0	5,0	15,0	1,0	4,0	9,0	0,0	0,0	0,0	0,0	1,0	2,0	0,0	1,0	0,0	5,0	0,0	7,0	0,0	1,0	0,0	0,0	1,0	0,0	1,0	0,0	0,0	0,0	0,0	1,0	0,0	0,0
Tpa_7082	1,0	0,0	0,0	0,0	0,0	0,0	0,0	0,0	0,0	0,0	0,0	0,0	0,0	0,0	0,0	0,0	0,0	0,0	0,0	0,0	0,0	0,0	1,0	0,0	0,0	0,0	0,0	0,0	0,0	0,0	0,0	0,0
Tpa_7090	163,0	13,0	47,50	9,1	25,0	33,0	0,0	0,0	3,0	1,1	8,0	10,0	0,0	6,0	10,0	14,0	0,0	43,0	4,0	16,0	2,0	2,0	12,0	28,0	1,0	0,0	2,0	3,0	0,0	0,0	0,0	0,0
Tpa_7153	0,2	0,1	0,0	0,2	0,4	0,1	0,0	0,0	0,2	0,0	0,1	0,0	0,0	0,0	0,0	0,0	0,0	0,4	0,0	0,1	0,0	0,0	0,0	0,6	0,0	0,1	0,1	0,0	0,0	0,0	0,0	0,0
Tpa_7157	1,3	1,0	0,3	0,1	0,2	0,1	0,0	0,0	0,0	0,0	0,0	0,0	0,0	0,0	0,1	0,0	0,0	0,0	0,0	0,1	0,0	0,0	0,0	0,0	2,0	0,0	0,0	0,0	0,0	0,0	0,0	0,0
Tpa_7201	326,2	17,0	76,66	0,1	6,0	15,15	0,0	0,0	6,0	3,0	12,3	17,0	2,3	3,0	9,0	17,0	0,0	18,19	2,0	5,0	1,0	0,0	4,0	26,0	5,0	1,0	10,0	0,0	0,0	0,0	0,0	0,0
Tpa_7204	12,0	0,0	10,0	0,0	4,0	3,0	0,0	0,0	1,0	0,0	1,0	1,0	0,0	0,0	2,0	1,0	0,0	4,0	0,0	0,0	0,0	0,0	1,0	1,0	0,0	0,0	2,0	0,0	0,0	0,0	0,0	0,0
Tpa_7210	3,0	0,0	1,0	0,0	0,0	0,0	0,0	0,0	1,0	0,0	0,0	1,0	0,0	0,0	0,0	0,1	0,0	2,0	0,0	0,0	0,0	0,0	1,0	0,0	0,0	0,0	0,0	0,0	0,0	0,0	0,0	0,0
Tpa_7213	503,0	48,0	133,0	11,0	84,0	182,0	1,0	0,0	28,0	11,0	50,0	20,0	25,0	14,0	44,0	42,0	2,0	0,0	14,0	75,0	7,0	6,0	43,0	34,0	29,0	15,0	30,0	4,0	0,0	1,0	0,0	0,0
Tpa_7221	7,7	4,0	9,0	1,0	0,2	3,1	0,0	0,0	2,1	0,0	0,0	2,0	0,0	2,1	3,0	1,0	0,0	2,4	0,1	2,0	0,0	1,0	4,0	2,0	1,1	0,0	0,1	0,0	0,0	0,0	0,0	0,0
Tpa_7240	36,0	26,0	15,43	52,0	87,0	12,0	2,0	1,0	25,0	5,0	8,0	6,0	4,0	16,0	21,0	18,0	4,0	87,0	7,0	67,0	3,0	15,0	41,0	45,0	12,0	1,0	22,0	1,0	0,0	1,0	0,0	0,0
Tpa_7289	3,0	0,0	1,0	0,0	1,0	0,0	0,0	0,0	0,0	0,0	0,0	0,0	0,0	0,0	0,0	0,0	0,0	0,0	0,0	0,0	0,0	0,0	0,0	0,0	0,0	0,0	1,0	0,0	0,0	0,0	0,0	0,0
Tpa_7291	3,0	0,0	2,0	0,0	0,4	0,2	0,0	0,0	0,0	0,1	1,0	0,0	0,0	0,0	0,0	0,0	0,0	1,0	0,0	1,0	0,0	0,0	1,1	0,0	0,0	0,0	0,0	0,0	0,0	0,0	0,0	0,0
Tpa_7293	0,0	0,0	0,0	0,0	0,0	0,0	0,0	0,0	0,0	0,0	0,0	0,0	0,0	0,0	0,0	0,0	0,0	1,0	0,0	0,0	0,0	0,0	0,0	0,0	0,0	0,0	0,0	0,0	0,0	0,0	0,0	0,0
Tpa_7331	0,0	0,0	0,0	0,0	0,0	0,0	0,0	0,0	1,0	0,0	0,0	0,0	0,0	0,0	0,0	0,0	0,0	0,0	0,0	0,0	0,0	0,0	0,0	0,0	0,0	0,0	0,0	0,0	0,0	0,0	0,0	0,0
Tpa_7348	137,0	41,0	90,0	105,0	196,0	49,0	1,0	0,0	34,0	11,0	91,0	23,0	5,0	21,0	31,0	25,23	4,0	102,0	17,0	33,0	0,0	22,0	9,13	59,0	4,0	0,0	6,0	2,0	0,0	0,0	0,0	0,0
Tpa_7352	0,0	0,0	0,0	0,0	0,0	0,0	0,0	0,0	0,0	0,0	0,0	0,0	0,0	0,0	0,0	0,0	0,0	0,0	0,0	0,0	0,0	0,0	0,0	0,0	0,0	0,0	0,0	0,0	0,0	0,0	0,0	0,0
Tpa_7367	248,0	7,5	156,0	7,0	30,0	100,1	0,0	0,0	11,0	1,0	11,0	3,1	5,0	7,0	15,0	60,0	0,0	45,0	0,0	10,0	0,0	1,0	4,3	6,10	5,0	2,0	17,1	1,0	0,0	0,0	0,0	0,0
Tpa_7375	119,0	5,7	45,0	2,0	10,0	24,0	0,0	0,0	3,0	0,0	3,4	3,6	0,1	4,0	2,0	0,12	0,0	15,0	0,0	6,0	2,0	2,0	1,0	5,0	0,0	0,0	6,0	0,0	0,0	0,0	0,0	0,0
Tpa_7406	0,0	0,0	0,0	0,0	0,0	0,0	0,0	0,0	0,0	0,0	0,0	0,0	0,0	0,0	0,0	0,0	0,0	0,0	0,0	0,0	0,0	0,0	0,0	0,0	0,0	0,0	0,0	0,0	0,0	0,0	0,0	0,0
Tpa_7413	0,0	0,0	135,0	0,0	1,0	0,0	0,0	0,0	0,0	0,0	1,0	1,0	0,0	0,0	0,0	1,0	0,0	1,0	0,0	0,0	0,0	0,0	0,0	0,0	0,0	0,0	0,0	0,0	0,0	0,0	0,0	0,0
Tpa_7417	2,0	1,0	1,0	0,0	0,0	1,0	0,0	0,0	0,0	0,0	0,0	0,0	0,0	1,0	0,0	0,0	0,0	0,0	0,0	2,0	0,0	0,0	0,0	0,0	0,0	0,0	0,0	0,0	0,0	0,0	0,0	0,0
Tpa_7425	135,1	20,0	95,0	20,1	60,0	46,0	1,0	0,0	10,0	0,0	11,0	12,0	4,0	10,0	13,0	11,9	2,0	66,0	2,0	6,7	1,0	4,0	17,0	36,0	4,0	0,0	11,0	1,2	0,0	0,0	0,0	0,0
Tpa_7447	2,0	3,0	1,0	3,0	37,0	2,0	0,0	0,0	0,0	0,0	1,0	0,0	0,0	0,0	3,0	4,0	0,0	11,0	1,0	4,0	0,0	0,0	1,0	9,0	0,0	0,0	1,0	0,0	0,0	0,0	0,0	0,0
Tpa_7450	0,0	0,0	0,0	0,0	0,0	0,0	0,0	0,0	0,0	0,0	0,0	0,0	0,0	0,0	0,0	0,0	0,0	0,0	0,0	0,0	0,0	0,0	0,0	0,0	0,0	0,0	0,0	0,0	0,0	0,0	0,0	0,0
Tpa_7452	120,160	117,0	235,0	197,0	375,0	68,66	1,1	3,0	68,0	7,0	88,0	17,0	8,0	47,2	38,0	64,0	6,0	338,0	15,0	157,0	6,0	69,0	93,0	0,208	28,0	7,0	76,0	7,0	0,0	1,0	0,0	0,0
Tpa_7454	0,2	0,0	0,0	0,0	0,0	0,0	0,0	0,0	0,0	0,0	0,0	0,0	0,0	0,0	0,0	0,0	0,0	0,0	0,0	0,0	0,0	0,0	0,0	0,0	0,0	0,0	0,0	0,0	0,0	0,0	0,0	0,0
Tpa_7461	5,0	0,0	3,0	1,0	1,0	2,0	0,0	0,0	0,0	0,0	1,0	2,0	0,0	0,0	0,0	0,0	0,0	1,0	0,0	0,0	0,0	0,0	0,0	2,0	0,0	0,0	0,0	0,0	0,0	0,0	0,0	0,0
Tpa_7477	24,13	16,0	9,6	0,0	7,0	21,16	0,0	0,0	1,0	0,0	2,0	15,0	0,0	1,1	1,0	19,0	0,0	9,0	0,0	2,0	0,0	1,0	1,0	3,0	1,0	0,1	3,0	0,0	0,0	0,0	0,0	0,0
Tpa_7479	238,1	11,0	47,0	0,0	7,0	65,0	0,0	0,0	0,1	0,0	4,0	3,0	0,0	4,0	1,0	7,0	0,0	0,4	1,0	2,0	1,0	0,0	1,0	4,0	0,0	0,0	3,0	0,0	0,0	0,0	0,0	0,0
Tpa_7483	84,0	1,0	44,0	0,0	3,0	18,0	0,0	0,0	2,0	2,1	0,1	5,0	0,0	1,0	0,0	4,0	0,0	5,0	1,0	1,0	1,0	0,1	0,0	1,0	1,0	0,0	1,0	0,0	0,0	0,0	0,0	0,0
Tpa_7495	275,0	73,0	108,0	166,0	286,0	70,0	1,0	3,0	52,0	12,0	100,0	37,0	13,0	55,0	61,0	69,0	5,0	208,0	5,6	147,0	11,0	33,0	78,0	124,0	8,9	9,0	48,0	6,0	0,0	3,0	0,0	0,0
Tpa_7533	407,0	48,0	71,73	36,28	261,1	180,0	3,0	2,0	53,0	6,0	0,63	17,0	33,0	50,0	29,25	34,0	3,0	225,1	6,0	85,0	10,0	21,0	76,0	125,0	11,8	1,1	61,0	3,0	0,0	3,0	0,0	0,0
Tpa_7540	3,0	0,0	0,0	0,0	1,0	0,0	0,0	0,0	0,0	0,0	0,0	0,0	0,0	0,0	0,0	0,0	0,0	0,0	0,0	1,0	0,0	0,0	0,0	0,0	0,0	0,0	0,0	0,0	0,0	0,0	0,0	0,0
Tpa_7553	56,68	0,15	0,116	0,7	0,26	0,37	0,0	0,0	0,7	0,2	0,11	0,8	0,6	4,2	0,7	0,24	0,4	0,32	2,1	0,15	0,3	0,1	0,4	0,18	0,2	2,1	0,9	0,0	0,0	0,0	0,0	0,0
Tpa_7560	63,0	4,0	38,0	2,0	4,0	26,0	0,0	0,0	0,0	0,0	1,0	5,0	2,0	1,0	2,0	2,0	0,0	8,0	0,0	2,0	0,0	2,0	4,0	5,0	2,0	0,0	0,2	0,0	0,0	2,0	0,0	0,0
Tpa_7566	279,0	30,0	89,0	2,0	24,0	148,0	0,0	0,0	1,0	1,0	2,0	10,12	0,1	4,0	2,0	20,0	0,0	7,8	2,0	5,2	2,0	2,0	6,0	1,2	4,0	2,0	8,0	0,0	0,0	0,0	0,0	0,0
Tpa_7567	429,391	119,33	375,0	176,158	670,1	252,116	3,0	0,0	109,113	0,26	120,0	85,60	53,27	136,1	95,85	1,323	0,19	322,314	58,0	261,0	13,14	0,151	162,105	238,209	88,33	9,8	49,37	25,0	0,0	0,0	0,0	1,1
Tpa_7571	315,0	17,0	158,0	1,1	26,0	105,90	0,0	0,0	2,0	1,2	29,0	37,0	2,0	6,0	8,0	56,31	3,0	18,20	1,2	12,0	2,0	5,0	0,10	10,5	2,1	2,0	4,0	0,0	0,0	1,0	0,0	0,0
Tpa_7586	437,0	0,36	0,151	0,3	7,5	0,157	0,0	0,1	1,3	0,1	0,10	0,18	4,3	0,11	2,3	0,25	1,0	0,29	4,0	0,9	4,0	0,0	0,12	9,7	3,2	1,2	5,1	0,2	0,0	0,1	0,0	0,0
Tpa_7594	0,1497	0,489	0,587	220,238	1,1075	1,1107	1,8	0,14	0,521	211,284	1,726	287,414	0,526	0,384	160,215	0,847	0,95	1,1029	0,243	1,993	57,64	0,515	347,417	0,872	0,352	0,152	0,330	0,38	0,0	4,4	0,0	0,5
Tpa_7597	922,0	177,0	240,0	479,0	824,0	467,0	25,0	17,0	294,0	107,0	398,0	342,0	180,0	210,0	119,145	355,0	108,0	687,0	182,0	714,0	170,0	177,0	504,0	590,0	259,0	112,0	185,0	77,0	0,0	29,0	0,0	7,0
Tpa_7601	0,0	0,0	0,0	0,0	0,0	0,0	0,0	0,0	0,0	0,0	0,0	0,0	0,0	0,0	0,0	0,0	0,0	1,0	0,0	0,0	0,0	0,0	0,0	0,0	0,0	0,0	0,0	0,0	0,0	0,0	0,0	0,0
Tpa_7604	1376,0	23,0	275,0	365,0	1038,0	639,0	15,0	6,0	598,2	261,0	687,0	0,0	328,0	235,0	27,0	1,0	0,0	460,0	283,0	505,0	164,0	1,0	0,0	436,0	10,0	2,0	0,0	37,0	0,0	15,0	0,0	0,0
Tpa_7605	8,0	0,0	1,1	0,0	0,0	1,0	0,0	0,0	0,0	0,0	0,1	0,0	0,0	0,0	0,0	0,0	0,0	0,0	0,0	0,0	0,0	0,0	0,0	1,0	0,0	0,0	0,0	0,0	0,0	0,0	0,0	0,0
Tpa_7615	10,0	1,0	1,0	1,0	2,0	1,0	0,0	0,0	0,0	0,0	2,0	0,0	0,0	0,0	0,0	1,0	0,0	1,0	0,0	1,0	0,0	0,0	2,0	0,0	0,0	0,0	0,0	0,0	0,0	0,0	0,0	0,0
Tpa_7652	1555,2	386,0	660,0	580,1	1033,0	576,771	2,7	8,0	452,1	227,0	553,2	550,3	220,0	214,273	355,3	996,0	34,0	910,1	187,0	611,0	66,0	362,1	480,3	755,1	149,0	53,0	256,0	22,1	1,0	9,0	0,0	0,0
Tpa_7653	739,579	334,1	1,514	303,298	0,1014	842,0	1,17	4,20	0,451	129,76	312,240	0,488	197,142	12,289	0,356	299,282	0,76	0,828	6,198	378,404	0,119	181,201	253,245	0,730	0,213	0,57	138,92	25,18	0,0	0,18	0,0	4,0
Tpa_7657	46,0	0,0	8,0	2,0	9,0	2,0	0,0	0,0	1,0	1,0	1,0	1,0	0,0	0,0	2,0	0,0	0,0	4,0	0,0	2,0	0,0	0,0	0,0	2,0	0,0	0,0	0,0	0,0	0,0	0,0	0,0	0,0
Tpa_7665	0,0	0,0	0,0	0,0	0,0	0,0	0,0	0,0	0,0	0,0	0,0	0,0	0,0	0,0	0,0	0,0	0,0	0,0	0,0	0,0	0,0	0,0	0,0	0,0	0,0	0,0	0,0	0,0	0,0	0,0	0,0	0,0
Tpa_7686	375,593	0,183	0,350	11,23	92,158	214,341	2,3	0,8	1,67	0,54	0,187	76,144	34,34	30,4	58,0	0,389	0,29	78,184	10,19	37,118	8,20	15,1	0,143	0,227	19,37	0,50	33,65	2,2	0,1	6,4	0,0	2,0
Tpa_7690	0,586	0,84	0,218	3,3	0,27	0,136	0,0	0,0	1,5	3,3	4,10	0,28	0,15	0,10	0,20	0,55	1,1	0,55	0,4	8,11	0,5	0,1	0,13	0,24	0,16	4,6	0,22	0,1	0,0	0,0	0,0	0,0
Tpa_7691	15,0	9,0	3,73	11,0	18,0	6,0	0,0	0,0	3,0	0,0	4,0	1,0	1,0	2,0	5,0	6,0	1,0	7,0	0,0	11,0	0,0	1,0	2,0	11,0	0,0	0,0	2,0	1,1	0,0	0,0	0,0	0,0
Tpa_7703	1056,0	88,0	286,0	21,0	165,0	324,0	0,0	1,0	19,0	17,0	64,0	114,0	6,0	19,0	16,0	179,0	0,3	43,42	3,3	26,0	3,0	9,0	27,0	46,0	7,0	1,0	11,0	0,0	0,0	0,0	0,0	0,0
Tpa_7757	0,0	0,0	0,0	0,0	0,0	0,0	0,0	0,0	0,0	0,0	0,0	0,1	0,0	0,0	0,0	0,0	0,0	0,0	0,0	0,0	0,0	0,0	0,0	0,0	0,0	0,0	0,0	0,0	0,0	0,0	0,0	0,0
Tpa_7764	122,0	11,0	24,19	1,0	14,0	49,0	0,0	0,0	3,0	0,0	5,1	9,8	1,0	2,0	4,0	5,5	0,0	14,3	1,0	6,0	0,0	0,0	3,0	12,0	2,0	0,0	2,0	1,0	0,0	0,0	0,0	0,0
Tpa_7765	0,9	0,2	0,8	0,5	0,8	0,10	0,0	0,0	1,0	0,1	0,4	0,4	0,0	0,1	0,1	0,8	0,0	0,6	0,1	3,0	0,0	0,1	0,3	0,13	0,0	0,0	0,0	0,0	0,0	0,0	0,0	0,0
Tpa_7769	0,0	0,0	0,1	0,0	0,0	0,0	0,0	0,0	0,0	0,0	0,0	0,0	0,0	0,0	0,0	0,0	0,0	0,0	0,0	0,0	0,0	0,0	0,0	0,0	0,0	0,0	0,0	0,0	0,0	0,0	0,0	0,0
Tpa_7772	0,0	0,0	0,0	0,0	0,0	0,0	0,0	0,0	0,0	0,0	0,0	0,0	0,0	0,0	0,0	0,0	0,0	0,0	0,0	0,0	0,0	0,0	0,0	0,0	0,0	0,0	0,0	0,0	0,0	0,0	0,0	0,0
Tpa_7798	15,16	3,0	56,0	2,0	3,0	6,3	0,0	0,0	2,0	0,0	1,0	1,0	0,1	1,0	2,0	0,0	0,0	4,0	0,0	0,0	0,0	0,1	0,1	0,1	1,0	0,0	0,0	0,0	0,0	0,0	0,0	0,0
Tpa_7799	8,0	2,0	3,0	0,0	3,0	0,0	0,0	0,0	0,0	0,0	0,0	0,0	1,0	1,0	1,0	1,0	0,0	6,0	0,0	0,0	0,0	1,0	1,0	3,0	0,0	0,0	1,0	0,0	0,0	0,0	0,0	0,0
Tpa_7805	9,0	0,1	4,0	1,2	9,0	2,0	0,0	0,0	2,0	1,0	1,0	0,0	0,0	0,0	1,0	0,1	0,0	6,0	0,0	1,2	0,0	0,0	0,0	3,0	0,0	0,0	0,0	0,0	0,0	0,0	0,0	0,0
Tpa_7807	8,0	0,0	5,0	0,0	1,0	1,0	0,0	0,0	0,0	0,0	0,0	0,0	0,0	1,0	0,0	0,0	0,0	2,0	0,0	1,0	0,0	0,0	1,0	0,0	0,0	0,0	0,0	0,0	0,0	0,0	0,0	0,0
Tpa_7814	29,0	2,0	9,0	1,0	3,0	8,0	0,0	0,0	0,0	0,0	2,0	2,0	0,0	0,0	0,0	0,3	0,0	1,0	0,0	0,1	0,0	0,0	0,0	3,0	0,0	0,0	0,0	0,0	0,0	0,0	0,0	0,0
Tpa_7825	173,0	44,0	73,0	18,0	19,0	75,0	0,0	0,0	28,0	9,0	28,0	41,0	8,0	24,0	10,0	72,0	4,0	121,0	13,0	32,0	3,0	4,0	26,0	78,0	20,0	4,0	36,0	3,0	0,0	1,0	0,0	1,0
Tpa_7848	0,29	0,11	0,30	0,10	0,11	0,15	0,1	0,1	0,4	0,0	0,7	0,2	0,3	0,9	0,8	0,15	0,0	0,30	0,0	0,12	0,1	0,6	0,1	0,27	0,0	0,0	0,18	0,0	0,0	0,0	0,0	0,0
Tpa_7910	60,0	4,5	21,0	1,0	4,6	7,0	0,0	0,0	0,0	0,0	3,0	1,0	1,0	1,0	3,0	2,3	0,0	11,0	0,0	4,0	0,0	1,0	1,0	0,7	0,3	1,0	1,2	0,0	0,0	0,0	0,0	0,0
