Locus	Primer Reads	Primer Probe Reads	Primer Probe Proportion
Tpa_0010	356	223	0.63
Tpa_0012	475	56	0.12
Tpa_0024	4610	0	0.00
Tpa_0035	651	125	0.19
Tpa_0037	3180	57	0.02
Tpa_0095	599	33	0.06
Tpa_0151	1723	515	0.30
Tpa_0183	460	120	0.26
Tpa_0186	4958	73	0.01
Tpa_0215	4999	0	0.00
Tpa_0226	516	488	0.95
Tpa_0228	19379	226	0.01
Tpa_0263	1846	455	0.25
Tpa_0269	4362	42	0.01
Tpa_0272	1062	12	0.01
Tpa_0301	155	147	0.95
Tpa_0342	249	115	0.46
Tpa_0346	4448	579	0.13
Tpa_0358	721	101	0.14
Tpa_0366	25700	8	0.00
Tpa_0367	438	130	0.30
Tpa_0371	42	4	0.10
Tpa_0395	2	2	1.00
Tpa_0409	25139	4	0.00
Tpa_0427	872	694	0.80
Tpa_0429	1691	22	0.01
Tpa_0438	7614	62	0.01
Tpa_0439	12	4	0.33
Tpa_0474	92	29	0.32
Tpa_0492	3110	6	0.00
Tpa_0500	483	17	0.04
Tpa_0540	68308	787	0.01
Tpa_0547	830	5	0.01
Tpa_0556	48237	794	0.02
Tpa_0569	7	1	0.14
Tpa_0592	1675	77	0.05
Tpa_0650	19227	205	0.01
Tpa_0671	9	7	0.78
Tpa_0678	3901	56	0.01
Tpa_0730	3319	365	0.11
Tpa_0743	639	616	0.96
Tpa_0763	24	0	0.00
Tpa_0768	4108	921	0.22
Tpa_0826	4827	119	0.02
Tpa_0866	988	197	0.20
Tpa_0868	1806	17	0.01
Tpa_0882	74	50	0.68
Tpa_0888	9730	2	0.00
Tpa_0895	18044	82	0.00
Tpa_0905	428	7	0.02
Tpa_0912	15289	114	0.01
Tpa_0929	474	7	0.01
Tpa_0936	28226	260	0.01
Tpa_0953	18579	881	0.05
Tpa_0970	14182	1	0.00
Tpa_0973	47507	1	0.00
Tpa_0979	10666	2	0.00
Tpa_1007	208	43	0.21
Tpa_1022	103	0	0.00
Tpa_1042	24	1	0.04
Tpa_1071	7168	60	0.01
Tpa_1077	3343	8	0.00
Tpa_1082	782	132	0.17
Tpa_1098	64	2	0.03
Tpa_1112	409	0	0.00
Tpa_1136	6	0	0.00
Tpa_1144	14	0	0.00
Tpa_1154	20	0	0.00
Tpa_1156	0	0	NA
Tpa_1187	106	68	0.64
Tpa_1268	39	6	0.15
Tpa_1290	1006	63	0.06
Tpa_1304	8	0	0.00
Tpa_1305	10254	0	0.00
Tpa_1310	557	19	0.03
Tpa_1312	5412	1101	0.20
Tpa_1320	17684	867	0.05
Tpa_1341	27402	6	0.00
Tpa_1357	483	7	0.01
Tpa_1359	7723	3713	0.48
Tpa_1394	824	342	0.42
Tpa_1443	1592	146	0.09
Tpa_1486	11529	5	0.00
Tpa_1515	4271	60	0.01
Tpa_1528	13423	53	0.00
Tpa_1542	21540	3	0.00
Tpa_1548	15175	469	0.03
Tpa_1550	207	37	0.18
Tpa_1585	705	153	0.22
Tpa_1593	550	116	0.21
Tpa_1606	9821	3885	0.40
Tpa_1638	10256	58	0.01
Tpa_1646	23644	795	0.03
Tpa_1662	3001	13	0.00
Tpa_1678	846	16	0.02
Tpa_1689	3415	2	0.00
Tpa_1703	9	1	0.11
Tpa_1731	8356	1095	0.13
Tpa_1774	36	0	0.00
Tpa_1775	69138	3562	0.05
Tpa_1818	3437	53	0.02
Tpa_1831	75	71	0.95
Tpa_1832	380	376	0.99
Tpa_1843	25879	242	0.01
Tpa_1891	456	345	0.76
Tpa_1896	40327	172	0.00
Tpa_1917	388	3	0.01
Tpa_1930	169	129	0.76
Tpa_1966	8	0	0.00
Tpa_2006	10	7	0.70
Tpa_2010	4360	41	0.01
Tpa_2021	9459	0	0.00
Tpa_2034	9	7	0.78
Tpa_2040	55	26	0.47
Tpa_2041	5383	12	0.00
Tpa_2073	35219	150	0.00
Tpa_2076	1217	201	0.17
Tpa_2096	307	61	0.20
Tpa_2128	2	0	0.00
Tpa_2157	3119	667	0.21
Tpa_2180	14954	33	0.00
Tpa_2194	33	18	0.55
Tpa_2207	486	383	0.79
Tpa_2254	18175	23	0.00
Tpa_2278	64	51	0.80
Tpa_2334	44486	0	0.00
Tpa_2344	5273	672	0.13
Tpa_2353	1827	443	0.24
Tpa_2368	16004	13	0.00
Tpa_2412	30391	2592	0.09
Tpa_2417	667	109	0.16
Tpa_2453	1095	0	0.00
Tpa_2458	1056	3	0.00
Tpa_2460	50542	85	0.00
Tpa_2470	6840	165	0.02
Tpa_2483	11400	408	0.04
Tpa_2498	8167	10	0.00
Tpa_2509	17	11	0.65
Tpa_2518	4917	393	0.08
Tpa_2519	716	18	0.03
Tpa_2523	8607	13	0.00
Tpa_2581	2408	285	0.12
Tpa_2601	2255	2096	0.93
Tpa_2608	24489	653	0.03
Tpa_2636	1172	717	0.61
Tpa_2639	21625	7	0.00
Tpa_2664	31422	68	0.00
Tpa_2702	27	2	0.07
Tpa_2712	33	2	0.06
Tpa_2734	1473	45	0.03
Tpa_2741	6	0	0.00
Tpa_2745	4454	77	0.02
Tpa_2763	80	68	0.85
Tpa_2845	202	49	0.24
Tpa_2854	64764	199	0.00
Tpa_2856	19372	500	0.03
Tpa_2861	30178	275	0.01
Tpa_2868	16391	145	0.01
Tpa_2900	72	7	0.10
Tpa_2907	14553	96	0.01
Tpa_2961	245	115	0.47
Tpa_2970	3376	15	0.00
Tpa_3004	5337	17	0.00
Tpa_3011	33745	74	0.00
Tpa_3018	0	0	NA
Tpa_3047	4795	290	0.06
Tpa_3055	403	6	0.01
Tpa_3063	10527	40	0.00
Tpa_3129	275	2	0.01
Tpa_3149	47	40	0.85
Tpa_3193	196	0	0.00
Tpa_3197	3889	37	0.01
Tpa_3200	288	5	0.02
Tpa_3248	300	292	0.97
Tpa_3254	6392	15	0.00
Tpa_3262	11718	707	0.06
Tpa_3263	56528	324	0.01
Tpa_3310	18041	51	0.00
Tpa_3347	5914	134	0.02
Tpa_3354	613	586	0.96
Tpa_3364	5906	81	0.01
Tpa_3385	8	1	0.12
Tpa_3439	333	1	0.00
Tpa_3502	378	1	0.00
Tpa_3561	856	18	0.02
Tpa_3569	9	5	0.56
Tpa_3583	2154	63	0.03
Tpa_3616	2652	1296	0.49
Tpa_3674	24289	45	0.00
Tpa_3676	2263	2	0.00
Tpa_3679	29	5	0.17
Tpa_3684	7493	12	0.00
Tpa_3705	19140	1180	0.06
Tpa_3723	218	63	0.29
Tpa_3737	5253	51	0.01
Tpa_3745	301	200	0.66
Tpa_3795	13253	1969	0.15
Tpa_3846	456	21	0.05
Tpa_3862	4	1	0.25
Tpa_3871	3574	315	0.09
Tpa_3879	1330	1000	0.75
Tpa_3905	40681	222	0.01
Tpa_3926	67085	26	0.00
Tpa_3937	19	5	0.26
Tpa_3962	291	26	0.09
Tpa_3974	391	14	0.04
Tpa_4020	16	12	0.75
Tpa_4021	371	160	0.43
Tpa_4022	5783	1878	0.32
Tpa_4055	478	57	0.12
Tpa_4077	50021	91	0.00
Tpa_4120	12011	407	0.03
Tpa_4126	4237	941	0.22
Tpa_4137	2173	411	0.19
Tpa_4148	34088	5	0.00
Tpa_4168	4736	47	0.01
Tpa_4176	331	2	0.01
Tpa_4178	4684	472	0.10
Tpa_4209	2739	73	0.03
Tpa_4221	624	1	0.00
Tpa_4230	27897	82	0.00
Tpa_4245	27281	0	0.00
Tpa_4246	4572	122	0.03
Tpa_4247	8401	456	0.05
Tpa_4268	1161	1081	0.93
Tpa_4291	290	222	0.77
Tpa_4295	251	11	0.04
Tpa_4310	33874	100	0.00
Tpa_4316	185	75	0.41
Tpa_4353	11612	1420	0.12
Tpa_4356	2502	1841	0.74
Tpa_4380	357	0	0.00
Tpa_4384	199	33	0.17
Tpa_4394	1128	21	0.02
Tpa_4416	2254	116	0.05
Tpa_4425	12431	521	0.04
Tpa_4443	317	111	0.35
Tpa_4454	28910	62	0.00
Tpa_4467	29165	1	0.00
Tpa_4495	10	6	0.60
Tpa_4506	74	1	0.01
Tpa_4511	2397	0	0.00
Tpa_4549	106323	8	0.00
Tpa_4556	71	41	0.58
Tpa_4569	35125	446	0.01
Tpa_4582	1573	3	0.00
Tpa_4590	2158	103	0.05
Tpa_4591	165	0	0.00
Tpa_4592	14580	48	0.00
Tpa_4593	31501	46	0.00
Tpa_4595	10	0	0.00
Tpa_4599	782	685	0.88
Tpa_4633	3034	0	0.00
Tpa_4637	17140	70	0.00
Tpa_4668	2579	590	0.23
Tpa_4678	2731	1571	0.58
Tpa_4697	25	7	0.28
Tpa_4713	2626	11	0.00
Tpa_4731	6810	3	0.00
Tpa_4747	8393	940	0.11
Tpa_4749	281	42	0.15
Tpa_4804	6125	128	0.02
Tpa_4849	1085	26	0.02
Tpa_4885	32345	17	0.00
Tpa_4886	13134	20	0.00
Tpa_4900	525	2	0.00
Tpa_4920	36772	1	0.00
Tpa_4928	20133	19	0.00
Tpa_4936	296	4	0.01
Tpa_4985	12699	650	0.05
Tpa_5002	194	9	0.05
Tpa_5015	12	0	0.00
Tpa_5022	4391	4280	0.97
Tpa_5057	281	65	0.23
Tpa_5075	336	29	0.09
Tpa_5104	5077	4371	0.86
Tpa_5106	1573	6	0.00
Tpa_5118	32090	38	0.00
Tpa_5138	5675	21	0.00
Tpa_5144	508	30	0.06
Tpa_5167	26	0	0.00
Tpa_5196	980	12	0.01
Tpa_5205	37	2	0.05
Tpa_5206	27291	10	0.00
Tpa_5218	5195	2	0.00
Tpa_5222	109	2	0.02
Tpa_5228	499	234	0.47
Tpa_5241	307	34	0.11
Tpa_5242	603	127	0.21
Tpa_5244	3862	1466	0.38
Tpa_5249	63	4	0.06
Tpa_5270	15	9	0.60
Tpa_5278	98	88	0.90
Tpa_5279	2274	30	0.01
Tpa_5292	1992	1547	0.78
Tpa_5298	4008	163	0.04
Tpa_5327	1394	614	0.44
Tpa_5360	10003	25	0.00
Tpa_5361	2109	80	0.04
Tpa_5373	6565	11	0.00
Tpa_5379	9697	975	0.10
Tpa_5382	8840	715	0.08
Tpa_5418	3854	1344	0.35
Tpa_5441	29354	987	0.03
Tpa_5445	1127	684	0.61
Tpa_5446	199	158	0.79
Tpa_5454	148	44	0.30
Tpa_5471	16029	8429	0.53
Tpa_5485	8700	551	0.06
Tpa_5501	1916	52	0.03
Tpa_5525	37669	743	0.02
Tpa_5538	1081	26	0.02
Tpa_5540	264	10	0.04
Tpa_5542	37	1	0.03
Tpa_5563	168	15	0.09
Tpa_5565	9215	2869	0.31
Tpa_5570	25517	60	0.00
Tpa_5574	41183	75	0.00
Tpa_5588	7570	6798	0.90
Tpa_5594	2080	48	0.02
Tpa_5601	18970	251	0.01
Tpa_5609	8428	51	0.01
Tpa_5623	4321	984	0.23
Tpa_5636	7060	12	0.00
Tpa_5651	121	26	0.21
Tpa_5679	409	79	0.19
Tpa_5741	4838	121	0.03
Tpa_5761	1544	31	0.02
Tpa_5774	22481	92	0.00
Tpa_5795	58770	2	0.00
Tpa_5796	548	151	0.28
Tpa_5823	11598	145	0.01
Tpa_5827	2109	75	0.04
Tpa_5829	19	4	0.21
Tpa_5838	931	638	0.69
Tpa_5854	8	0	0.00
Tpa_5856	116	50	0.43
Tpa_5863	346	101	0.29
Tpa_5868	48	3	0.06
Tpa_5878	520	198	0.38
Tpa_5913	1436	313	0.22
Tpa_5917	932	215	0.23
Tpa_5942	36	2	0.06
Tpa_5951	94	57	0.61
Tpa_5961	63	1	0.02
Tpa_5978	22981	649	0.03
Tpa_5980	4789	246	0.05
Tpa_6016	20408	446	0.02
Tpa_6076	2803	9	0.00
Tpa_6083	530	431	0.81
Tpa_6137	167	24	0.14
Tpa_6139	15798	223	0.01
Tpa_6150	197	195	0.99
Tpa_6158	12714	638	0.05
Tpa_6169	5570	482	0.09
Tpa_6172	17402	269	0.02
Tpa_6204	27088	34	0.00
Tpa_6220	444	406	0.91
Tpa_6222	28	11	0.39
Tpa_6224	1991	80	0.04
Tpa_6265	138	135	0.98
Tpa_6270	449	83	0.18
Tpa_6321	5	0	0.00
Tpa_6352	3075	35	0.01
Tpa_6355	4200	7	0.00
Tpa_6384	1375	15	0.01
Tpa_6385	16148	22	0.00
Tpa_6388	46	33	0.72
Tpa_6391	960	83	0.09
Tpa_6411	4	3	0.75
Tpa_6422	18742	1443	0.08
Tpa_6442	29814	147	0.00
Tpa_6449	25	1	0.04
Tpa_6451	24637	315	0.01
Tpa_6453	3336	38	0.01
Tpa_6487	712	245	0.34
Tpa_6493	8323	199	0.02
Tpa_6511	72911	19194	0.26
Tpa_6543	69327	150	0.00
Tpa_6562	9274	6	0.00
Tpa_6565	9119	6198	0.68
Tpa_6586	262	4	0.02
Tpa_6591	6	3	0.50
Tpa_6604	24	0	0.00
Tpa_6611	101090	54	0.00
Tpa_6630	17463	306	0.02
Tpa_6654	1142	980	0.86
Tpa_6683	789	0	0.00
Tpa_6687	1413	18	0.01
Tpa_6713	4506	2	0.00
Tpa_6733	60	54	0.90
Tpa_6768	734	387	0.53
Tpa_6773	838	42	0.05
Tpa_6774	320	45	0.14
Tpa_6786	57	4	0.07
Tpa_6814	3082	1428	0.46
Tpa_6816	140	124	0.89
Tpa_6853	18171	856	0.05
Tpa_6887	18252	175	0.01
Tpa_6922	8212	75	0.01
Tpa_6937	5952	1198	0.20
Tpa_6963	146	96	0.66
Tpa_6973	1546	203	0.13
Tpa_7007	246	37	0.15
Tpa_7010	680	64	0.09
Tpa_7018	11	1	0.09
Tpa_7052	438	426	0.97
Tpa_7058	5091	209	0.04
Tpa_7062	288	164	0.57
Tpa_7080	104	81	0.78
Tpa_7082	2	2	1.00
Tpa_7090	934	507	0.54
Tpa_7153	38	26	0.68
Tpa_7157	720	16	0.02
Tpa_7201	12918	690	0.05
Tpa_7204	1294	43	0.03
Tpa_7210	5568	10	0.00
Tpa_7213	3446	1456	0.42
Tpa_7221	12088	65	0.01
Tpa_7240	12354	683	0.06
Tpa_7289	13011	6	0.00
Tpa_7291	36554	17	0.00
Tpa_7293	5	1	0.20
Tpa_7331	17290	1	0.00
Tpa_7348	48591	1154	0.02
Tpa_7352	1	0	0.00
Tpa_7367	1112	773	0.70
Tpa_7375	2116	287	0.14
Tpa_7406	1	0	0.00
Tpa_7413	168	140	0.83
Tpa_7417	13	8	0.62
Tpa_7425	19745	618	0.03
Tpa_7447	6265	83	0.01
Tpa_7450	1412	0	0.00
Tpa_7452	8337	2693	0.32
Tpa_7454	2195	2	0.00
Tpa_7461	5893	18	0.00
Tpa_7477	279	173	0.62
Tpa_7479	2150	405	0.19
Tpa_7483	1502	178	0.12
Tpa_7495	2694	2081	0.77
Tpa_7533	2260	2060	0.91
Tpa_7540	1444	5	0.00
Tpa_7553	626	490	0.78
Tpa_7560	1574	177	0.11
Tpa_7566	708	676	0.95
Tpa_7567	9901	6074	0.61
Tpa_7571	1992	985	0.49
Tpa_7586	1749	970	0.55
Tpa_7594	41815	15333	0.37
Tpa_7597	9407	9102	0.97
Tpa_7601	55127	1	0.00
Tpa_7604	32590	7789	0.24
Tpa_7605	25600	13	0.00
Tpa_7615	46	23	0.50
Tpa_7652	28736	13332	0.46
Tpa_7653	15362	12124	0.79
Tpa_7657	1629	81	0.05
Tpa_7665	5	0	0.00
Tpa_7686	5855	4541	0.78
Tpa_7690	1596	1383	0.87
Tpa_7691	3863	194	0.05
Tpa_7703	36885	2599	0.07
Tpa_7757	6778	1	0.00
Tpa_7764	12837	327	0.03
Tpa_7765	22859	89	0.00
Tpa_7769	3	1	0.33
Tpa_7772	33	0	0.00
Tpa_7798	506	120	0.24
Tpa_7799	1500	32	0.02
Tpa_7805	139	46	0.33
Tpa_7807	9505	20	0.00
Tpa_7814	5240	64	0.01
Tpa_7825	1014	968	0.95
Tpa_7848	5936	251	0.04
Tpa_7910	6775	153	0.02
