Locus	Primer Reads	Primer Probe Reads	Primer Probe Proportion
Tpa_0010	1049	715	0.68
Tpa_0012	2837	1883	0.66
Tpa_0024	16661	12	0.00
Tpa_0035	1338	1097	0.82
Tpa_0037	41397	300	0.01
Tpa_0095	3348	3223	0.96
Tpa_0151	20004	11029	0.55
Tpa_0183	10363	7896	0.76
Tpa_0186	1545	1034	0.67
Tpa_0215	2190	1	0.00
Tpa_0226	995	407	0.41
Tpa_0228	9707	262	0.03
Tpa_0263	63039	2169	0.03
Tpa_0269	914	682	0.75
Tpa_0272	74	43	0.58
Tpa_0301	8277	8122	0.98
Tpa_0342	3352	2211	0.66
Tpa_0346	3045	2660	0.87
Tpa_0358	1472	1401	0.95
Tpa_0366	11684	704	0.06
Tpa_0367	2000	1635	0.82
Tpa_0371	1806	1442	0.80
Tpa_0395	1711	1641	0.96
Tpa_0409	1169	754	0.64
Tpa_0427	1659	1600	0.96
Tpa_0429	1431	788	0.55
Tpa_0438	1040	408	0.39
Tpa_0439	3567	3381	0.95
Tpa_0474	13154	61	0.00
Tpa_0492	3230	940	0.29
Tpa_0500	41636	2519	0.06
Tpa_0540	57248	1487	0.03
Tpa_0547	3398	1192	0.35
Tpa_0556	9970	2328	0.23
Tpa_0569	1368	876	0.64
Tpa_0592	4537	3653	0.81
Tpa_0650	20498	678	0.03
Tpa_0671	618	603	0.98
Tpa_0678	769	84	0.11
Tpa_0730	3094	1306	0.42
Tpa_0743	2810	1653	0.59
Tpa_0763	414	394	0.95
Tpa_0768	36995	377	0.01
Tpa_0826	871	589	0.68
Tpa_0866	7907	7418	0.94
Tpa_0868	304	57	0.19
Tpa_0882	225	195	0.87
Tpa_0888	6997	908	0.13
Tpa_0895	4149	2083	0.50
Tpa_0905	999	807	0.81
Tpa_0912	33041	139	0.00
Tpa_0929	1228	279	0.23
Tpa_0936	40641	836	0.02
Tpa_0953	5744	4606	0.80
Tpa_0970	87	8	0.09
Tpa_0973	381	22	0.06
Tpa_0979	5640	1197	0.21
Tpa_1007	9680	3787	0.39
Tpa_1022	79420	699	0.01
Tpa_1042	4308	2627	0.61
Tpa_1071	2486	1493	0.60
Tpa_1077	663	574	0.87
Tpa_1082	6400	6114	0.96
Tpa_1098	244	144	0.59
Tpa_1112	3023	909	0.30
Tpa_1136	158	3	0.02
Tpa_1144	428	364	0.85
Tpa_1154	1188	465	0.39
Tpa_1156	1340	64	0.05
Tpa_1187	1337	1047	0.78
Tpa_1268	327	279	0.85
Tpa_1290	5485	1070	0.20
Tpa_1304	6443	2971	0.46
Tpa_1305	3048	1	0.00
Tpa_1310	13275	1365	0.10
Tpa_1312	6304	6015	0.95
Tpa_1320	41318	385	0.01
Tpa_1341	2800	957	0.34
Tpa_1357	2437	2249	0.92
Tpa_1359	1257	1066	0.85
Tpa_1394	949	882	0.93
Tpa_1443	574	378	0.66
Tpa_1486	4145	482	0.12
Tpa_1515	349	296	0.85
Tpa_1528	210	142	0.68
Tpa_1542	7463	1153	0.15
Tpa_1548	7690	1440	0.19
Tpa_1550	1906	1166	0.61
Tpa_1585	5695	5061	0.89
Tpa_1593	1371	755	0.55
Tpa_1606	457311	2317	0.01
Tpa_1638	982	600	0.61
Tpa_1646	32390	2438	0.08
Tpa_1662	6671	883	0.13
Tpa_1678	1829	1762	0.96
Tpa_1689	698	614	0.88
Tpa_1703	1277	3	0.00
Tpa_1731	6081	3656	0.60
Tpa_1774	1596	618	0.39
Tpa_1775	27846	934	0.03
Tpa_1818	2795	466	0.17
Tpa_1831	2052	2014	0.98
Tpa_1832	1130	1107	0.98
Tpa_1843	12107	1977	0.16
Tpa_1891	2131	2073	0.97
Tpa_1896	1230	860	0.70
Tpa_1917	1051	917	0.87
Tpa_1930	2715	1695	0.62
Tpa_1966	943	517	0.55
Tpa_2006	913	850	0.93
Tpa_2010	2483	2240	0.90
Tpa_2021	3673	674	0.18
Tpa_2034	2007	1919	0.96
Tpa_2040	3222	1976	0.61
Tpa_2041	55384	1400	0.03
Tpa_2073	702	387	0.55
Tpa_2076	33834	728	0.02
Tpa_2096	1762	1724	0.98
Tpa_2128	2911	2384	0.82
Tpa_2157	2154	2069	0.96
Tpa_2180	5399	901	0.17
Tpa_2194	936	900	0.96
Tpa_2207	2703	2655	0.98
Tpa_2254	4004	2198	0.55
Tpa_2278	2987	2866	0.96
Tpa_2334	6139	8	0.00
Tpa_2344	2872	2022	0.70
Tpa_2353	1477	1415	0.96
Tpa_2368	5263	1407	0.27
Tpa_2412	11150	1544	0.14
Tpa_2417	2175	521	0.24
Tpa_2453	3078	1	0.00
Tpa_2458	2872	1223	0.43
Tpa_2460	109102	1477	0.01
Tpa_2470	1889	427	0.23
Tpa_2483	2313	1457	0.63
Tpa_2498	2429	616	0.25
Tpa_2509	1325	1245	0.94
Tpa_2518	541	463	0.86
Tpa_2519	416	313	0.75
Tpa_2523	446	349	0.78
Tpa_2581	3976	3565	0.90
Tpa_2601	5264	5134	0.98
Tpa_2608	4237	2565	0.61
Tpa_2636	66929	416	0.01
Tpa_2639	6799	930	0.14
Tpa_2664	889	712	0.80
Tpa_2702	810	594	0.73
Tpa_2712	1298	1038	0.80
Tpa_2734	4577	3456	0.76
Tpa_2741	2292	184	0.08
Tpa_2745	3679	2937	0.80
Tpa_2763	3413	3364	0.99
Tpa_2845	71	54	0.76
Tpa_2854	15880	1053	0.07
Tpa_2856	1738	1294	0.74
Tpa_2861	2918	2075	0.71
Tpa_2868	1219	906	0.74
Tpa_2900	1041	918	0.88
Tpa_2907	17957	1806	0.10
Tpa_2961	2198	1629	0.74
Tpa_2970	1082	633	0.59
Tpa_3004	2250	836	0.37
Tpa_3011	3643	1637	0.45
Tpa_3018	0	0	NA
Tpa_3047	1895	899	0.47
Tpa_3055	23716	3009	0.13
Tpa_3063	1435	161	0.11
Tpa_3129	1451	1398	0.96
Tpa_3149	2025	1966	0.97
Tpa_3193	29	7	0.24
Tpa_3197	2106	1897	0.90
Tpa_3200	1463	1385	0.95
Tpa_3248	835	809	0.97
Tpa_3254	2356	1587	0.67
Tpa_3262	5294	3124	0.59
Tpa_3263	79219	317	0.00
Tpa_3310	16419	1500	0.09
Tpa_3347	460	128	0.28
Tpa_3354	597	561	0.94
Tpa_3364	2915	2314	0.79
Tpa_3385	2124	1448	0.68
Tpa_3439	1456	1003	0.69
Tpa_3502	73	51	0.70
Tpa_3561	227	97	0.43
Tpa_3569	796	783	0.98
Tpa_3583	1062	862	0.81
Tpa_3616	3555	2646	0.74
Tpa_3674	8028	7153	0.89
Tpa_3676	983	801	0.81
Tpa_3679	818	80	0.10
Tpa_3684	43947	36	0.00
Tpa_3705	5508	1970	0.36
Tpa_3723	185	125	0.68
Tpa_3737	8983	342	0.04
Tpa_3745	4984	4515	0.91
Tpa_3795	7850	3727	0.47
Tpa_3846	12231	799	0.07
Tpa_3862	1252	239	0.19
Tpa_3871	1555	1395	0.90
Tpa_3879	4111	3905	0.95
Tpa_3905	2078	1156	0.56
Tpa_3926	353873	1665	0.00
Tpa_3937	1282	1247	0.97
Tpa_3962	3294	3169	0.96
Tpa_3974	756	671	0.89
Tpa_4020	2161	1611	0.75
Tpa_4021	2091	1883	0.90
Tpa_4022	5244	5083	0.97
Tpa_4055	48786	311	0.01
Tpa_4077	125587	1454	0.01
Tpa_4120	6654	4547	0.68
Tpa_4126	1746	1387	0.79
Tpa_4137	2686	2150	0.80
Tpa_4148	2845	775	0.27
Tpa_4168	6117	1173	0.19
Tpa_4176	12086	358	0.03
Tpa_4178	4022	1458	0.36
Tpa_4209	2441	831	0.34
Tpa_4221	11173	57	0.01
Tpa_4230	7189	805	0.11
Tpa_4245	1826	79	0.04
Tpa_4246	5812	2425	0.42
Tpa_4247	1153	1029	0.89
Tpa_4268	30580	29884	0.98
Tpa_4291	5315	4594	0.86
Tpa_4295	1023	986	0.96
Tpa_4310	3111	2348	0.75
Tpa_4316	5948	3100	0.52
Tpa_4353	15900	4197	0.26
Tpa_4356	6967	5819	0.84
Tpa_4380	1192	1033	0.87
Tpa_4384	2548	2391	0.94
Tpa_4394	4656	3235	0.69
Tpa_4416	2764	2602	0.94
Tpa_4425	1010	766	0.76
Tpa_4443	2120	1914	0.90
Tpa_4454	1756	1234	0.70
Tpa_4467	2823	859	0.30
Tpa_4495	246	238	0.97
Tpa_4506	3094	333	0.11
Tpa_4511	1456	126	0.09
Tpa_4549	6797	663	0.10
Tpa_4556	576	390	0.68
Tpa_4569	3164	2311	0.73
Tpa_4582	1039	866	0.83
Tpa_4590	3543	2325	0.66
Tpa_4591	7918	426	0.05
Tpa_4592	21346	1900	0.09
Tpa_4593	1534	754	0.49
Tpa_4595	1260	521	0.41
Tpa_4599	9266	5434	0.59
Tpa_4633	413	311	0.75
Tpa_4637	756	243	0.32
Tpa_4668	572	374	0.65
Tpa_4678	13017	3497	0.27
Tpa_4697	1136	1095	0.96
Tpa_4713	1312	1262	0.96
Tpa_4731	40198	477	0.01
Tpa_4747	1182	756	0.64
Tpa_4749	1104	544	0.49
Tpa_4804	23779	1842	0.08
Tpa_4849	7828	854	0.11
Tpa_4885	1761	605	0.34
Tpa_4886	4324	490	0.11
Tpa_4900	1334	1233	0.92
Tpa_4920	38198	36	0.00
Tpa_4928	1348	882	0.65
Tpa_4936	1531	874	0.57
Tpa_4985	7289	1630	0.22
Tpa_5002	800	774	0.97
Tpa_5015	2212	112	0.05
Tpa_5022	987	934	0.95
Tpa_5057	2276	1696	0.75
Tpa_5075	1873	1751	0.93
Tpa_5104	2125	1994	0.94
Tpa_5106	964	852	0.88
Tpa_5118	3000	126	0.04
Tpa_5138	3023	2888	0.96
Tpa_5144	2900	1539	0.53
Tpa_5167	2837	1392	0.49
Tpa_5196	1453	1173	0.81
Tpa_5205	3285	1703	0.52
Tpa_5206	16910	403	0.02
Tpa_5218	1048	997	0.95
Tpa_5222	1265	641	0.51
Tpa_5228	1131	605	0.53
Tpa_5241	1645	1596	0.97
Tpa_5242	2182	2097	0.96
Tpa_5244	3595	3489	0.97
Tpa_5249	2201	2083	0.95
Tpa_5270	165	118	0.72
Tpa_5278	1182	1144	0.97
Tpa_5279	1315	1170	0.89
Tpa_5292	3529	2873	0.81
Tpa_5298	22805	3381	0.15
Tpa_5327	8666	2668	0.31
Tpa_5360	1027	487	0.47
Tpa_5361	1891	1513	0.80
Tpa_5373	1566	1412	0.90
Tpa_5379	26399	7398	0.28
Tpa_5382	5624	4626	0.82
Tpa_5418	3649	2984	0.82
Tpa_5441	7353	1554	0.21
Tpa_5445	2071	1965	0.95
Tpa_5446	1601	1099	0.69
Tpa_5454	14812	1911	0.13
Tpa_5471	17362	6712	0.39
Tpa_5485	1682	408	0.24
Tpa_5501	1422	1252	0.88
Tpa_5525	6478	4702	0.73
Tpa_5538	378	341	0.90
Tpa_5540	1939	1748	0.90
Tpa_5542	666	516	0.77
Tpa_5563	974	880	0.90
Tpa_5565	13907	12701	0.91
Tpa_5570	1178	968	0.82
Tpa_5574	1177	435	0.37
Tpa_5588	1596	1333	0.84
Tpa_5594	906	867	0.96
Tpa_5601	7863	3183	0.40
Tpa_5609	569	457	0.80
Tpa_5623	3808	3567	0.94
Tpa_5636	3845	659	0.17
Tpa_5651	1498	1166	0.78
Tpa_5679	2584	587	0.23
Tpa_5741	6470	157	0.02
Tpa_5761	1939	1893	0.98
Tpa_5774	8219	5492	0.67
Tpa_5795	491595	39	0.00
Tpa_5796	4061	2957	0.73
Tpa_5823	26608	4281	0.16
Tpa_5827	2693	1586	0.59
Tpa_5829	2193	2117	0.97
Tpa_5838	4713	4501	0.96
Tpa_5854	1081	5	0.00
Tpa_5856	2428	1903	0.78
Tpa_5863	1293	1252	0.97
Tpa_5868	1657	483	0.29
Tpa_5878	9596	2383	0.25
Tpa_5913	4590	4050	0.88
Tpa_5917	5437	5020	0.92
Tpa_5942	303	271	0.89
Tpa_5951	809	748	0.92
Tpa_5961	4499	141	0.03
Tpa_5978	3327	613	0.18
Tpa_5980	2141	2060	0.96
Tpa_6016	1471	1013	0.69
Tpa_6076	25737	2222	0.09
Tpa_6083	3737	2998	0.80
Tpa_6137	2925	1087	0.37
Tpa_6139	7475	2674	0.36
Tpa_6150	451	387	0.86
Tpa_6158	3673	2965	0.81
Tpa_6169	4525	3930	0.87
Tpa_6172	5905	1926	0.33
Tpa_6204	656	36	0.05
Tpa_6220	5623	5280	0.94
Tpa_6222	2280	1895	0.83
Tpa_6224	1429	1370	0.96
Tpa_6265	2264	90	0.04
Tpa_6270	2343	1445	0.62
Tpa_6321	2824	476	0.17
Tpa_6352	280	34	0.12
Tpa_6355	63031	565	0.01
Tpa_6384	4901	136	0.03
Tpa_6385	6581	893	0.14
Tpa_6388	755	610	0.81
Tpa_6391	8774	2677	0.31
Tpa_6411	4742	54	0.01
Tpa_6422	10154	1975	0.19
Tpa_6442	7818	5922	0.76
Tpa_6449	2813	168	0.06
Tpa_6451	5554	199	0.04
Tpa_6453	1831	1775	0.97
Tpa_6487	24420	1236	0.05
Tpa_6493	1485	526	0.35
Tpa_6511	86917	70884	0.82
Tpa_6543	32574	1433	0.04
Tpa_6562	12336	701	0.06
Tpa_6565	4849	4323	0.89
Tpa_6586	1870	826	0.44
Tpa_6591	597	562	0.94
Tpa_6604	153	90	0.59
Tpa_6611	1996	180	0.09
Tpa_6630	7233	2780	0.38
Tpa_6654	319	246	0.77
Tpa_6683	285	191	0.67
Tpa_6687	783	728	0.93
Tpa_6713	1440	881	0.61
Tpa_6733	1229	1173	0.95
Tpa_6768	2364	2281	0.96
Tpa_6773	3663	2838	0.77
Tpa_6774	7263	3406	0.47
Tpa_6786	2013	1629	0.81
Tpa_6814	4129	2891	0.70
Tpa_6816	1664	1524	0.92
Tpa_6853	130380	1620	0.01
Tpa_6887	2512	1317	0.52
Tpa_6922	11157	1068	0.10
Tpa_6937	6728	5223	0.78
Tpa_6963	4413	4227	0.96
Tpa_6973	4623	4451	0.96
Tpa_7007	1571	459	0.29
Tpa_7010	4879	4588	0.94
Tpa_7018	3500	1553	0.44
Tpa_7052	1043	967	0.93
Tpa_7058	2633	2252	0.86
Tpa_7062	2521	1709	0.68
Tpa_7080	2562	2433	0.95
Tpa_7082	1463	1409	0.96
Tpa_7090	2317	2170	0.94
Tpa_7153	309	203	0.66
Tpa_7157	1390	1307	0.94
Tpa_7201	10712	6334	0.59
Tpa_7204	2383	1601	0.67
Tpa_7210	25267	1731	0.07
Tpa_7213	9794	6819	0.70
Tpa_7221	1502	1326	0.88
Tpa_7240	3497	977	0.28
Tpa_7289	1191	1128	0.95
Tpa_7291	98792	1177	0.01
Tpa_7293	23874	680	0.03
Tpa_7331	97	19	0.20
Tpa_7348	530543	1371	0.00
Tpa_7352	2679	21	0.01
Tpa_7367	4031	3832	0.95
Tpa_7375	3795	2066	0.54
Tpa_7406	1955	19	0.01
Tpa_7413	1057	965	0.91
Tpa_7417	3852	3759	0.98
Tpa_7425	1865	1375	0.74
Tpa_7447	341	66	0.19
Tpa_7450	2255	7	0.00
Tpa_7452	5111	1884	0.37
Tpa_7454	1604	1004	0.63
Tpa_7461	40303	3180	0.08
Tpa_7477	4406	4257	0.97
Tpa_7479	7647	7222	0.94
Tpa_7483	5785	5530	0.96
Tpa_7495	1223	1016	0.83
Tpa_7533	5100	4895	0.96
Tpa_7540	2080	1870	0.90
Tpa_7553	4378	3426	0.78
Tpa_7560	2647	1722	0.65
Tpa_7566	10667	10487	0.98
Tpa_7567	4321	2278	0.53
Tpa_7571	10375	5658	0.55
Tpa_7586	20039	19660	0.98
Tpa_7594	38564	37219	0.97
Tpa_7597	7631	7497	0.98
Tpa_7601	14346	1	0.00
Tpa_7604	23208	14907	0.64
Tpa_7605	6677	4714	0.71
Tpa_7615	2318	2225	0.96
Tpa_7652	11023	10260	0.93
Tpa_7653	16933	11036	0.65
Tpa_7657	5781	5363	0.93
Tpa_7665	138	6	0.04
Tpa_7686	11840	11420	0.96
Tpa_7690	19370	15821	0.82
Tpa_7691	1914	718	0.38
Tpa_7703	257784	10179	0.04
Tpa_7757	1199	22	0.02
Tpa_7764	8008	2799	0.35
Tpa_7765	4239	1159	0.27
Tpa_7769	397	286	0.72
Tpa_7772	3412	3	0.00
Tpa_7798	51435	4278	0.08
Tpa_7799	2267	1051	0.46
Tpa_7805	1018	991	0.97
Tpa_7807	3921	1353	0.35
Tpa_7814	3917	2407	0.61
Tpa_7825	4784	4159	0.87
Tpa_7848	980	253	0.26
Tpa_7910	2015	1471	0.73
