Locus_ID	AvgReadDepth	GenotypeRate	minAF	majAF	alleles	allFreqs	conScore
1	Tpa_0010_1	10.8333333333333	0.463157894736842	0.261363636363636	0.738636363636364	A,G	0.74,0.26	0
2	Tpa_0012_1	27.2898550724638	0.494736842105263	0	1	C,A	0,1	NA
3	Tpa_0024_1	1.71428571428571	0.0105263157894737	0.5	0.5	A,C	0.5,0.5	0
4	Tpa_0035_1	18.9137931034483	0.389473684210526	0.0405405405405405	0.959459459459459	T,C	0.04,0.96	0.333333333333333
5	Tpa_0037_1	5.45454545454545	0.284210526315789	0.333333333333333	0.666666666666667	A,C	0.67,0.33	0.0714285714285714
6	Tpa_0095_1	42.9733333333333	0.547368421052632	0.0480769230769231	0.951923076923077	G,A	0.05,0.95	0
7	Tpa_0151_1	125.329545454545	0.810526315789474	0.0454545454545455	0.954545454545455	G,A	0.05,0.95	0
8	Tpa_0183_1	87.7333333333333	0.778947368421053	0.209459459459459	0.790540540540541	C,A	0.79,0.21	0.0869565217391304
9	Tpa_0186_1	15.6666666666667	0.431578947368421	0.0731707317073171	0.926829268292683	C,A	0.07,0.93	0
10	Tpa_0215_1	1	0	NA	NA	A,C	NaN,NaN	NA
11	Tpa_0226_1	6.56451612903226	0.294736842105263	0.178571428571429	0.821428571428571	C,A	0.18,0.82	0
12	Tpa_0228_1	5.95454545454545	0.2	0.105263157894737	0.894736842105263	T,A	0.11,0.89	0
13	Tpa_0263_1	29.7123287671233	0.494736842105263	0.25531914893617	0.74468085106383	C,G	0.26,0.74	0.0625
14	Tpa_0269_1	11.5593220338983	0.326315789473684	0.241935483870968	0.758064516129032	G,A	0.24,0.76	0
15	Tpa_0272_1	2.26315789473684	0.0315789473684211	0.5	0.5	A,C	0.5,0.5	0
16	Tpa_0301_1	99.0487804878049	0.715789473684211	0.0147058823529412	0.985294117647059	G,T	0.99,0.01	0.5
17	Tpa_0342_1	30.7083333333333	0.463157894736842	0.261363636363636	0.738636363636364	C,T	0.74,0.26	0.0588235294117647
18	Tpa_0346_1	36.9444444444444	0.557894736842105	0.0849056603773585	0.915094339622642	A,C	0.92,0.08	0
19	Tpa_0358_1	22.5967741935484	0.431578947368421	0.0731707317073171	0.926829268292683	A,C	0.93,0.07	0
20	Tpa_0366_1	12.8	0.273684210526316	0.0576923076923077	0.942307692307692	T,C	0.94,0.06	0
21	Tpa_0367_1	22.7083333333333	0.4	0.0394736842105263	0.960526315789474	C,T	0.96,0.04	0
22	Tpa_0371_1	22.53125	0.357894736842105	0.0441176470588235	0.955882352941177	C,T	0.96,0.04	0
23	Tpa_0395_1	26.047619047619	0.389473684210526	0	1	G,A	0,1	NA
24	Tpa_0409_1	15.7083333333333	0.252631578947368	0.1875	0.8125	T,C	0.81,0.19	0
25	Tpa_0427_1	22.5352112676056	0.547368421052632	0.403846153846154	0.596153846153846	C,T	0.6,0.4	0.0454545454545455
26	Tpa_0429_1	12.9180327868852	0.357894736842105	0	1	G,C	0,1	NA
27	Tpa_0438_1	7.15789473684211	0.263157894736842	0.06	0.94	A,C	0.06,0.94	0
28	Tpa_0439_1	41.7407407407407	0.610526315789474	0.21551724137931	0.78448275862069	G,C	0.78,0.22	0
29	Tpa_0474_1	2.44	0.0421052631578947	0.125	0.875	A,T	0.88,0.12	0
30	Tpa_0492_1	18.0769230769231	0.263157894736842	0	1	C,G	1,0	NA
31	Tpa_0500_1	32.2948717948718	0.568421052631579	0.138888888888889	0.861111111111111	A,C	0.86,0.14	0.153846153846154
32	Tpa_0540_1	19.5657894736842	0.578947368421053	0.209090909090909	0.790909090909091	G,C	0.21,0.79	0.0476190476190476
33	Tpa_0547_1	22.0740740740741	0.273684210526316	0.0769230769230769	0.923076923076923	G,A	0.08,0.92	0
34	Tpa_0556_1	33.2571428571429	0.484210526315789	0.0108695652173913	0.989130434782609	C,T	0.99,0.01	0
35	Tpa_0569_1	18.25	0.294736842105263	0.357142857142857	0.642857142857143	A,G	0.64,0.36	0.0714285714285714
36	Tpa_0592_1	46.2405063291139	0.684210526315789	0.0615384615384615	0.938461538461538	A,G	0.94,0.06	0.125
37	Tpa_0650_1	11.8947368421053	0.284210526315789	0.0740740740740741	0.925925925925926	G,A	0.07,0.93	0
38	Tpa_0671_1	14.0232558139535	0.105263157894737	0.05	0.95	C,G	0.95,0.05	0
39	Tpa_0678_1	2.89655172413793	0.0631578947368421	0.166666666666667	0.833333333333333	G,A	0.17,0.83	0
40	Tpa_0730_1	20.40625	0.368421052631579	0.285714285714286	0.714285714285714	G,C	0.29,0.71	0
41	Tpa_0743_1	23.6142857142857	0.505263157894737	0	1	C,A	0,1	NA
42	Tpa_0763_1	7.2962962962963	0.126315789473684	0.125	0.875	C,A	0.12,0.88	0
43	Tpa_0768_1	6.08064516129032	0.357894736842105	0.0147058823529412	0.985294117647059	G,A	0.01,0.99	0
44	Tpa_0826_1	10.3333333333333	0.315789473684211	0.0666666666666667	0.933333333333333	G,C	0.07,0.93	0
45	Tpa_0866_1	86.2558139534884	0.757894736842105	0.0763888888888889	0.923611111111111	C,T	0.92,0.08	0.2
46	Tpa_0868_1	2.71428571428571	0.0526315789473684	0.2	0.8	A,T	0.8,0.2	0
47	Tpa_0882_1	4.53488372093023	0.147368421052632	0.25	0.75	A,T	0.75,0.25	0
48	Tpa_0888_1	15.3898305084746	0.305263157894737	0.0344827586206897	0.96551724137931	G,A	0.03,0.97	0
49	Tpa_0895_1	28.9305555555556	0.410526315789474	0	1	G,A	0,1	NA
50	Tpa_0905_1	14.9444444444444	0.305263157894737	0.172413793103448	0.827586206896552	T,C	0.83,0.17	0
51	Tpa_0912_1	3.02173913043478	0.0947368421052632	0	1	C,A	0,1	NA
52	Tpa_0929_1	9	0.0631578947368421	0	1	G,A	0,1	NA
53	Tpa_0936_1	16.3921568627451	0.263157894736842	0	1	C,T	1,0	NA
54	Tpa_0953_1	56.8641975308642	0.631578947368421	0.0416666666666667	0.958333333333333	C,T	0.96,0.04	0
55	Tpa_0970_1	2	0.0105263157894737	0	1	A,C	1,0	NA
56	Tpa_0973_1	2	0.0210526315789474	0	1	T,G	0,1	NA
57	Tpa_0979_1	18.703125	0.336842105263158	0.078125	0.921875	C,G	0.92,0.08	0
58	Tpa_1007_1	47.3375	0.673684210526316	0.390625	0.609375	T,C	0.61,0.39	0.0294117647058824
59	Tpa_1022_1	14.5625	0.2	0.0789473684210526	0.921052631578947	G,A	0.08,0.92	0
60	Tpa_1042_1	35.986301369863	0.505263157894737	0.0104166666666667	0.989583333333333	G,A	0.01,0.99	0
61	Tpa_1071_1	24.8833333333333	0.410526315789474	0.166666666666667	0.833333333333333	A,C	0.83,0.17	0
62	Tpa_1077_1	10.6296296296296	0.189473684210526	0.194444444444444	0.805555555555556	C,T	0.81,0.19	0
63	Tpa_1082_1	71.0930232558139	0.736842105263158	0.0857142857142857	0.914285714285714	C,T	0.91,0.09	0
64	Tpa_1098_1	6.26086956521739	0.0421052631578947	0.125	0.875	A,C	0.88,0.12	1
65	Tpa_1112_1	17.8235294117647	0.221052631578947	0.0476190476190476	0.952380952380952	G,A	0.05,0.95	0
66	Tpa_1136_1	1	0	NA	NA	T,G	NaN,NaN	NA
67	Tpa_1144_1	8.66666666666667	0.178947368421053	0.147058823529412	0.852941176470588	G,T	0.85,0.15	0
68	Tpa_1154_1	9.3	0.221052631578947	0.142857142857143	0.857142857142857	C,T	0.14,0.86	0
69	Tpa_1156_1	2.46153846153846	0.0526315789473684	0	1	G,A	0,1	NA
70	Tpa_1187_1	16.1076923076923	0.431578947368421	0.0731707317073171	0.926829268292683	C,T	0.93,0.07	0
71	Tpa_1268_1	6.06521739130435	0.126315789473684	0	1	T,A	0,1	NA
72	Tpa_1290_1	17.258064516129	0.305263157894737	0.137931034482759	0.862068965517241	C,T	0.86,0.14	0
73	Tpa_1304_1	39.0921052631579	0.557894736842105	0.188679245283019	0.811320754716981	A,G	0.19,0.81	0
74	Tpa_1305_1	1	0	NA	NA	A,T	NaN,NaN	NA
75	Tpa_1310_1	21.328125	0.336842105263158	0.03125	0.96875	C,T	0.97,0.03	0
76	Tpa_1312_1	72.4698795180723	0.663157894736842	0.0317460317460317	0.968253968253968	C,T	0.97,0.03	0.25
77	Tpa_1320_1	27.5	0.115789473684211	0	1	T,C	0,1	NA
78	Tpa_1341_1	16.7894736842105	0.263157894736842	0.12	0.88	C,T	0.88,0.12	0
79	Tpa_1357_1	33.0735294117647	0.4	0.0526315789473684	0.947368421052632	G,C	0.05,0.95	0
80	Tpa_1359_1	12.6904761904762	0.631578947368421	0.0416666666666667	0.958333333333333	A,G	0.96,0.04	0
81	Tpa_1394_1	14	0.410526315789474	0.141025641025641	0.858974358974359	G,A	0.14,0.86	0
82	Tpa_1443_1	8.59090909090909	0.221052631578947	0.428571428571429	0.571428571428571	A,G	0.43,0.57	0
83	Tpa_1486_1	11.7560975609756	0.178947368421053	0.0588235294117647	0.941176470588235	T,C	0.06,0.94	0
84	Tpa_1515_1	5.69230769230769	0.242105263157895	0.347826086956522	0.652173913043478	A,C	0.65,0.35	0
85	Tpa_1528_1	3.64102564102564	0.0947368421052632	0.222222222222222	0.777777777777778	G,T	0.78,0.22	0
86	Tpa_1542_1	18.9016393442623	0.305263157894737	0.0689655172413793	0.931034482758621	C,G	0.93,0.07	0
87	Tpa_1548_1	22.1538461538462	0.421052631578947	0.2125	0.7875	T,G	0.21,0.79	0
88	Tpa_1550_1	18.21875	0.410526315789474	0.0769230769230769	0.923076923076923	C,G	0.92,0.08	NA
89	Tpa_1585_1	60.25	0.663157894736842	0.126984126984127	0.873015873015873	T,C	0.87,0.13	0.0833333333333333
90	Tpa_1593_1	12.3770491803279	0.357894736842105	0.205882352941176	0.794117647058823	G,A	0.21,0.79	0.0714285714285714
91	Tpa_1606_1	30.8933333333333	0.526315789473684	0.07	0.93	T,G	0.07,0.93	0
92	Tpa_1638_1	10.7142857142857	0.178947368421053	0.0882352941176471	0.911764705882353	C,G	0.91,0.09	0
93	Tpa_1646_1	39.9672131147541	0.305263157894737	0.0172413793103448	0.982758620689655	C,T	0.98,0.02	0
94	Tpa_1662_1	16.0545454545455	0.294736842105263	0.125	0.875	G,A	0.12,0.88	0
95	Tpa_1678_1	24.8169014084507	0.378947368421053	0.0416666666666667	0.958333333333333	C,T	0.96,0.04	0
96	Tpa_1689_1	13.3478260869565	0.136842105263158	0.0769230769230769	0.923076923076923	C,T	0.92,0.08	NA
97	Tpa_1703_1	1	0	NA	NA	A,G	NaN,NaN	NA
98	Tpa_1731_1	48.1052631578947	0.568421052631579	0.00925925925925926	0.990740740740741	C,A	0.01,0.99	0
99	Tpa_1774_1	13.7333333333333	0.168421052631579	0.03125	0.96875	C,T	0.97,0.03	0
100	Tpa_1775_1	22.780487804878	0.305263157894737	0.224137931034483	0.775862068965517	C,T	0.78,0.22	0
101	Tpa_1818_1	8.62962962962963	0.2	0.342105263157895	0.657894736842105	G,A	0.66,0.34	0
102	Tpa_1831_1	25.493670886076	0.589473684210526	0.0625	0.9375	G,T	0.94,0.06	0
103	Tpa_1832_1	16.2794117647059	0.463157894736842	0.0340909090909091	0.965909090909091	A,G	0.97,0.03	0
104	Tpa_1843_1	28.6521739130435	0.473684210526316	0.0555555555555556	0.944444444444444	C,T	0.94,0.06	0
105	Tpa_1891_1	28.3972602739726	0.484210526315789	0.0326086956521739	0.967391304347826	C,A	0.03,0.97	0
106	Tpa_1896_1	14.0983606557377	0.284210526315789	0.0185185185185185	0.981481481481482	A,G	0.02,0.98	0
107	Tpa_1917_1	17.6346153846154	0.273684210526316	0.115384615384615	0.884615384615385	C,T	0.88,0.12	0
108	Tpa_1930_1	27.3387096774194	0.452631578947368	0.267441860465116	0.732558139534884	A,G	0.27,0.73	0
109	Tpa_1966_1	32.3125	0.0842105263157895	0.375	0.625	C,T	0.38,0.62	0
110	Tpa_2006_1	17	0.263157894736842	0.08	0.92	C,T	0.92,0.08	0
111	Tpa_2010_1	29.0909090909091	0.494736842105263	0	1	C,G	1,0	NA
112	Tpa_2021_1	14.3404255319149	0.242105263157895	0.108695652173913	0.891304347826087	C,T	0.89,0.11	0
113	Tpa_2034_1	27.4142857142857	0.431578947368421	0	1	A,T	1,0	NA
114	Tpa_2040_1	27.830985915493	0.421052631578947	0.2	0.8	T,A	0.2,0.8	0
115	Tpa_2041_1	22.2222222222222	0.410526315789474	0.0128205128205128	0.987179487179487	C,A	0.01,0.99	0
116	Tpa_2073_1	8.79545454545454	0.178947368421053	0.176470588235294	0.823529411764706	G,A	0.18,0.82	0
117	Tpa_2076_1	12.7719298245614	0.378947368421053	0.138888888888889	0.861111111111111	C,A	0.14,0.86	0
118	Tpa_2096_1	22.6842105263158	0.515789473684211	0.142857142857143	0.857142857142857	G,A	0.14,0.86	0.0833333333333333
119	Tpa_2128_1	34.5507246376812	0.494736842105263	0.0638297872340425	0.936170212765957	G,T	0.94,0.06	0
120	Tpa_2157_1	29.9855072463768	0.452631578947368	0.0116279069767442	0.988372093023256	A,C	0.99,0.01	0
121	Tpa_2180_1	14.7704918032787	0.378947368421053	0.0555555555555556	0.944444444444444	C,T	0.06,0.94	0
122	Tpa_2194_1	13.8461538461538	0.368421052631579	0.385714285714286	0.614285714285714	A,G	0.61,0.39	0
123	Tpa_2207_1	39.6268656716418	0.442105263157895	0.119047619047619	0.880952380952381	G,T	0.88,0.12	0
124	Tpa_2254_1	35.4516129032258	0.431578947368421	0.170731707317073	0.829268292682927	C,G	0.83,0.17	0.0833333333333333
125	Tpa_2278_1	42.1470588235294	0.505263157894737	0.166666666666667	0.833333333333333	G,A	0.17,0.83	0
126	Tpa_2334_1	2.66666666666667	0.0105263157894737	0	1	C,T	1,0	NA
127	Tpa_2344_1	28.0833333333333	0.484210526315789	0.0652173913043478	0.934782608695652	G,A	0.07,0.93	0
128	Tpa_2353_1	22.109375	0.463157894736842	0.181818181818182	0.818181818181818	C,G	0.82,0.18	0
129	Tpa_2368_1	21.984375	0.4	0	1	A,G	0,1	NA
130	Tpa_2412_1	21.4444444444444	0.505263157894737	0.0520833333333333	0.947916666666667	G,A	0.05,0.95	0
131	Tpa_2417_1	10.0192307692308	0.221052631578947	0.0476190476190476	0.952380952380952	A,G	0.05,0.95	0
132	Tpa_2453_1	1	0	NA	NA	T,C	NaN,NaN	NA
133	Tpa_2458_1	21.8392857142857	0.252631578947368	0.166666666666667	0.833333333333333	C,T	0.83,0.17	0.25
134	Tpa_2460_1	24.2131147540984	0.336842105263158	0	1	G,A	0,1	NA
135	Tpa_2470_1	7.36206896551724	0.273684210526316	0.0576923076923077	0.942307692307692	C,T	0.94,0.06	0
136	Tpa_2483_1	23.5	0.368421052631579	0.114285714285714	0.885714285714286	C,T	0.89,0.11	0.125
137	Tpa_2498_1	16.2105263157895	0.189473684210526	0.138888888888889	0.861111111111111	C,G	0.86,0.14	0
138	Tpa_2509_1	19.7619047619048	0.357894736842105	0.294117647058824	0.705882352941177	C,T	0.71,0.29	0
139	Tpa_2518_1	8.12280701754386	0.242105263157895	0.217391304347826	0.782608695652174	T,C	0.22,0.78	0
140	Tpa_2519_1	6.52083333333333	0.189473684210526	0.0277777777777778	0.972222222222222	A,T	0.97,0.03	0
141	Tpa_2523_1	8.11627906976744	0.147368421052632	0	1	A,G	1,0	NA
142	Tpa_2581_1	44.5625	0.6	0.175438596491228	0.824561403508772	T,C	0.18,0.82	0.214285714285714
143	Tpa_2601_1	61.1190476190476	0.694736842105263	0.424242424242424	0.575757575757576	T,C	0.58,0.42	0.09375
144	Tpa_2608_1	32.4683544303797	0.547368421052632	0.182692307692308	0.817307692307692	A,C	0.82,0.18	0.0526315789473684
145	Tpa_2636_1	7.7037037037037	0.242105263157895	0	1	A,T	1,0	NA
146	Tpa_2639_1	17.2222222222222	0.242105263157895	0.0434782608695652	0.956521739130435	G,A	0.04,0.96	0
147	Tpa_2664_1	13.9607843137255	0.242105263157895	0.0217391304347826	0.978260869565217	C,T	0.98,0.02	0
148	Tpa_2702_1	15.2307692307692	0.189473684210526	0	1	C,T	1,0	NA
149	Tpa_2712_1	16.4761904761905	0.315789473684211	0.0166666666666667	0.983333333333333	G,A	0.02,0.98	0
150	Tpa_2734_1	43.2	0.6	0.166666666666667	0.833333333333333	T,G	0.83,0.17	0.307692307692308
151	Tpa_2741_1	6.3448275862069	0.0526315789473684	0.5	0.5	A,C	0.5,0.5	0
152	Tpa_2745_1	40.2328767123288	0.547368421052632	0.105769230769231	0.894230769230769	G,A	0.89,0.11	0
153	Tpa_2763_1	46.7222222222222	0.557894736842105	0.0283018867924528	0.971698113207547	A,T	0.97,0.03	0
154	Tpa_2845_1	2.57142857142857	0.0315789473684211	0	1	T,G	0,1	NA
155	Tpa_2854_1	16.7142857142857	0.389473684210526	0.162162162162162	0.837837837837838	C,T	0.84,0.16	0
156	Tpa_2856_1	16.379746835443	0.578947368421053	0.245454545454545	0.754545454545455	C,T	0.75,0.25	0
157	Tpa_2861_1	29.6428571428571	0.473684210526316	0.0222222222222222	0.977777777777778	G,A	0.02,0.98	0
158	Tpa_2868_1	17.4230769230769	0.326315789473684	0.032258064516129	0.967741935483871	C,T	0.97,0.03	0
159	Tpa_2900_1	16.3928571428571	0.273684210526316	0.0576923076923077	0.942307692307692	G,A	0.06,0.94	0
160	Tpa_2907_1	30.1	0.410526315789474	0.230769230769231	0.769230769230769	T,C	0.23,0.77	0
161	Tpa_2961_1	23.6086956521739	0.452631578947368	0	1	A,G	1,0	NA
162	Tpa_2970_1	11.1052631578947	0.252631578947368	0.104166666666667	0.895833333333333	C,T	0.9,0.1	0
163	Tpa_3004_1	15.4814814814815	0.263157894736842	0.16	0.84	A,G	0.16,0.84	0
164	Tpa_3011_1	25.984126984127	0.357894736842105	0.0441176470588235	0.955882352941177	G,A	0.04,0.96	0
165	Tpa_3018_1	NA	0	NA	NA	G,T	NaN,NaN	NA
166	Tpa_3047_1	17.6274509803922	0.189473684210526	0	1	C,G	1,0	NA
167	Tpa_3055_1	39.5921052631579	0.557894736842105	0.0283018867924528	0.971698113207547	T,C	0.97,0.03	0
168	Tpa_3063_1	4.12820512820513	0.0736842105263158	0.285714285714286	0.714285714285714	A,T	0.71,0.29	0
169	Tpa_3129_1	25.4181818181818	0.378947368421053	0.0416666666666667	0.958333333333333	G,A	0.04,0.96	0
170	Tpa_3149_1	26.9315068493151	0.442105263157895	0.107142857142857	0.892857142857143	A,G	0.89,0.11	0
171	Tpa_3193_1	1.4	0.0105263157894737	0	1	G,C	0,1	NA
172	Tpa_3197_1	29.1846153846154	0.389473684210526	0.0540540540540541	0.945945945945946	T,C	0.05,0.95	0
173	Tpa_3200_1	22.3387096774194	0.357894736842105	0.117647058823529	0.882352941176471	C,T	0.88,0.12	0
174	Tpa_3248_1	20.4081632653061	0.389473684210526	0.297297297297297	0.702702702702703	C,T	0.3,0.7	0
175	Tpa_3254_1	20.8815789473684	0.505263157894737	0.03125	0.96875	G,T	0.97,0.03	0
176	Tpa_3262_1	40.5714285714286	0.610526315789474	0.241379310344828	0.758620689655172	G,T	0.76,0.24	0.0454545454545455
177	Tpa_3263_1	5.87037037037037	0.263157894736842	0.12	0.88	A,G	0.88,0.12	0
178	Tpa_3310_1	22.7272727272727	0.389473684210526	0.027027027027027	0.972972972972973	C,T	0.97,0.03	0.5
179	Tpa_3347_1	3.04761904761905	0.0842105263157895	0.25	0.75	C,T	0.75,0.25	0
180	Tpa_3354_1	10.3888888888889	0.315789473684211	0.0666666666666667	0.933333333333333	T,C	0.07,0.93	0
181	Tpa_3364_1	33.0571428571429	0.494736842105263	0.48936170212766	0.51063829787234	A,G	0.49,0.51	0
182	Tpa_3385_1	23.3548387096774	0.347368421052632	0.0454545454545455	0.954545454545455	C,T	0.95,0.05	0.333333333333333
183	Tpa_3439_1	17	0.305263157894737	0.0172413793103448	0.982758620689655	G,T	0.98,0.02	0
184	Tpa_3502_1	4.25	0.0210526315789474	0	1	A,G	1,0	NA
185	Tpa_3561_1	3.23333333333333	0.0526315789473684	0	1	G,A	0,1	NA
186	Tpa_3569_1	13.9821428571429	0.252631578947368	0.125	0.875	G,A	0.12,0.88	0
187	Tpa_3583_1	20.5238095238095	0.178947368421053	0.0294117647058824	0.970588235294118	A,G	0.03,0.97	0
188	Tpa_3616_1	37.8	0.547368421052632	0	1	T,A	0,1	NA
189	Tpa_3674_1	85.1547619047619	0.715789473684211	0.0147058823529412	0.985294117647059	G,A	0.01,0.99	0
190	Tpa_3676_1	13.35	0.421052631578947	0	1	C,T	1,0	NA
191	Tpa_3679_1	2.75862068965517	0.0736842105263158	0.142857142857143	0.857142857142857	C,T	0.86,0.14	0
192	Tpa_3684_1	2.4	0.0210526315789474	0	1	T,C	0,1	NA
193	Tpa_3705_1	24.625	0.589473684210526	0.00892857142857143	0.991071428571429	G,T	0.99,0.01	0
194	Tpa_3723_1	4.16666666666667	0.0947368421052632	0.166666666666667	0.833333333333333	A,G	0.17,0.83	0
195	Tpa_3737_1	6.97959183673469	0.168421052631579	0.03125	0.96875	G,A	0.03,0.97	0
196	Tpa_3745_1	56.4375	0.621052631578947	0.0338983050847458	0.966101694915254	G,A	0.03,0.97	0
197	Tpa_3795_1	49.0394736842105	0.610526315789474	0.181034482758621	0.818965517241379	G,A	0.18,0.82	0
198	Tpa_3846_1	14.5272727272727	0.189473684210526	0.166666666666667	0.833333333333333	C,T	0.83,0.17	0.333333333333333
199	Tpa_3862_1	5.19565217391304	0.231578947368421	0.0681818181818182	0.931818181818182	T,C	0.07,0.93	0
200	Tpa_3871_1	19.9285714285714	0.431578947368421	0.0731707317073171	0.926829268292683	C,T	0.93,0.07	0
201	Tpa_3879_1	49.4303797468354	0.6	0.0614035087719298	0.93859649122807	T,A	0.06,0.94	0
202	Tpa_3905_1	18.6451612903226	0.368421052631579	0.0285714285714286	0.971428571428571	A,C	0.97,0.03	0.5
203	Tpa_3926_1	22.8082191780822	0.515789473684211	0.0408163265306122	0.959183673469388	C,T	0.96,0.04	0
204	Tpa_3937_1	19.7936507936508	0.347368421052632	0.196969696969697	0.803030303030303	G,A	0.2,0.8	0
205	Tpa_3962_1	37.2823529411765	0.663157894736842	0.119047619047619	0.880952380952381	C,G	0.88,0.12	0
206	Tpa_3974_1	11.9821428571429	0.231578947368421	0.318181818181818	0.681818181818182	G,T	0.32,0.68	0.1
207	Tpa_4020_1	25.171875	0.410526315789474	0.128205128205128	0.871794871794872	G,A	0.13,0.87	0
208	Tpa_4021_1	28.9692307692308	0.378947368421053	0.0555555555555556	0.944444444444444	C,T	0.94,0.06	0
209	Tpa_4022_1	64.3417721518987	0.705263157894737	0.305970149253731	0.694029850746269	G,A	0.31,0.69	0.162162162162162
210	Tpa_4055_1	6.3469387755102	0.242105263157895	0.0652173913043478	0.934782608695652	A,C	0.93,0.07	0
211	Tpa_4077_1	24.2333333333333	0.421052631578947	0.0375	0.9625	A,T	0.96,0.04	0
212	Tpa_4120_1	57.5569620253165	0.705263157894737	0.111940298507463	0.888059701492537	C,T	0.89,0.11	0.0666666666666667
213	Tpa_4126_1	19.2638888888889	0.536842105263158	0.107843137254902	0.892156862745098	G,C	0.89,0.11	0
214	Tpa_4137_1	27.9220779220779	0.6	0.0526315789473684	0.947368421052632	C,A	0.05,0.95	0
215	Tpa_4148_1	15.5	0.284210526315789	0.240740740740741	0.759259259259259	A,G	0.24,0.76	0
216	Tpa_4168_1	19.8813559322034	0.378947368421053	0.0694444444444444	0.930555555555556	C,T	0.93,0.07	0
217	Tpa_4176_1	6.62962962962963	0.263157894736842	0	1	C,G	1,0	NA
218	Tpa_4178_1	25.1379310344828	0.336842105263158	0.03125	0.96875	C,T	0.97,0.03	0
219	Tpa_4209_1	15.9807692307692	0.263157894736842	0	1	G,A	0,1	NA
220	Tpa_4221_1	2.47826086956522	0.0421052631578947	0.25	0.75	T,A	0.25,0.75	0
221	Tpa_4230_1	13.6440677966102	0.242105263157895	0.195652173913043	0.804347826086957	C,G	0.8,0.2	0.333333333333333
222	Tpa_4245_1	4.38888888888889	0.0315789473684211	0.166666666666667	0.833333333333333	G,C	0.17,0.83	0
223	Tpa_4246_1	28.5294117647059	0.610526315789474	0	1	T,C	0,1	NA
224	Tpa_4247_1	18.375	0.378947368421053	0.0694444444444444	0.930555555555556	T,A	0.93,0.07	0
225	Tpa_4268_1	324.826086956522	0.936842105263158	0.050561797752809	0.949438202247191	C,G	0.95,0.05	0
226	Tpa_4291_1	59.6623376623377	0.631578947368421	0.05	0.95	C,T	0.95,0.05	0
227	Tpa_4295_1	18.2592592592593	0.336842105263158	0	1	C,A	0,1	NA
228	Tpa_4310_1	32.1643835616438	0.484210526315789	0.0869565217391304	0.91304347826087	G,C	0.91,0.09	0.125
229	Tpa_4316_1	40.2597402597403	0.547368421052632	0.0576923076923077	0.942307692307692	C,T	0.94,0.06	0
230	Tpa_4353_1	59.9571428571429	0.557894736842105	0.00943396226415094	0.990566037735849	G,A	0.01,0.99	0
231	Tpa_4356_1	66.8850574712644	0.652631578947368	0.0806451612903226	0.919354838709677	C,T	0.92,0.08	0.1
232	Tpa_4380_1	18.7818181818182	0.294736842105263	0.0357142857142857	0.964285714285714	G,T	0.96,0.04	0
233	Tpa_4384_1	32.3108108108108	0.494736842105263	0.0425531914893617	0.957446808510638	G,A	0.04,0.96	0
234	Tpa_4394_1	44.3150684931507	0.557894736842105	0.0188679245283019	0.981132075471698	C,T	0.98,0.02	0
235	Tpa_4416_1	34.6933333333333	0.6	0.043859649122807	0.956140350877193	G,A	0.04,0.96	0
236	Tpa_4425_1	13.6785714285714	0.284210526315789	0.222222222222222	0.777777777777778	G,A	0.22,0.78	0
237	Tpa_4443_1	26.5833333333333	0.505263157894737	0	1	C,T	1,0	NA
238	Tpa_4454_1	16.9041095890411	0.505263157894737	0.0416666666666667	0.958333333333333	G,A	0.04,0.96	0
239	Tpa_4467_1	15.0701754385965	0.284210526315789	0.148148148148148	0.851851851851852	G,C	0.15,0.85	0
240	Tpa_4495_1	6.1025641025641	0.147368421052632	0.285714285714286	0.714285714285714	T,C	0.29,0.71	0
241	Tpa_4506_1	7.56818181818182	0.178947368421053	0	1	C,G	1,0	NA
242	Tpa_4511_1	5.04	0.0526315789473684	0	1	G,A	0,1	NA
243	Tpa_4549_1	14.4130434782609	0.2	0.184210526315789	0.815789473684211	A,G	0.82,0.18	0
244	Tpa_4556_1	8.29787234042553	0.189473684210526	0.0555555555555556	0.944444444444444	A,C	0.94,0.06	0
245	Tpa_4569_1	33.0142857142857	0.484210526315789	0.293478260869565	0.706521739130435	A,C	0.71,0.29	0
246	Tpa_4582_1	15.1929824561404	0.357894736842105	0.132352941176471	0.867647058823529	A,T	0.87,0.13	0.142857142857143
247	Tpa_4590_1	31.8493150684932	0.515789473684211	0.0408163265306122	0.959183673469388	G,T	0.96,0.04	0
248	Tpa_4591_1	11.8333333333333	0.147368421052632	0.0357142857142857	0.964285714285714	C,T	0.96,0.04	0
249	Tpa_4592_1	27.1428571428571	0.515789473684211	0.0714285714285714	0.928571428571429	G,C	0.07,0.93	0
250	Tpa_4593_1	13	0.326315789473684	0.0483870967741935	0.951612903225806	C,T	0.95,0.05	0
251	Tpa_4595_1	10.42	0.231578947368421	0.0227272727272727	0.977272727272727	G,A	0.02,0.98	0
252	Tpa_4599_1	67.0864197530864	0.694736842105263	0.0681818181818182	0.931818181818182	C,T	0.93,0.07	0.111111111111111
253	Tpa_4633_1	9.42424242424242	0.147368421052632	0.0714285714285714	0.928571428571429	A,C	0.07,0.93	0
254	Tpa_4637_1	6.23076923076923	0.126315789473684	0.0416666666666667	0.958333333333333	C,A	0.04,0.96	0
255	Tpa_4668_1	6.8	0.252631578947368	0.166666666666667	0.833333333333333	C,A	0.83,0.17	0
256	Tpa_4678_1	44.8333333333333	0.610526315789474	0.00862068965517241	0.991379310344828	T,A	0.01,0.99	0
257	Tpa_4697_1	19.2105263157895	0.347368421052632	0	1	T,C	0,1	NA
258	Tpa_4713_1	22.9454545454545	0.336842105263158	0.0625	0.9375	G,A	0.06,0.94	0
259	Tpa_4731_1	9.9375	0.189473684210526	0.0555555555555556	0.944444444444444	C,A	0.06,0.94	0
260	Tpa_4747_1	13.2631578947368	0.347368421052632	0	1	C,T	1,0	NA
261	Tpa_4749_1	10.0740740740741	0.242105263157895	0.0652173913043478	0.934782608695652	G,T	0.93,0.07	0
262	Tpa_4804_1	28.3384615384615	0.473684210526316	0.322222222222222	0.677777777777778	G,C	0.32,0.68	0
263	Tpa_4849_1	14.9824561403509	0.305263157894737	0.189655172413793	0.810344827586207	T,C	0.19,0.81	0.2
264	Tpa_4885_1	12.8723404255319	0.210526315789474	0.25	0.75	T,G	0.75,0.25	0.1
265	Tpa_4886_1	10	0.168421052631579	0	1	A,T	1,0	NA
266	Tpa_4900_1	20.8983050847458	0.305263157894737	0.103448275862069	0.896551724137931	C,T	0.9,0.1	0
267	Tpa_4920_1	2.11764705882353	0.0210526315789474	0	1	G,C	0,1	NA
268	Tpa_4928_1	15.2068965517241	0.368421052631579	0.228571428571429	0.771428571428571	C,T	0.77,0.23	0.0714285714285714
269	Tpa_4936_1	15.3333333333333	0.294736842105263	0.125	0.875	C,T	0.88,0.12	0.142857142857143
270	Tpa_4985_1	24.6969696969697	0.368421052631579	0.0428571428571429	0.957142857142857	A,G	0.04,0.96	0
271	Tpa_5002_1	14.0727272727273	0.252631578947368	0.0416666666666667	0.958333333333333	C,T	0.96,0.04	0
272	Tpa_5015_1	3.73333333333333	0.0631578947368421	0	1	A,G	1,0	NA
273	Tpa_5022_1	12.1298701298701	0.515789473684211	0.0510204081632653	0.948979591836735	C,T	0.95,0.05	0
274	Tpa_5057_1	32	0.305263157894737	0.0517241379310345	0.948275862068966	T,G	0.95,0.05	0.333333333333333
275	Tpa_5075_1	26.530303030303	0.442105263157895	0.369047619047619	0.630952380952381	A,G	0.63,0.37	0.0476190476190476
276	Tpa_5104_1	25.8961038961039	0.547368421052632	0.0192307692307692	0.980769230769231	G,A	0.02,0.98	0
277	Tpa_5106_1	13.5238095238095	0.336842105263158	0.28125	0.71875	C,G	0.72,0.28	0
278	Tpa_5118_1	4.5	0.0736842105263158	0.0714285714285714	0.928571428571429	C,T	0.93,0.07	0
279	Tpa_5138_1	38	0.547368421052632	0.0288461538461538	0.971153846153846	C,T	0.97,0.03	0
280	Tpa_5144_1	23.6769230769231	0.421052631578947	0.075	0.925	T,G	0.07,0.92	0
281	Tpa_5167_1	25.3090909090909	0.421052631578947	0.125	0.875	C,T	0.88,0.12	0
282	Tpa_5196_1	19.8813559322034	0.305263157894737	0	1	G,A	0,1	NA
283	Tpa_5205_1	26.2	0.431578947368421	0	1	G,T	1,0	NA
284	Tpa_5206_1	6.71666666666667	0.305263157894737	0.120689655172414	0.879310344827586	G,A	0.12,0.88	0
285	Tpa_5218_1	16.8983050847458	0.294736842105263	0.357142857142857	0.642857142857143	C,G	0.64,0.36	0.166666666666667
286	Tpa_5222_1	13.0816326530612	0.242105263157895	0.0434782608695652	0.956521739130435	G,A	0.04,0.96	0
287	Tpa_5228_1	10.6140350877193	0.326315789473684	0.032258064516129	0.967741935483871	C,T	0.97,0.03	0
288	Tpa_5241_1	22.1666666666667	0.442105263157895	0.0357142857142857	0.964285714285714	C,T	0.96,0.04	0
289	Tpa_5242_1	29.125	0.578947368421053	0.272727272727273	0.727272727272727	C,T	0.73,0.27	0.0454545454545455
290	Tpa_5244_1	42.0361445783133	0.642105263157895	0.122950819672131	0.877049180327869	A,C	0.88,0.12	0
291	Tpa_5249_1	29.7571428571429	0.431578947368421	0.24390243902439	0.75609756097561	T,C	0.76,0.24	0
292	Tpa_5270_1	3.02564102564103	0.0631578947368421	0.0833333333333333	0.916666666666667	C,A	0.08,0.92	0
293	Tpa_5278_1	22.4313725490196	0.284210526315789	0.185185185185185	0.814814814814815	G,A	0.19,0.81	0
294	Tpa_5279_1	21.2727272727273	0.4	0.0657894736842105	0.934210526315789	C,T	0.93,0.07	0
295	Tpa_5292_1	41.0428571428571	0.463157894736842	0.136363636363636	0.863636363636364	C,T	0.14,0.86	0
296	Tpa_5298_1	40.7349397590361	0.568421052631579	0.0833333333333333	0.916666666666667	G,A	0.08,0.92	0.111111111111111
297	Tpa_5327_1	36.5479452054795	0.536842105263158	0.0882352941176471	0.911764705882353	C,G	0.91,0.09	0.111111111111111
298	Tpa_5360_1	9.36538461538461	0.242105263157895	0.0434782608695652	0.956521739130435	G,A	0.04,0.96	0
299	Tpa_5361_1	22.25	0.484210526315789	0.217391304347826	0.782608695652174	A,C	0.78,0.22	0.166666666666667
300	Tpa_5373_1	22.4126984126984	0.421052631578947	0.1125	0.8875	C,T	0.89,0.11	0
301	Tpa_5379_1	84.0681818181818	0.789473684210526	0.0266666666666667	0.973333333333333	C,G	0.97,0.03	0.5
302	Tpa_5382_1	55.0714285714286	0.694736842105263	0	1	A,G	1,0	NA
303	Tpa_5418_1	40.3243243243243	0.568421052631579	0.138888888888889	0.861111111111111	C,T	0.86,0.14	0.0666666666666667
304	Tpa_5441_1	20.4473684210526	0.484210526315789	0	1	G,A	0,1	NA
305	Tpa_5445_1	29.7727272727273	0.473684210526316	0.4	0.6	T,C	0.4,0.6	0
306	Tpa_5446_1	19.9818181818182	0.273684210526316	0	1	G,T	1,0	NA
307	Tpa_5454_1	26.5416666666667	0.484210526315789	0.271739130434783	0.728260869565217	A,G	0.27,0.73	0
308	Tpa_5471_1	89.4933333333333	0.715789473684211	0.0441176470588235	0.955882352941177	G,T	0.96,0.04	0
309	Tpa_5485_1	7.03448275862069	0.210526315789474	0	1	A,C	1,0	NA
310	Tpa_5501_1	21.5862068965517	0.242105263157895	0.0869565217391304	0.91304347826087	G,A	0.09,0.91	0
311	Tpa_5525_1	55.9761904761905	0.621052631578947	0.110169491525424	0.889830508474576	T,A	0.11,0.89	0.0769230769230769
312	Tpa_5538_1	8.11904761904762	0.189473684210526	0.0555555555555556	0.944444444444444	C,T	0.06,0.94	0
313	Tpa_5540_1	25.7058823529412	0.389473684210526	0.256756756756757	0.743243243243243	A,G	0.74,0.26	0.0526315789473684
314	Tpa_5542_1	10.530612244898	0.2	0.105263157894737	0.894736842105263	C,T	0.89,0.11	0
315	Tpa_5563_1	13.75	0.347368421052632	0.0151515151515152	0.984848484848485	G,A	0.02,0.98	0
316	Tpa_5565_1	141.122222222222	0.768421052631579	0.164383561643836	0.835616438356164	G,T	0.84,0.16	0.181818181818182
317	Tpa_5570_1	17.6	0.326315789473684	0.241935483870968	0.758064516129032	G,A	0.24,0.76	0
318	Tpa_5574_1	9.66666666666667	0.242105263157895	0.152173913043478	0.847826086956522	C,T	0.85,0.15	0
319	Tpa_5588_1	17.5394736842105	0.578947368421053	0.0272727272727273	0.972727272727273	C,T	0.97,0.03	0
320	Tpa_5594_1	13.7619047619048	0.326315789473684	0	1	G,A	1,0	NA
321	Tpa_5601_1	43.0135135135135	0.515789473684211	0.122448979591837	0.877551020408163	C,A	0.12,0.88	0
322	Tpa_5609_1	8.16071428571429	0.294736842105263	0.178571428571429	0.821428571428571	A,G	0.82,0.18	0
323	Tpa_5623_1	49.5416666666667	0.536842105263158	0	1	C,T	1,0	NA
324	Tpa_5636_1	10.9833333333333	0.315789473684211	0.0333333333333333	0.966666666666667	A,G	0.03,0.97	0.5
325	Tpa_5651_1	20.8214285714286	0.326315789473684	0.145161290322581	0.854838709677419	T,C	0.15,0.85	0
326	Tpa_5679_1	9.78333333333333	0.305263157894737	0.0172413793103448	0.982758620689655	G,A	0.02,0.98	0
327	Tpa_5741_1	5.81481481481481	0.0526315789473684	0	1	C,T	1,0	NA
328	Tpa_5761_1	29.578125	0.452631578947368	0.0581395348837209	0.941860465116279	G,A	0.06,0.94	0
329	Tpa_5774_1	70.4102564102564	0.589473684210526	0	1	T,C	0,1	NA
330	Tpa_5795_1	2.29411764705882	0.0210526315789474	0	1	G,T	1,0	NA
331	Tpa_5796_1	41.0694444444444	0.557894736842105	0.207547169811321	0.792452830188679	A,G	0.79,0.21	0.1
332	Tpa_5823_1	50.3647058823529	0.652631578947368	0.032258064516129	0.967741935483871	A,G	0.03,0.97	0
333	Tpa_5827_1	22.3380281690141	0.4	0.118421052631579	0.881578947368421	T,G	0.12,0.88	0
334	Tpa_5829_1	31.1323529411765	0.473684210526316	0.1	0.9	C,T	0.9,0.1	0.142857142857143
335	Tpa_5838_1	54.2289156626506	0.621052631578947	0.0677966101694915	0.932203389830508	T,C	0.93,0.07	0.166666666666667
336	Tpa_5854_1	1.25	0	NA	NA	T,G	NaN,NaN	NA
337	Tpa_5856_1	27.5797101449275	0.484210526315789	0.119565217391304	0.880434782608696	C,T	0.12,0.88	0
338	Tpa_5863_1	18.969696969697	0.378947368421053	0.291666666666667	0.708333333333333	G,A	0.29,0.71	0.0588235294117647
339	Tpa_5868_1	11.2325581395349	0.189473684210526	0.194444444444444	0.805555555555556	C,G	0.81,0.19	0
340	Tpa_5878_1	36.1060606060606	0.484210526315789	0.141304347826087	0.858695652173913	G,C	0.86,0.14	0.0909090909090909
341	Tpa_5913_1	54	0.621052631578947	0.406779661016949	0.593220338983051	G,A	0.59,0.41	0.0294117647058824
342	Tpa_5917_1	63.5443037974684	0.642105263157895	0.188524590163934	0.811475409836066	T,G	0.19,0.81	0.105263157894737
343	Tpa_5942_1	8.74193548387097	0.115789473684211	0.363636363636364	0.636363636363636	G,T	0.64,0.36	0
344	Tpa_5951_1	12.6779661016949	0.294736842105263	0.0892857142857143	0.910714285714286	T,A	0.09,0.91	0
345	Tpa_5961_1	3.81081081081081	0.115789473684211	0.136363636363636	0.863636363636364	T,G	0.14,0.86	0
346	Tpa_5978_1	10.2166666666667	0.284210526315789	0.037037037037037	0.962962962962963	G,A	0.04,0.96	0
347	Tpa_5980_1	29.4285714285714	0.505263157894737	0.229166666666667	0.770833333333333	T,C	0.77,0.23	0
348	Tpa_6016_1	17.4655172413793	0.347368421052632	0.196969696969697	0.803030303030303	C,T	0.8,0.2	0
349	Tpa_6076_1	30.8611111111111	0.505263157894737	0.21875	0.78125	A,G	0.22,0.78	0.0526315789473684
350	Tpa_6083_1	41.6388888888889	0.578947368421053	0.0454545454545455	0.954545454545455	A,G	0.95,0.05	0.333333333333333
351	Tpa_6137_1	17.2539682539683	0.336842105263158	0.109375	0.890625	A,G	0.11,0.89	0
352	Tpa_6139_1	38.2	0.515789473684211	0.122448979591837	0.877551020408163	C,G	0.88,0.12	0
353	Tpa_6150_1	6.55932203389831	0.273684210526316	0.153846153846154	0.846153846153846	A,G	0.85,0.15	0
354	Tpa_6158_1	38.5064935064935	0.6	0.0526315789473684	0.947368421052632	C,T	0.95,0.05	0
355	Tpa_6169_1	49.125	0.621052631578947	0.076271186440678	0.923728813559322	A,G	0.08,0.92	0
356	Tpa_6172_1	28.3235294117647	0.452631578947368	0	1	G,A	0,1	NA
357	Tpa_6204_1	2.76923076923077	0.0210526315789474	0	1	T,C	0,1	NA
358	Tpa_6220_1	60	0.715789473684211	0.220588235294118	0.779411764705882	A,G	0.78,0.22	0.192307692307692
359	Tpa_6222_1	26.6901408450704	0.473684210526316	0.144444444444444	0.855555555555556	G,A	0.14,0.86	0
360	Tpa_6224_1	18.0263157894737	0.515789473684211	0.0102040816326531	0.989795918367347	G,A	0.01,0.99	0
361	Tpa_6265_1	3.33333333333333	0.0631578947368421	0.25	0.75	A,C	0.75,0.25	0.333333333333333
362	Tpa_6270_1	25.3508771929825	0.347368421052632	0.106060606060606	0.893939393939394	C,T	0.89,0.11	0.142857142857143
363	Tpa_6321_1	7.55555555555556	0.273684210526316	0	1	G,A	1,0	NA
364	Tpa_6352_1	1.88888888888889	0.0210526315789474	0	1	G,C	0,1	NA
365	Tpa_6355_1	9.74137931034483	0.315789473684211	0.1	0.9	T,G	0.1,0.9	0
366	Tpa_6384_1	3.88571428571429	0.0947368421052632	0.0555555555555556	0.944444444444444	G,A	0.06,0.94	0
367	Tpa_6385_1	15.135593220339	0.273684210526316	0.0384615384615385	0.961538461538462	C,T	0.96,0.04	0
368	Tpa_6388_1	12.2	0.242105263157895	0.0652173913043478	0.934782608695652	C,A	0.07,0.93	0
369	Tpa_6391_1	36.1756756756757	0.547368421052632	0.163461538461538	0.836538461538462	C,T	0.84,0.16	0
370	Tpa_6411_1	4.90909090909091	0.0315789473684211	0	1	T,C	0,1	NA
371	Tpa_6422_1	27.0547945205479	0.463157894736842	0.0113636363636364	0.988636363636364	C,T	0.99,0.01	0
372	Tpa_6442_1	74.9620253164557	0.652631578947368	0.120967741935484	0.879032258064516	T,C	0.12,0.88	0.266666666666667
373	Tpa_6449_1	3.81818181818182	0.0526315789473684	0	1	T,C	0,1	NA
374	Tpa_6451_1	4.52272727272727	0.115789473684211	0	1	C,A	0,1	NA
375	Tpa_6453_1	25	0.473684210526316	0.0888888888888889	0.911111111111111	C,T	0.91,0.09	0
376	Tpa_6487_1	16.0519480519481	0.526315789473684	0.03	0.97	A,C	0.97,0.03	0
377	Tpa_6493_1	10.52	0.252631578947368	0	1	T,C	1,0	NA
378	Tpa_6511_1	762.193548387097	0.968421052631579	0.0597826086956522	0.940217391304348	G,A	0.06,0.94	0.0909090909090909
379	Tpa_6543_1	24.7068965517241	0.378947368421053	0.152777777777778	0.847222222222222	C,T	0.85,0.15	0
380	Tpa_6562_1	14.3061224489796	0.210526315789474	0.05	0.95	C,T	0.95,0.05	NA
381	Tpa_6565_1	51.4642857142857	0.652631578947368	0.032258064516129	0.967741935483871	G,A	0.03,0.97	0
382	Tpa_6586_1	16.52	0.178947368421053	0	1	G,A	0,1	NA
383	Tpa_6591_1	11.9574468085106	0.178947368421053	0.117647058823529	0.882352941176471	G,C	0.12,0.88	0
384	Tpa_6604_1	5	0.0210526315789474	0	1	C,A	0,1	NA
385	Tpa_6611_1	4.39024390243902	0.157894736842105	0.0333333333333333	0.966666666666667	C,T	0.97,0.03	0
386	Tpa_6630_1	35.1898734177215	0.568421052631579	0.268518518518519	0.731481481481482	C,T	0.73,0.27	0
387	Tpa_6654_1	4.73076923076923	0.189473684210526	0	1	G,T	1,0	NA
388	Tpa_6683_1	8.68181818181818	0.0526315789473684	0	1	C,A	1,0	NA
389	Tpa_6687_1	11.741935483871	0.336842105263158	0.234375	0.765625	C,T	0.77,0.23	0
390	Tpa_6713_1	16.3148148148148	0.284210526315789	0.12962962962963	0.87037037037037	C,T	0.87,0.13	0
391	Tpa_6733_1	16.2916666666667	0.494736842105263	0.0531914893617021	0.946808510638298	G,T	0.95,0.05	0
392	Tpa_6768_1	33.5441176470588	0.484210526315789	0.0326086956521739	0.967391304347826	T,C	0.03,0.97	0.333333333333333
393	Tpa_6773_1	38.3513513513514	0.557894736842105	0.00943396226415094	0.990566037735849	G,A	0.01,0.99	1
394	Tpa_6774_1	44.8157894736842	0.578947368421053	0	1	T,C	1,0	NA
395	Tpa_6786_1	24.3134328358209	0.389473684210526	0.027027027027027	0.972972972972973	C,T	0.97,0.03	0.5
396	Tpa_6814_1	38.0394736842105	0.568421052631579	0.0925925925925926	0.907407407407407	G,A	0.09,0.91	0.125
397	Tpa_6816_1	23.8125	0.463157894736842	0.340909090909091	0.659090909090909	T,G	0.34,0.66	0.125
398	Tpa_6853_1	26.1290322580645	0.410526315789474	0.0641025641025641	0.935897435897436	A,G	0.94,0.06	0
399	Tpa_6887_1	20.9047619047619	0.357894736842105	0.0294117647058824	0.970588235294118	C,T	0.97,0.03	0
400	Tpa_6922_1	15.0422535211268	0.305263157894737	0.0172413793103448	0.982758620689655	T,G	0.98,0.02	0
401	Tpa_6937_1	60.0344827586207	0.747368421052632	0	1	A,G	1,0	NA
402	Tpa_6963_1	55.6184210526316	0.589473684210526	0.0535714285714286	0.946428571428571	C,T	0.95,0.05	0
403	Tpa_6973_1	56.3417721518987	0.642105263157895	0.10655737704918	0.89344262295082	C,T	0.89,0.11	0
404	Tpa_7007_1	17.6538461538462	0.0736842105263158	0.142857142857143	0.857142857142857	A,G	0.14,0.86	0
405	Tpa_7010_1	59.5844155844156	0.631578947368421	0.0833333333333333	0.916666666666667	T,C	0.08,0.92	0
406	Tpa_7018_1	21.8732394366197	0.421052631578947	0.2625	0.7375	G,C	0.74,0.26	0
407	Tpa_7052_1	15.109375	0.452631578947368	0.0697674418604651	0.930232558139535	A,T	0.93,0.07	0.5
408	Tpa_7058_1	31.2777777777778	0.547368421052632	0.0192307692307692	0.980769230769231	C,T	0.98,0.02	0
409	Tpa_7062_1	24.4142857142857	0.505263157894737	0.125	0.875	C,T	0.88,0.12	0
410	Tpa_7080_1	31.5974025974026	0.515789473684211	0	1	G,C	0,1	NA
411	Tpa_7082_1	25.6181818181818	0.336842105263158	0.09375	0.90625	G,A	0.09,0.91	0
412	Tpa_7090_1	31.9117647058824	0.494736842105263	0.0851063829787234	0.914893617021277	T,C	0.09,0.91	0
413	Tpa_7153_1	4.95121951219512	0.168421052631579	0.03125	0.96875	G,A	0.97,0.03	0
414	Tpa_7157_1	21.0806451612903	0.431578947368421	0.292682926829268	0.707317073170732	T,G	0.71,0.29	0.0625
415	Tpa_7201_1	75.4047619047619	0.715789473684211	0.0588235294117647	0.941176470588235	G,A	0.06,0.94	0
416	Tpa_7204_1	24.2575757575758	0.378947368421053	0.0416666666666667	0.958333333333333	G,A	0.04,0.96	0
417	Tpa_7210_1	23.3918918918919	0.484210526315789	0.0978260869565217	0.902173913043478	T,A	0.1,0.9	0
418	Tpa_7213_1	81.1785714285714	0.736842105263158	0	1	T,G	0,1	NA
419	Tpa_7221_1	18.1643835616438	0.452631578947368	0.302325581395349	0.697674418604651	G,A	0.3,0.7	0
420	Tpa_7240_1	14.5820895522388	0.410526315789474	0.0512820512820513	0.948717948717949	T,C	0.05,0.95	0.25
421	Tpa_7289_1	17.0909090909091	0.326315789473684	0	1	C,T	1,0	NA
422	Tpa_7291_1	21.0178571428571	0.368421052631579	0.4	0.6	A,G	0.6,0.4	0
423	Tpa_7293_1	10.625	0.431578947368421	0.0609756097560976	0.939024390243902	A,C	0.94,0.06	0
424	Tpa_7331_1	1.72727272727273	0.0210526315789474	0	1	G,T	1,0	NA
425	Tpa_7348_1	18.28	0.557894736842105	0.0283018867924528	0.971698113207547	A,T	0.97,0.03	0
426	Tpa_7352_1	2.1	0.0210526315789474	0.25	0.75	G,A	0.25,0.75	0
427	Tpa_7367_1	49.1282051282051	0.589473684210526	0.142857142857143	0.857142857142857	G,A	0.14,0.86	0
428	Tpa_7375_1	29.0985915492958	0.463157894736842	0.284090909090909	0.715909090909091	C,T	0.72,0.28	0.0588235294117647
429	Tpa_7406_1	2.375	0.0105263157894737	0	1	G,A	0,1	NA
430	Tpa_7413_1	17.5454545454545	0.210526315789474	0.025	0.975	T,C	0.03,0.98	0
431	Tpa_7417_1	47.5822784810127	0.684210526315789	0.0384615384615385	0.961538461538462	G,A	0.04,0.96	0
432	Tpa_7425_1	18.8356164383562	0.463157894736842	0.0795454545454545	0.920454545454545	G,A	0.08,0.92	0
433	Tpa_7447_1	2.27586206896552	0.0526315789473684	0	1	G,A	0,1	NA
434	Tpa_7450_1	1.75	0.0105263157894737	0	1	A,C	0,1	NA
435	Tpa_7452_1	24.7894736842105	0.515789473684211	0.13265306122449	0.86734693877551	C,G	0.87,0.13	0
436	Tpa_7454_1	20.9166666666667	0.284210526315789	0.111111111111111	0.888888888888889	T,G	0.89,0.11	0
437	Tpa_7461_1	40.253164556962	0.505263157894737	0	1	T,C	0,1	NA
438	Tpa_7477_1	55.2857142857143	0.6	0.184210526315789	0.815789473684211	C,T	0.82,0.18	0.0526315789473684
439	Tpa_7479_1	84.9647058823529	0.768421052631579	0.0479452054794521	0.952054794520548	G,A	0.05,0.95	0
440	Tpa_7483_1	73.7333333333333	0.589473684210526	0.0625	0.9375	G,A	0.06,0.94	0
441	Tpa_7495_1	15.3939393939394	0.473684210526316	0.0666666666666667	0.933333333333333	C,A	0.07,0.93	0
442	Tpa_7533_1	58.9759036144578	0.652631578947368	0.161290322580645	0.838709677419355	A,G	0.84,0.16	0.0625
443	Tpa_7540_1	25.9722222222222	0.452631578947368	0.0697674418604651	0.930232558139535	G,T	0.93,0.07	0
444	Tpa_7553_1	42.2962962962963	0.610526315789474	0.0862068965517241	0.913793103448276	T,C	0.91,0.09	0
445	Tpa_7560_1	23.2702702702703	0.421052631578947	0.0625	0.9375	T,C	0.06,0.94	0
446	Tpa_7566_1	117.831460674157	0.768421052631579	0.0821917808219178	0.917808219178082	C,T	0.92,0.08	0
447	Tpa_7567_1	29.5844155844156	0.515789473684211	0.357142857142857	0.642857142857143	A,G	0.64,0.36	0.0434782608695652
448	Tpa_7571_1	67.3571428571429	0.715789473684211	0.139705882352941	0.860294117647059	G,A	0.14,0.86	0.0666666666666667
449	Tpa_7586_1	218.444444444444	0.884210526315789	0.279761904761905	0.720238095238095	A,C	0.28,0.72	0.0571428571428571
450	Tpa_7594_1	404.554347826087	0.947368421052632	0.1	0.9	T,G	0.9,0.1	0.125
451	Tpa_7597_1	87.1744186046512	0.831578947368421	0.0253164556962025	0.974683544303797	T,G	0.03,0.97	0.25
452	Tpa_7601_1	1	0	NA	NA	C,A	NaN,NaN	NA
453	Tpa_7604_1	212.957142857143	0.589473684210526	0	1	C,T	1,0	NA
454	Tpa_7605_1	60.4358974358974	0.621052631578947	0.211864406779661	0.788135593220339	A,G	0.79,0.21	0
455	Tpa_7615_1	35.8870967741936	0.463157894736842	0.0227272727272727	0.977272727272727	C,G	0.98,0.02	NA
456	Tpa_7652_1	119.302325581395	0.789473684210526	0.0933333333333333	0.906666666666667	G,A	0.09,0.91	0
457	Tpa_7653_1	121.274725274725	0.852631578947368	0.351851851851852	0.648148148148148	C,T	0.35,0.65	0.0930232558139535
458	Tpa_7657_1	66.2098765432099	0.705263157894737	0.0149253731343284	0.985074626865672	G,A	0.01,0.99	0
459	Tpa_7665_1	1.5	0.0105263157894737	0.5	0.5	A,T	0.5,0.5	0
460	Tpa_7686_1	134.352941176471	0.778947368421053	0.236486486486486	0.763513513513513	A,C	0.24,0.76	0.137931034482759
461	Tpa_7690_1	175.788888888889	0.863157894736842	0.0853658536585366	0.914634146341463	T,G	0.91,0.09	0.285714285714286
462	Tpa_7691_1	12.1694915254237	0.210526315789474	0.15	0.85	T,G	0.15,0.85	0.5
463	Tpa_7703_1	113.1	0.789473684210526	0.06	0.94	G,T	0.94,0.06	0.111111111111111
464	Tpa_7757_1	2.44444444444444	0.0105263157894737	0	1	A,T	0,1	NA
465	Tpa_7764_1	34.5555555555556	0.547368421052632	0.201923076923077	0.798076923076923	C,A	0.2,0.8	0.0666666666666667
466	Tpa_7765_1	19.6440677966102	0.315789473684211	0.0166666666666667	0.983333333333333	A,T	0.02,0.98	0
467	Tpa_7769_1	7.52631578947368	0.136842105263158	0.346153846153846	0.653846153846154	C,T	0.35,0.65	0
468	Tpa_7772_1	1.5	0	NA	NA	A,G	NaN,NaN	NA
469	Tpa_7798_1	51.5421686746988	0.673684210526316	0.2578125	0.7421875	C,T	0.74,0.26	0.037037037037037
470	Tpa_7799_1	16.6825396825397	0.315789473684211	0.0833333333333333	0.916666666666667	A,G	0.92,0.08	0
471	Tpa_7805_1	14.5735294117647	0.463157894736842	0.147727272727273	0.852272727272727	G,A	0.15,0.85	0
472	Tpa_7807_1	20.8153846153846	0.347368421052632	0.0151515151515152	0.984848484848485	C,T	0.98,0.02	0
473	Tpa_7814_1	37.0307692307692	0.431578947368421	0.0975609756097561	0.902439024390244	C,T	0.9,0.1	0.166666666666667
474	Tpa_7825_1	52.6455696202532	0.673684210526316	0.015625	0.984375	G,A	0.02,0.98	0
475	Tpa_7848_1	7.66666666666667	0.0947368421052632	0	1	T,C	1,0	NA
476	Tpa_7910_1	21.6323529411765	0.368421052631579	0.185714285714286	0.814285714285714	C,T	0.81,0.19	0
