Sample	Total.Reads	Off.target.Reads	Primer.Only.Reads	Primer.Probe.Reads	Off.target.Proportion	Primer.Only.Proportion	Primer.Probe.Proportion	GenotypeRate	Heterozygosity	conScore
1	52507_184_S27_L001_R1_001	187892	33158	76438	78296	0.18	0.41	0.42	0.784	0.104	0.154
2	52507_212_S28_L001_R1_001	828887	44745	103606	680536	0.05	0.12	0.82	0.956	0.152	0.303
3	52507_240_S29_L001_R1_001	82932	26875	51300	4757	0.32	0.62	0.06	0.55	0.076	0.026
4	52507_271_S30_L001_R1_001	410685	38480	91267	280938	0.09	0.22	0.68	0.862	0.126	0.286
5	52507_351_S31_L001_R1_001	154495	29363	61950	63182	0.19	0.4	0.41	0.862	0.114	0.105
6	52507_356_S32_L001_R1_001	289620	24457	57891	207272	0.08	0.2	0.72	0.908	0.132	0.348
7	52507_362_S33_L001_R1_001	88979	21066	60748	7165	0.24	0.68	0.08	0.556	0.094	0.064
8	52507_385_S1_L001_R1_001	90816	22761	60644	7411	0.25	0.67	0.08	0.578	0.092	0.065
9	52507_392_S2_L001_R1_001	85445	20763	60920	3762	0.24	0.71	0.04	0.442	0.064	0
10	52507_397_S3_L001_R1_001	119516	22228	86120	11168	0.19	0.72	0.09	0.564	0.088	0.068
11	52507_401_S4_L001_R1_001	91195	24862	65965	368	0.27	0.72	0	0.076	0.018	0
12	52507_406_S5_L001_R1_001	96874	27355	62805	6714	0.28	0.65	0.07	0.66	0.086	0
13	52507_407_S6_L001_R1_001	35473	10581	24607	285	0.3	0.69	0.01	0.064	0.01	0
14	52507_411_S7_L001_R1_001	63925	18465	40896	4564	0.29	0.64	0.07	0.516	0.086	0.047
15	52507_413_S8_L001_R1_001	76887	20225	46144	10518	0.26	0.6	0.14	0.67	0.092	0.065
16	52507_414_S9_L001_R1_001	69126	19318	49297	511	0.28	0.71	0.01	0.124	0.022	0
17	52507_415_S10_L001_R1_001	119193	35744	60437	23012	0.3	0.51	0.19	0.812	0.122	0.082
18	52507_418_S11_L001_R1_001	80866	20636	49268	10962	0.26	0.61	0.14	0.708	0.098	0.02
19	52507_422_S12_L001_R1_001	107873	33216	73018	1639	0.31	0.68	0.02	0.324	0.048	0
20	52507_425_S13_L001_R1_001	59289	21901	35472	1916	0.37	0.6	0.03	0.366	0.066	0
21	52507_429_S14_L001_R1_001	68151	19719	45555	2877	0.29	0.67	0.04	0.436	0.082	0.024
22	52507_431_S15_L001_R1_001	89444	23051	53290	13103	0.26	0.6	0.15	0.722	0.102	0.039
23	52507_440_S16_L001_R1_001	116425	24435	82765	9225	0.21	0.71	0.08	0.654	0.09	0.022
24	52507_442_S17_L001_R1_001	153185	30554	95857	26774	0.2	0.63	0.17	0.746	0.096	0.062
25	52507_445_S18_L001_R1_001	88383	17342	38045	32996	0.2	0.43	0.37	0.784	0.106	0.151
26	52507_465_S19_L001_R1_001	135493	28479	58017	48997	0.21	0.43	0.36	0.734	0.128	0.125
27	52507_467_S20_L001_R1_001	116996	24817	63750	28429	0.21	0.54	0.24	0.702	0.104	0.096
28	52507_472_S21_L001_R1_001	95351	30964	61636	2751	0.32	0.65	0.03	0.4	0.072	0.028
29	52507_473_S22_L001_R1_001	182443	30219	87265	64959	0.17	0.48	0.36	0.732	0.104	0.154
30	52507_477_S23_L001_R1_001	79797	22678	52679	4440	0.28	0.66	0.06	0.548	0.104	0.019
31	52507_479_S24_L001_R1_001	66360	8706	33506	24148	0.13	0.5	0.36	0.662	0.1	0.08
32	52507_484_S25_L001_R1_001	131840	29457	70489	31894	0.22	0.53	0.24	0.796	0.13	0.123
33	52507_485_S26_L001_R1_001	113003	30194	55250	27559	0.27	0.49	0.24	0.854	0.106	0.113
34	52508_002_S34_L001_R1_001	90781	28974	56270	5537	0.32	0.62	0.06	0.596	0.114	0.053
35	52508_004_S35_L001_R1_001	114796	29689	83869	1238	0.26	0.73	0.01	0.128	0.024	0
36	52508_011_S36_L001_R1_001	830873	42847	71839	716187	0.05	0.09	0.86	0.952	0.148	0.297
37	52508_014_S37_L001_R1_001	75729	24449	50049	1231	0.32	0.66	0.02	0.226	0.032	0
38	52508_017_S38_L001_R1_001	384102	35060	127537	221505	0.09	0.33	0.58	0.828	0.12	0.183
39	52508_019_S39_L001_R1_001	76263	22842	51363	2058	0.3	0.67	0.03	0.31	0.05	0.04
40	52508_022_S40_L001_R1_001	92623	26278	65666	679	0.28	0.71	0.01	0.144	0.024	0
41	52508_024_S41_L001_R1_001	75741	20599	54070	1072	0.27	0.71	0.01	0.184	0.032	0
42	52508_025_S42_L001_R1_001	77302	19990	56327	985	0.26	0.73	0.01	0.15	0.042	0
43	52508_027_S43_L001_R1_001	108792	30425	68215	10152	0.28	0.63	0.09	0.656	0.108	0.093
44	52508_031_S44_L001_R1_001	100604	26565	71470	2569	0.26	0.71	0.03	0.384	0.05	0.04
45	52508_033_S45_L001_R1_001	89492	21965	59902	7625	0.25	0.67	0.09	0.594	0.106	0.057
46	52508_036_S46_L001_R1_001	138559	27392	50953	60214	0.2	0.37	0.43	0.738	0.15	0.147
47	52508_039_S47_L001_R1_001	79177	24487	52168	2522	0.31	0.66	0.03	0.258	0.04	0
48	52508_040_S48_L001_R1_001	80396	23179	54491	2726	0.29	0.68	0.03	0.46	0.068	0
49	52508_043_S49_L001_R1_001	72141	18566	46945	6630	0.26	0.65	0.09	0.64	0.114	0.053
50	52508_046_S50_L001_R1_001	80517	25767	51924	2826	0.32	0.64	0.04	0.47	0.076	0.026
51	52508_047_S51_L001_R1_001	103567	33715	67518	2334	0.33	0.65	0.02	0.406	0.064	0
52	52508_052_S52_L001_R1_001	151513	30672	97259	23582	0.2	0.64	0.16	0.79	0.13	0.046
53	52508_056_S53_L001_R1_001	94188	22476	69134	2578	0.24	0.73	0.03	0.374	0.046	0.043
54	52508_062_S54_L001_R1_001	79166	26230	50582	2354	0.33	0.64	0.03	0.412	0.064	0
55	52508_064_S55_L001_R1_001	80198	25844	52994	1360	0.32	0.66	0.02	0.248	0.042	0
56	52508_065_S56_L001_R1_001	101397	23577	65591	12229	0.23	0.65	0.12	0.746	0.108	0.093
57	52508_069_S57_L001_R1_001	122083	29633	70039	22411	0.24	0.57	0.18	0.79	0.122	0.066
58	52508_070_S58_L001_R1_001	71862	26659	41740	3463	0.37	0.58	0.05	0.52	0.098	0
59	52508_078_S59_L001_R1_001	100132	30387	64856	4889	0.3	0.65	0.05	0.568	0.08	0
60	52508_079_S60_L001_R1_001	242328	31668	107403	103257	0.13	0.44	0.43	0.842	0.1	0.16
61	52508_086_S61_L001_R1_001	88575	28411	59475	689	0.32	0.67	0.01	0.116	0.018	0
62	52508_087_S62_L001_R1_001	81031	23540	50057	7434	0.29	0.62	0.09	0.598	0.104	0.058
63	52508_088_S63_L001_R1_001	196990	27327	50029	119634	0.14	0.25	0.61	0.808	0.136	0.235
64	52508_090_S64_L001_R1_001	118028	24789	58442	34797	0.21	0.5	0.29	0.786	0.132	0.136
65	52508_091_S65_L001_R1_001	138956	34876	102042	2038	0.25	0.73	0.01	0.302	0.056	0.107
66	52508_101_S66_L001_R1_001	74400	23890	49554	956	0.32	0.67	0.01	0.206	0.032	0
67	52508_105_S67_L001_R1_001	95446	23474	44798	27174	0.25	0.47	0.28	0.782	0.11	0.091
68	52508_106_S68_L001_R1_001	83289	25153	45362	12774	0.3	0.54	0.15	0.75	0.114	0.053
69	52508_111_S69_L001_R1_001	59541	21288	37557	696	0.36	0.63	0.01	0.15	0.022	0
70	52508_114_S70_L001_R1_001	98700	31027	67228	445	0.31	0.68	0	0.092	0.022	0
71	52508_115_S71_L001_R1_001	79713	25583	51793	2337	0.32	0.65	0.03	0.404	0.068	0
72	52508_117_S72_L001_R1_001	121005	30028	90310	667	0.25	0.75	0.01	0.122	0.018	0.111
73	52508_119_S73_L001_R1_001	104361	25081	68232	11048	0.24	0.65	0.11	0.71	0.114	0.018
74	52508_127_S74_L001_R1_001	448067	38790	66336	342941	0.09	0.15	0.77	0.852	0.122	0.295
75	52508_129_S75_L001_R1_001	129484	35762	88410	5312	0.28	0.68	0.04	0.486	0.08	0.025
76	52508_131_S76_L001_R1_001	115789	26219	84522	5048	0.23	0.73	0.04	0.54	0.084	0
77	52508_134_S77_L001_R1_001	70613	21149	47705	1759	0.3	0.68	0.02	0.292	0.046	0
78	52508_135_S78_L001_R1_001	62236	20918	41057	261	0.34	0.66	0	0.056	0.018	0
79	52508_139_S79_L001_R1_001	97800	26833	64835	6132	0.27	0.66	0.06	0.644	0.098	0
80	52508_143_S80_L001_R1_001	82750	17947	59697	5106	0.22	0.72	0.06	0.48	0.088	0.045
81	52508_145_S81_L001_R1_001	10081	2337	6359	1385	0.23	0.63	0.14	0.28	0.06	0
82	52508_149_S82_L001_R1_001	182383	30569	52199	99615	0.17	0.29	0.55	0.83	0.132	0.242
83	52508_156_S83_L001_R1_001	121001	30990	70098	19913	0.26	0.58	0.16	0.79	0.136	0.059
84	52508_157_S84_L001_R1_001	166967	25678	95296	45993	0.15	0.57	0.28	0.782	0.12	0.117
85	52508_158_S85_L001_R1_001	92174	28707	60133	3334	0.31	0.65	0.04	0.44	0.052	0.038
86	52508_167_S86_L001_R1_001	96080	27875	68165	40	0.29	0.71	0	0.002	0	NA
87	52508_168_S87_L001_R1_001	65881	20782	44450	649	0.32	0.67	0.01	0.126	0.026	0
88	52508_173_S88_L001_R1_001	75678	20621	46396	8661	0.27	0.61	0.11	0.654	0.098	0
89	52508_174_S89_L001_R1_001	241968	37668	86594	117706	0.16	0.36	0.49	0.884	0.122	0.311
90	52508_176_S90_L001_R1_001	56222	17017	32640	6565	0.3	0.58	0.12	0.628	0.084	0.024
91	52508_179_S91_L001_R1_001	69291	22245	44995	2051	0.32	0.65	0.03	0.368	0.05	0
92	52508_182_S92_L001_R1_001	62223	19754	41286	1183	0.32	0.66	0.02	0.232	0.058	0.069
93	52508_183_S93_L001_R1_001	68062	20155	41088	6819	0.3	0.6	0.1	0.632	0.09	0.044
94	52508_189_S94_L001_R1_001	57763	14899	38211	4653	0.26	0.66	0.08	0.544	0.08	0
95	52508_201_S95_L001_R1_001	66523	20861	45139	523	0.31	0.68	0.01	0.116	0.014	0
