Locus	Primer Reads	Primer Probe Reads	Primer Probe Proportion
Tpa_0010	1185	1056	0.89
Tpa_0012	5241	3359	0.64
Tpa_0024	1575	9	0.01
Tpa_0035	1010	774	0.77
Tpa_0037	2575	296	0.11
Tpa_0095	34697	27092	0.78
Tpa_0151	80621	69674	0.86
Tpa_0183	36501	30634	0.84
Tpa_0186	2214	1453	0.66
Tpa_0215	91	2	0.02
Tpa_0226	158	115	0.73
Tpa_0228	1621	154	0.10
Tpa_0263	11572	1119	0.10
Tpa_0269	1700	536	0.32
Tpa_0272	50	30	0.60
Tpa_0301	38698	37569	0.97
Tpa_0342	5124	4690	0.92
Tpa_0346	1756	1000	0.57
Tpa_0358	2108	1989	0.94
Tpa_0366	39577	2231	0.06
Tpa_0367	1381	1150	0.83
Tpa_0371	4744	4242	0.89
Tpa_0395	3872	3451	0.89
Tpa_0409	980	234	0.24
Tpa_0427	1946	1881	0.97
Tpa_0429	1588	772	0.49
Tpa_0438	2621	635	0.24
Tpa_0439	25008	24204	0.97
Tpa_0474	1184	45	0.04
Tpa_0492	1860	633	0.34
Tpa_0500	33332	314	0.01
Tpa_0540	16200	316	0.02
Tpa_0547	11630	5957	0.51
Tpa_0556	9071	300	0.03
Tpa_0569	4859	3420	0.70
Tpa_0584	6649	3047	0.46
Tpa_0592	30950	26081	0.84
Tpa_0650	21468	374	0.02
Tpa_0671	3330	3226	0.97
Tpa_0678	94	26	0.28
Tpa_0687	3120	2884	0.92
Tpa_0730	1525	982	0.64
Tpa_0743	1560	1498	0.96
Tpa_0763	3333	3000	0.90
Tpa_0768	11081	121	0.01
Tpa_0791	13675	4658	0.34
Tpa_0826	544	157	0.29
Tpa_0866	69199	64155	0.93
Tpa_0868	20	8	0.40
Tpa_0882	111	104	0.94
Tpa_0888	37436	3043	0.08
Tpa_0895	2982	934	0.31
Tpa_0905	4672	3385	0.72
Tpa_0912	2059	82	0.04
Tpa_0929	2604	244	0.09
Tpa_0936	13760	975	0.07
Tpa_0953	58382	16128	0.28
Tpa_0970	32	14	0.44
Tpa_0973	78923	29	0.00
Tpa_0979	40529	3049	0.08
Tpa_1007	4085	1613	0.39
Tpa_1022	87536	2895	0.03
Tpa_1042	928	454	0.49
Tpa_1071	1975	702	0.36
Tpa_1077	14262	1829	0.13
Tpa_1082	68719	64131	0.93
Tpa_1098	34	29	0.85
Tpa_1112	4912	2901	0.59
Tpa_1136	38	4	0.11
Tpa_1144	2261	1943	0.86
Tpa_1154	20206	3679	0.18
Tpa_1156	59	10	0.17
Tpa_1187	1542	1460	0.95
Tpa_1268	2348	2032	0.87
Tpa_1290	0	0	NA
Tpa_1304	9239	2869	0.31
Tpa_1305	708	5	0.01
Tpa_1310	6257	1064	0.17
Tpa_1312	10303	4150	0.40
Tpa_1320	6392	207	0.03
Tpa_1341	4930	296	0.06
Tpa_1357	5221	4073	0.78
Tpa_1359	923	715	0.77
Tpa_1394	230	221	0.96
Tpa_1404	272736	94	0.00
Tpa_1443	186	70	0.38
Tpa_1486	44495	1871	0.04
Tpa_1515	1629	953	0.59
Tpa_1528	2668	546	0.20
Tpa_1542	36536	4574	0.13
Tpa_1548	1195	311	0.26
Tpa_1550	7789	3080	0.40
Tpa_1585	53032	49902	0.94
Tpa_1593	2619	985	0.38
Tpa_1606	21494	625	0.03
Tpa_1638	2221	395	0.18
Tpa_1646	18002	1467	0.08
Tpa_1662	18342	4419	0.24
Tpa_1678	11121	9338	0.84
Tpa_1689	3365	1608	0.48
Tpa_1703	111	2	0.02
Tpa_1731	14519	5888	0.41
Tpa_1774	6043	4938	0.82
Tpa_1775	10584	496	0.05
Tpa_1804	333704	9088	0.03
Tpa_1818	24174	412	0.02
Tpa_1831	4001	3888	0.97
Tpa_1832	899	882	0.98
Tpa_1843	14199	1250	0.09
Tpa_1847	183517	4	0.00
Tpa_1891	2695	2272	0.84
Tpa_1896	2166	855	0.39
Tpa_1917	678	288	0.42
Tpa_1930	1432	1337	0.93
Tpa_1966	5903	2204	0.37
Tpa_2006	12026	11594	0.96
Tpa_2010	15429	2934	0.19
Tpa_2021	44811	7560	0.17
Tpa_2034	2149	1983	0.92
Tpa_2040	13099	10692	0.82
Tpa_2041	80439	5232	0.07
Tpa_2073	739	115	0.16
Tpa_2076	11144	1128	0.10
Tpa_2096	1573	1518	0.97
Tpa_2128	5876	5349	0.91
Tpa_2157	3279	2908	0.89
Tpa_2180	5222	1383	0.26
Tpa_2194	1305	1261	0.97
Tpa_2207	2015	1948	0.97
Tpa_2254	3931	1758	0.45
Tpa_2278	2699	2571	0.95
Tpa_2334	11643	9	0.00
Tpa_2344	11576	4701	0.41
Tpa_2353	1931	1802	0.93
Tpa_2368	25485	7283	0.29
Tpa_2412	10069	671	0.07
Tpa_2417	1708	1083	0.63
Tpa_2453	430	0	0.00
Tpa_2458	8998	5850	0.65
Tpa_2460	26415	171	0.01
Tpa_2470	11538	1621	0.14
Tpa_2483	21331	939	0.04
Tpa_2498	2388	406	0.17
Tpa_2509	7690	7411	0.96
Tpa_2518	871	461	0.53
Tpa_2519	877	523	0.60
Tpa_2523	9298	98	0.01
Tpa_2581	9232	8305	0.90
Tpa_2601	15430	15026	0.97
Tpa_2608	30721	3514	0.11
Tpa_2636	43685	322	0.01
Tpa_2639	27034	291	0.01
Tpa_2664	14010	297	0.02
Tpa_2702	8984	5398	0.60
Tpa_2712	20263	10216	0.50
Tpa_2734	11064	7722	0.70
Tpa_2741	161	31	0.19
Tpa_2745	23377	13734	0.59
Tpa_2763	5155	5026	0.97
Tpa_2845	75	70	0.93
Tpa_2854	3128	182	0.06
Tpa_2856	3081	921	0.30
Tpa_2861	1322	365	0.28
Tpa_2868	3972	215	0.05
Tpa_2900	7231	5972	0.83
Tpa_2907	3753	383	0.10
Tpa_2961	773	620	0.80
Tpa_2970	1689	369	0.22
Tpa_3004	11421	6230	0.55
Tpa_3011	13680	304	0.02
Tpa_3018	3833	1693	0.44
Tpa_3047	3675	518	0.14
Tpa_3055	15973	490	0.03
Tpa_3063	830	126	0.15
Tpa_3129	4621	4065	0.88
Tpa_3149	19864	19362	0.97
Tpa_3193	3	3	1.00
Tpa_3197	62009	13604	0.22
Tpa_3200	4762	4094	0.86
Tpa_3235	1274	908	0.71
Tpa_3248	2083	1841	0.88
Tpa_3254	3700	1426	0.39
Tpa_3262	5950	4856	0.82
Tpa_3263	30840	224	0.01
Tpa_3310	33809	3110	0.09
Tpa_3347	350	190	0.54
Tpa_3354	608	596	0.98
Tpa_3364	3709	2877	0.78
Tpa_3385	469	347	0.74
Tpa_3414	94155	20	0.00
Tpa_3439	8320	5514	0.66
Tpa_3502	28	8	0.29
Tpa_3561	179	137	0.77
Tpa_3569	1323	1285	0.97
Tpa_3578	12562	3122	0.25
Tpa_3583	1353	925	0.68
Tpa_3616	1410	1058	0.75
Tpa_3674	10144	6878	0.68
Tpa_3676	7442	2052	0.28
Tpa_3679	1904	533	0.28
Tpa_3684	2325	26	0.01
Tpa_3705	11244	1403	0.12
Tpa_3723	113	106	0.94
Tpa_3737	3335	196	0.06
Tpa_3745	14468	12549	0.87
Tpa_3795	1793	734	0.41
Tpa_3846	11830	5952	0.50
Tpa_3862	445	154	0.35
Tpa_3871	7986	2433	0.30
Tpa_3879	5373	4936	0.92
Tpa_3905	2446	253	0.10
Tpa_3926	30374	685	0.02
Tpa_3937	7900	7241	0.92
Tpa_3962	17895	16609	0.93
Tpa_3974	3103	2076	0.67
Tpa_4020	1387	1246	0.90
Tpa_4021	2461	2110	0.86
Tpa_4022	4180	3585	0.86
Tpa_4055	9523	449	0.05
Tpa_4077	45550	723	0.02
Tpa_4120	7514	4399	0.59
Tpa_4126	2654	1721	0.65
Tpa_4137	7872	6520	0.83
Tpa_4148	30431	361	0.01
Tpa_4168	2847	522	0.18
Tpa_4176	3441	991	0.29
Tpa_4178	2044	447	0.22
Tpa_4209	2308	1251	0.54
Tpa_4221	1429	59	0.04
Tpa_4230	38071	2113	0.06
Tpa_4245	4146	20	0.00
Tpa_4246	7953	5339	0.67
Tpa_4247	2739	861	0.31
Tpa_4268	278946	270212	0.97
Tpa_4291	4454	3974	0.89
Tpa_4295	1655	1501	0.91
Tpa_4310	27883	2194	0.08
Tpa_4316	5345	4097	0.77
Tpa_4353	11350	2850	0.25
Tpa_4356	11356	9195	0.81
Tpa_4380	10517	9286	0.88
Tpa_4384	46285	43725	0.94
Tpa_4394	22779	20305	0.89
Tpa_4416	8812	5117	0.58
Tpa_4425	13929	220	0.02
Tpa_4443	5050	4758	0.94
Tpa_4454	8214	2616	0.32
Tpa_4467	38193	855	0.02
Tpa_4495	10315	9984	0.97
Tpa_4506	1520	265	0.17
Tpa_4511	11848	4916	0.41
Tpa_4549	51036	171	0.00
Tpa_4556	1640	1546	0.94
Tpa_4569	13726	2502	0.18
Tpa_4582	13932	3745	0.27
Tpa_4590	87745	63246	0.72
Tpa_4591	20687	6008	0.29
Tpa_4592	18425	1154	0.06
Tpa_4593	7139	2389	0.33
Tpa_4595	2175	1581	0.73
Tpa_4599	237412	227203	0.96
Tpa_4633	17518	3504	0.20
Tpa_4637	4850	280	0.06
Tpa_4668	5353	425	0.08
Tpa_4678	22696	9363	0.41
Tpa_4697	8171	7889	0.97
Tpa_4713	38963	20842	0.53
Tpa_4731	16270	659	0.04
Tpa_4747	2256	500	0.22
Tpa_4749	1253	763	0.61
Tpa_4804	5814	1128	0.19
Tpa_4849	4069	1821	0.45
Tpa_4862	10990	6600	0.60
Tpa_4885	3712	133	0.04
Tpa_4886	34814	466	0.01
Tpa_4900	9216	4263	0.46
Tpa_4920	34623	27	0.00
Tpa_4928	56789	19582	0.34
Tpa_4936	14045	12445	0.89
Tpa_4985	2601	559	0.21
Tpa_5002	15716	9479	0.60
Tpa_5015	931	129	0.14
Tpa_5022	2669	2594	0.97
Tpa_5057	7670	6770	0.88
Tpa_5069	691404	2310	0.00
Tpa_5075	4025	3850	0.96
Tpa_5104	359	326	0.91
Tpa_5106	11987	7931	0.66
Tpa_5118	8928	140	0.02
Tpa_5138	45550	17320	0.38
Tpa_5144	3488	1783	0.51
Tpa_5167	4108	2098	0.51
Tpa_5196	1122	547	0.49
Tpa_5205	6549	3891	0.59
Tpa_5206	43251	1649	0.04
Tpa_5218	10690	6816	0.64
Tpa_5222	9181	8276	0.90
Tpa_5228	1024	895	0.87
Tpa_5241	4335	4119	0.95
Tpa_5242	6228	5320	0.85
Tpa_5244	10180	9088	0.89
Tpa_5249	16885	11752	0.70
Tpa_5270	240	234	0.97
Tpa_5278	9163	8811	0.96
Tpa_5279	6926	1776	0.26
Tpa_5292	10645	7877	0.74
Tpa_5298	20671	4233	0.20
Tpa_5327	9132	6991	0.77
Tpa_5360	27239	4884	0.18
Tpa_5361	6771	4303	0.64
Tpa_5373	4647	1676	0.36
Tpa_5379	398462	257006	0.64
Tpa_5382	44011	38689	0.88
Tpa_5418	7403	5403	0.73
Tpa_5441	11960	4722	0.39
Tpa_5445	3374	3249	0.96
Tpa_5446	2109	1426	0.68
Tpa_5454	36322	33528	0.92
Tpa_5471	10361	4459	0.43
Tpa_5485	1484	433	0.29
Tpa_5501	40315	9491	0.24
Tpa_5525	54587	4171	0.08
Tpa_5538	265	259	0.98
Tpa_5540	18862	11753	0.62
Tpa_5542	8637	7696	0.89
Tpa_5563	1699	1525	0.90
Tpa_5565	78516	54858	0.70
Tpa_5570	5265	145	0.03
Tpa_5574	33260	300	0.01
Tpa_5588	1408	1071	0.76
Tpa_5594	7577	4618	0.61
Tpa_5601	62265	10551	0.17
Tpa_5609	995	373	0.37
Tpa_5623	3285	2636	0.80
Tpa_5636	6508	2597	0.40
Tpa_5651	6349	5127	0.81
Tpa_5679	1916	1331	0.69
Tpa_5741	15034	618	0.04
Tpa_5747	279086	88561	0.32
Tpa_5761	13217	11414	0.86
Tpa_5774	38372	11401	0.30
Tpa_5786	4796	4582	0.96
Tpa_5795	60140	26	0.00
Tpa_5796	4184	3318	0.79
Tpa_5823	80471	49890	0.62
Tpa_5827	13332	7917	0.59
Tpa_5829	10214	9753	0.95
Tpa_5838	6128	5519	0.90
Tpa_5854	323	3	0.01
Tpa_5856	2194	1923	0.88
Tpa_5863	5665	5026	0.89
Tpa_5868	5698	3898	0.68
Tpa_5878	110983	2995	0.03
Tpa_5913	42192	37191	0.88
Tpa_5916	14938	11777	0.79
Tpa_5917	5426	3921	0.72
Tpa_5942	5518	4246	0.77
Tpa_5951	0	0	NA
Tpa_5961	1863	219	0.12
Tpa_5978	27217	911	0.03
Tpa_5980	1205	978	0.81
Tpa_6003	872177	26883	0.03
Tpa_6016	13435	503	0.04
Tpa_6076	10893	2003	0.18
Tpa_6083	5361	4925	0.92
Tpa_6137	1214	837	0.69
Tpa_6139	23523	8533	0.36
Tpa_6150	357	322	0.90
Tpa_6158	11002	3175	0.29
Tpa_6169	101081	3982	0.04
Tpa_6172	26903	2952	0.11
Tpa_6204	1637	53	0.03
Tpa_6220	0	0	NA
Tpa_6222	2079	1933	0.93
Tpa_6224	21011	15290	0.73
Tpa_6265	440	207	0.47
Tpa_6270	3524	1116	0.32
Tpa_6285	322	135	0.42
Tpa_6321	0	0	NA
Tpa_6352	155	40	0.26
Tpa_6355	75961	7022	0.09
Tpa_6384	1942	161	0.08
Tpa_6385	26791	1109	0.04
Tpa_6388	315	300	0.95
Tpa_6391	6260	3245	0.52
Tpa_6411	445	53	0.12
Tpa_6422	35267	1549	0.04
Tpa_6442	55722	29934	0.54
Tpa_6445	126	26	0.21
Tpa_6449	3088	158	0.05
Tpa_6451	2500	371	0.15
Tpa_6453	3447	2290	0.66
Tpa_6487	11482	4745	0.41
Tpa_6493	21257	2214	0.10
Tpa_6511	29237	2887	0.10
Tpa_6528	13226	648	0.05
Tpa_6543	37517	152	0.00
Tpa_6562	47886	2837	0.06
Tpa_6565	7395	6363	0.86
Tpa_6586	3369	1622	0.48
Tpa_6591	5903	5654	0.96
Tpa_6604	199	17	0.09
Tpa_6611	28	0	0.00
Tpa_6630	25608	4902	0.19
Tpa_6654	352	287	0.82
Tpa_6683	172	29	0.17
Tpa_6687	1192	717	0.60
Tpa_6689	456198	5975	0.01
Tpa_6713	35813	6164	0.17
Tpa_6733	5437	5291	0.97
Tpa_6768	27480	25401	0.92
Tpa_6773	54171	22571	0.42
Tpa_6774	6706	4609	0.69
Tpa_6786	17639	13762	0.78
Tpa_6814	9622	4502	0.47
Tpa_6816	8237	7742	0.94
Tpa_6853	123071	1235	0.01
Tpa_6887	8087	2490	0.31
Tpa_6922	122969	12988	0.11
Tpa_6937	30131	19218	0.64
Tpa_6963	23015	22328	0.97
Tpa_6973	10203	9125	0.89
Tpa_7007	895	80	0.09
Tpa_7010	27558	25185	0.91
Tpa_7018	5093	3235	0.64
Tpa_7052	63086	61908	0.98
Tpa_7058	21563	3901	0.18
Tpa_7062	4622	3844	0.83
Tpa_7080	29080	24809	0.85
Tpa_7082	1587	1551	0.98
Tpa_7090	4019	3822	0.95
Tpa_7106	170743	1534	0.01
Tpa_7153	308	270	0.88
Tpa_7157	21010	14341	0.68
Tpa_7201	65674	29879	0.45
Tpa_7204	21735	11352	0.52
Tpa_7210	47028	12619	0.27
Tpa_7213	161570	139433	0.86
Tpa_7221	32944	3342	0.10
Tpa_7240	31653	5729	0.18
Tpa_7289	58041	7887	0.14
Tpa_7291	63209	530	0.01
Tpa_7293	2803	367	0.13
Tpa_7331	159	17	0.11
Tpa_7348	70709	1999	0.03
Tpa_7352	212	16	0.08
Tpa_7367	8614	7705	0.89
Tpa_7375	49603	15508	0.31
Tpa_7391	292835	137695	0.47
Tpa_7406	195	3	0.02
Tpa_7413	379	367	0.97
Tpa_7417	10782	10516	0.98
Tpa_7425	19085	5361	0.28
Tpa_7447	2007	147	0.07
Tpa_7450	282	17	0.06
Tpa_7452	5305	2025	0.38
Tpa_7454	32023	12388	0.39
Tpa_7461	16298	2610	0.16
Tpa_7477	6713	5362	0.80
Tpa_7479	21145	18749	0.89
Tpa_7483	58385	39611	0.68
Tpa_7495	1594	1528	0.96
Tpa_7496	701078	133	0.00
Tpa_7533	10782	10161	0.94
Tpa_7540	18692	16311	0.87
Tpa_7553	16386	14541	0.89
Tpa_7560	7670	5068	0.66
Tpa_7566	124225	121241	0.98
Tpa_7567	7334	1587	0.22
Tpa_7571	15367	8518	0.55
Tpa_7586	106721	100568	0.94
Tpa_7594	2416	2287	0.95
Tpa_7597	58358	57105	0.98
Tpa_7601	9786	0	0.00
Tpa_7604	12387	3028	0.24
Tpa_7605	73639	12110	0.16
Tpa_7615	15245	14598	0.96
Tpa_7652	567	527	0.93
Tpa_7653	1468	1162	0.79
Tpa_7657	8665	8086	0.93
Tpa_7665	44	23	0.52
Tpa_7686	176498	169612	0.96
Tpa_7690	144374	140413	0.97
Tpa_7691	3349	650	0.19
Tpa_7703	32493	1919	0.06
Tpa_7755	191625	4694	0.02
Tpa_7757	556	33	0.06
Tpa_7764	58565	29265	0.50
Tpa_7765	15499	935	0.06
Tpa_7769	22886	21527	0.94
Tpa_7772	4088	1	0.00
Tpa_7798	70669	7060	0.10
Tpa_7799	17183	911	0.05
Tpa_7805	2640	2520	0.95
Tpa_7807	12583	3251	0.26
Tpa_7814	55161	17417	0.32
Tpa_7825	39326	37431	0.95
Tpa_7848	5935	3072	0.52
Tpa_7871	2401	765	0.32
Tpa_7910	5523	2625	0.48
