Locus_ID	AvgReadDepth	GenotypeRate	minAF	majAF	alleles	allFreqs	conScore
1	Tpa_0010_1	13.8947368421053	0.536842105263158	0.186274509803922	0.813725490196078	A,G	0.81,0.19	0.0666666666666667
2	Tpa_0012_1	40.4698795180723	0.663157894736842	0.0158730158730159	0.984126984126984	C,A	0.02,0.98	0
3	Tpa_0024_1	1.8	0.0105263157894737	0	1	A,C	1,0	NA
4	Tpa_0035_1	12.4838709677419	0.389473684210526	0	1	T,C	0,1	NA
5	Tpa_0037_1	6.04081632653061	0.242105263157895	0.326086956521739	0.673913043478261	A,C	0.67,0.33	0
6	Tpa_0095_1	288.212765957447	0.968421052631579	0.0652173913043478	0.934782608695652	G,A	0.07,0.93	0.2
7	Tpa_0151_1	741.212765957447	0.989473684210526	0.0372340425531915	0.962765957446808	G,A	0.04,0.96	0.142857142857143
8	Tpa_0183_1	325.893617021277	0.926315789473684	0.176136363636364	0.823863636363636	C,A	0.82,0.18	0.2
9	Tpa_0186_1	20.4647887323944	0.505263157894737	0.0729166666666667	0.927083333333333	C,A	0.07,0.93	0
10	Tpa_0215_1	1	0	NA	NA	A,C	NaN,NaN	NA
11	Tpa_0226_1	3.59375	0.0526315789473684	0.1	0.9	C,A	0.1,0.9	0
12	Tpa_0228_1	3.5	0.136842105263158	0.0769230769230769	0.923076923076923	T,A	0.08,0.92	0
13	Tpa_0263_1	17.2153846153846	0.505263157894737	0.229166666666667	0.770833333333333	C,G	0.23,0.77	0
14	Tpa_0269_1	9.57142857142857	0.347368421052632	0.287878787878788	0.712121212121212	G,A	0.29,0.71	0
15	Tpa_0272_1	4.28571428571429	0.0210526315789474	0	1	A,C	1,0	NA
16	Tpa_0301_1	399.670212765957	0.957894736842105	0.0274725274725275	0.972527472527473	G,T	0.97,0.03	0.6
17	Tpa_0342_1	53.9080459770115	0.778947368421053	0.25	0.75	C,T	0.75,0.25	0.0645161290322581
18	Tpa_0346_1	16.9491525423729	0.442105263157895	0.107142857142857	0.892857142857143	A,C	0.89,0.11	0.111111111111111
19	Tpa_0358_1	25.5	0.557894736842105	0.0566037735849057	0.943396226415094	A,C	0.94,0.06	0
20	Tpa_0366_1	25.9418604651163	0.747368421052632	0.0492957746478873	0.950704225352113	T,C	0.95,0.05	0
21	Tpa_0367_1	16.6666666666667	0.463157894736842	0.0340909090909091	0.965909090909091	C,T	0.97,0.03	0
22	Tpa_0371_1	48.7586206896552	0.684210526315789	0.0307692307692308	0.969230769230769	C,T	0.97,0.03	0
23	Tpa_0395_1	39.2159090909091	0.642105263157895	0.00819672131147541	0.991803278688525	G,A	0.01,0.99	0
24	Tpa_0409_1	5.70731707317073	0.178947368421053	0.235294117647059	0.764705882352941	T,C	0.76,0.24	0
25	Tpa_0427_1	24.4285714285714	0.610526315789474	0.456896551724138	0.543103448275862	C,T	0.54,0.46	0.129032258064516
26	Tpa_0429_1	12.0625	0.410526315789474	0	1	G,C	0,1	NA
27	Tpa_0438_1	9.20289855072464	0.357894736842105	0.102941176470588	0.897058823529412	A,C	0.1,0.9	0
28	Tpa_0439_1	263.086956521739	0.936842105263158	0.275280898876405	0.724719101123595	G,C	0.72,0.28	0.121212121212121
29	Tpa_0474_1	3.75	0.0210526315789474	0	1	A,T	1,0	NA
30	Tpa_0492_1	10.3770491803279	0.357894736842105	0	1	C,G	1,0	NA
31	Tpa_0500_1	6.82608695652174	0.178947368421053	0.205882352941176	0.794117647058823	A,C	0.79,0.21	0
32	Tpa_0540_1	6.8695652173913	0.221052631578947	0.261904761904762	0.738095238095238	G,C	0.26,0.74	0
33	Tpa_0547_1	67.6931818181818	0.757894736842105	0.0347222222222222	0.965277777777778	G,A	0.03,0.97	0
34	Tpa_0556_1	6.12244897959184	0.189473684210526	0	1	C,T	1,0	NA
35	Tpa_0569_1	42.2222222222222	0.736842105263158	0.292857142857143	0.707142857142857	A,G	0.71,0.29	0.225806451612903
36	Tpa_0584_1	34.2359550561798	0.715789473684211	0.0441176470588235	0.955882352941177	C,G	0.96,0.04	0
37	Tpa_0592_1	280.440860215054	0.947368421052632	0.0833333333333333	0.916666666666667	A,G	0.92,0.08	0.2
38	Tpa_0650_1	7.63265306122449	0.242105263157895	0.0652173913043478	0.934782608695652	G,A	0.07,0.93	1
39	Tpa_0671_1	39.3414634146341	0.663157894736842	0.119047619047619	0.880952380952381	C,G	0.88,0.12	0.272727272727273
40	Tpa_0678_1	2.16666666666667	0.0315789473684211	0.333333333333333	0.666666666666667	G,A	0.33,0.67	NA
41	Tpa_0687_1	33.9294117647059	0.715789473684211	0.117647058823529	0.882352941176471	C,T	0.88,0.12	0.0833333333333333
42	Tpa_0730_1	14.4411764705882	0.442105263157895	0.166666666666667	0.833333333333333	G,C	0.17,0.83	0.125
43	Tpa_0743_1	19.4545454545455	0.578947368421053	0	1	C,A	0,1	NA
44	Tpa_0763_1	37.5	0.631578947368421	0.141666666666667	0.858333333333333	C,A	0.14,0.86	0.0909090909090909
45	Tpa_0768_1	2.88095238095238	0.2	0	1	G,A	0,1	NA
46	Tpa_0791_1	53.5402298850575	0.8	0.0460526315789474	0.953947368421053	G,A	0.05,0.95	0.285714285714286
47	Tpa_0826_1	3.07843137254902	0.178947368421053	0.117647058823529	0.882352941176471	G,C	0.12,0.88	0
48	Tpa_0866_1	675.315789473684	1	0.0789473684210526	0.921052631578947	C,T	0.92,0.08	0.692307692307692
49	Tpa_0868_1	1.14285714285714	0.0105263157894737	0.5	0.5	A,T	0.5,0.5	0
50	Tpa_0882_1	4.52173913043478	0.0526315789473684	0.5	0.5	A,T	0.5,0.5	0
51	Tpa_0888_1	35.3837209302326	0.663157894736842	0.0238095238095238	0.976190476190476	G,A	0.02,0.98	0
52	Tpa_0895_1	13.536231884058	0.378947368421053	0.0138888888888889	0.986111111111111	G,A	0.01,0.99	0
53	Tpa_0905_1	40.7831325301205	0.684210526315789	0.0923076923076923	0.907692307692308	T,C	0.91,0.09	0
54	Tpa_0912_1	3.15384615384615	0.0421052631578947	0	1	C,A	0,1	NA
55	Tpa_0929_1	6.1	0.2	0	1	G,A	0,1	NA
56	Tpa_0936_1	16.8103448275862	0.4	0.0657894736842105	0.934210526315789	C,T	0.93,0.07	0
57	Tpa_0953_1	175.304347826087	0.936842105263158	0.0842696629213483	0.915730337078652	C,T	0.92,0.08	0.0666666666666667
58	Tpa_0970_1	2	0.0210526315789474	0	1	A,C	1,0	NA
59	Tpa_0973_1	2.41666666666667	0.0210526315789474	0	1	T,G	0,1	NA
60	Tpa_0979_1	39.0897435897436	0.589473684210526	0.0535714285714286	0.946428571428571	C,G	0.95,0.05	0
61	Tpa_1007_1	21.7972972972973	0.515789473684211	0.326530612244898	0.673469387755102	T,C	0.67,0.33	0
62	Tpa_1022_1	36.1875	0.673684210526316	0	1	G,A	0,1	NA
63	Tpa_1042_1	9.45833333333333	0.178947368421053	0.0294117647058824	0.970588235294118	G,A	0.03,0.97	0
64	Tpa_1071_1	13.2452830188679	0.378947368421053	0.194444444444444	0.805555555555556	A,C	0.81,0.19	0
65	Tpa_1077_1	23.7532467532468	0.631578947368421	0.125	0.875	C,T	0.88,0.12	0.0909090909090909
66	Tpa_1082_1	682.244680851064	0.978947368421053	0.0860215053763441	0.913978494623656	C,T	0.91,0.09	0.625
67	Tpa_1098_1	2.41666666666667	0.0421052631578947	0.125	0.875	A,C	0.88,0.12	0
68	Tpa_1112_1	37.1923076923077	0.610526315789474	0.112068965517241	0.887931034482759	G,A	0.11,0.89	0.0769230769230769
69	Tpa_1136_1	1.33333333333333	0	NA	NA	T,G	NaN,NaN	NA
70	Tpa_1144_1	23.4096385542169	0.652631578947368	0.120967741935484	0.879032258064516	G,T	0.88,0.12	0
71	Tpa_1154_1	44.8658536585366	0.694736842105263	0.265151515151515	0.734848484848485	C,T	0.27,0.73	0.19047619047619
72	Tpa_1156_1	1.25	0.0105263157894737	0	1	G,A	0,1	NA
73	Tpa_1187_1	20.2777777777778	0.557894736842105	0.0754716981132075	0.924528301886792	C,T	0.92,0.08	0
74	Tpa_1268_1	25.7215189873418	0.610526315789474	0.0344827586206897	0.96551724137931	T,A	0.03,0.97	0
75	Tpa_1290_1	NA	0	NA	NA	C,T	NaN,NaN	NA
76	Tpa_1304_1	35.8625	0.621052631578947	0.177966101694915	0.822033898305085	A,G	0.18,0.82	0.0476190476190476
77	Tpa_1305_1	1.66666666666667	0	NA	NA	A,T	NaN,NaN	NA
78	Tpa_1310_1	16.3692307692308	0.484210526315789	0.0543478260869565	0.945652173913043	C,T	0.95,0.05	0
79	Tpa_1312_1	49.4047619047619	0.715789473684211	0.0147058823529412	0.985294117647059	C,T	0.99,0.01	0
80	Tpa_1320_1	20.7	0.0526315789473684	0	1	T,C	0,1	NA
81	Tpa_1341_1	6.29787234042553	0.221052631578947	0.0476190476190476	0.952380952380952	C,T	0.95,0.05	0
82	Tpa_1357_1	48.4880952380952	0.673684210526316	0.0234375	0.9765625	G,C	0.02,0.98	0
83	Tpa_1359_1	10.6716417910448	0.463157894736842	0.0909090909090909	0.909090909090909	A,G	0.91,0.09	0.125
84	Tpa_1394_1	5.39024390243902	0.147368421052632	0.214285714285714	0.785714285714286	G,A	0.21,0.79	0.166666666666667
85	Tpa_1404_1	3.24137931034483	0.0736842105263158	0	1	C,T	1,0	NA
86	Tpa_1443_1	2.33333333333333	0.0736842105263158	0.285714285714286	0.714285714285714	A,G	0.29,0.71	0
87	Tpa_1486_1	25.9861111111111	0.578947368421053	0.1	0.9	T,C	0.1,0.9	0
88	Tpa_1515_1	12.8783783783784	0.484210526315789	0.184782608695652	0.815217391304348	A,C	0.82,0.18	0.181818181818182
89	Tpa_1528_1	8.80645161290323	0.336842105263158	0.203125	0.796875	G,T	0.8,0.2	0
90	Tpa_1542_1	53.8117647058824	0.768421052631579	0.0136986301369863	0.986301369863014	C,G	0.99,0.01	0
91	Tpa_1548_1	6.3469387755102	0.221052631578947	0.238095238095238	0.761904761904762	T,G	0.24,0.76	0
92	Tpa_1550_1	37.1084337349398	0.715789473684211	0.0294117647058824	0.970588235294118	C,G	0.97,0.03	0.5
93	Tpa_1585_1	530.872340425532	0.978947368421053	0.0752688172043011	0.924731182795699	T,C	0.92,0.08	0.25
94	Tpa_1593_1	14.9242424242424	0.463157894736842	0.261363636363636	0.738636363636364	G,A	0.26,0.74	0
95	Tpa_1606_1	9.46969696969697	0.378947368421053	0.0833333333333333	0.916666666666667	T,G	0.08,0.92	0
96	Tpa_1638_1	7.18181818181818	0.273684210526316	0.0769230769230769	0.923076923076923	C,G	0.92,0.08	0
97	Tpa_1646_1	19.0519480519481	0.631578947368421	0.0666666666666667	0.933333333333333	C,T	0.93,0.07	0
98	Tpa_1662_1	51.3837209302326	0.768421052631579	0.089041095890411	0.910958904109589	G,A	0.09,0.91	0.0909090909090909
99	Tpa_1678_1	99.3404255319149	0.873684210526316	0.0602409638554217	0.939759036144578	C,T	0.94,0.06	0
100	Tpa_1689_1	21.1578947368421	0.578947368421053	0.136363636363636	0.863636363636364	C,T	0.86,0.14	0.0909090909090909
101	Tpa_1703_1	1	0	NA	NA	A,G	NaN,NaN	NA
102	Tpa_1731_1	66.1573033707865	0.778947368421053	0.027027027027027	0.972972972972973	C,A	0.03,0.97	0.25
103	Tpa_1774_1	56.7586206896552	0.757894736842105	0.00694444444444444	0.993055555555556	C,T	0.99,0.01	0
104	Tpa_1775_1	16	0.210526315789474	0.2	0.8	C,T	0.8,0.2	NA
105	Tpa_1804_1	102.112359550562	0.778947368421053	0.222972972972973	0.777027027027027	C,G	0.78,0.22	0.285714285714286
106	Tpa_1818_1	7.35714285714286	0.294736842105263	0.214285714285714	0.785714285714286	G,A	0.79,0.21	0
107	Tpa_1831_1	44.6896551724138	0.652631578947368	0.0564516129032258	0.943548387096774	G,T	0.94,0.06	0
108	Tpa_1832_1	12.6	0.368421052631579	0.0285714285714286	0.971428571428571	A,G	0.97,0.03	0
109	Tpa_1843_1	16.4473684210526	0.526315789473684	0.06	0.94	C,T	0.94,0.06	0
110	Tpa_1847_1	1	0	NA	NA	T,A	NaN,NaN	NA
111	Tpa_1891_1	27.7073170731707	0.6	0.0263157894736842	0.973684210526316	C,A	0.03,0.97	0
112	Tpa_1896_1	11.7123287671233	0.484210526315789	0.0434782608695652	0.956521739130435	A,G	0.04,0.96	0
113	Tpa_1917_1	6	0.273684210526316	0.365384615384615	0.634615384615385	C,T	0.63,0.37	0
114	Tpa_1930_1	18.3150684931507	0.557894736842105	0.245283018867925	0.754716981132076	A,G	0.25,0.75	0
115	Tpa_1966_1	62.9714285714286	0.252631578947368	0.1875	0.8125	C,T	0.19,0.81	1
116	Tpa_2006_1	126.021739130435	0.894736842105263	0.117647058823529	0.882352941176471	C,T	0.88,0.12	0.0555555555555556
117	Tpa_2010_1	35.780487804878	0.673684210526316	0	1	C,G	1,0	NA
118	Tpa_2021_1	84	0.831578947368421	0.0632911392405063	0.936708860759494	C,T	0.94,0.06	0
119	Tpa_2034_1	26.7972972972973	0.589473684210526	0	1	A,T	1,0	NA
120	Tpa_2040_1	116.217391304348	0.884210526315789	0.148809523809524	0.851190476190476	T,A	0.15,0.85	0.105263157894737
121	Tpa_2041_1	57.4945054945055	0.810526315789474	0.00649350649350649	0.993506493506494	C,A	0.01,0.99	0
122	Tpa_2073_1	3.70967741935484	0.0736842105263158	0.142857142857143	0.857142857142857	G,A	0.14,0.86	0
123	Tpa_2076_1	14.8421052631579	0.442105263157895	0.0476190476190476	0.952380952380952	C,A	0.05,0.95	0
124	Tpa_2096_1	21.3802816901408	0.515789473684211	0.0918367346938776	0.908163265306122	G,A	0.09,0.91	0
125	Tpa_2128_1	62.1976744186046	0.726315789473684	0.0797101449275362	0.920289855072464	G,T	0.92,0.08	0.181818181818182
126	Tpa_2157_1	36.35	0.631578947368421	0.05	0.95	A,C	0.95,0.05	0
127	Tpa_2180_1	17.0740740740741	0.589473684210526	0.0446428571428571	0.955357142857143	C,T	0.04,0.96	0.2
128	Tpa_2194_1	17.7605633802817	0.515789473684211	0.336734693877551	0.663265306122449	A,G	0.66,0.34	0
129	Tpa_2207_1	23.7560975609756	0.557894736842105	0.216981132075472	0.783018867924528	G,T	0.78,0.22	0
130	Tpa_2254_1	22.8311688311688	0.536842105263158	0.127450980392157	0.872549019607843	C,G	0.87,0.13	0
131	Tpa_2278_1	31.7407407407407	0.6	0.149122807017544	0.850877192982456	G,A	0.15,0.85	0.0769230769230769
132	Tpa_2334_1	1.5	0.0105263157894737	0	1	C,T	1,0	NA
133	Tpa_2344_1	55.3058823529412	0.757894736842105	0.0277777777777778	0.972222222222222	G,A	0.03,0.97	0
134	Tpa_2353_1	22.2469135802469	0.610526315789474	0.112068965517241	0.887931034482759	C,G	0.89,0.11	0
135	Tpa_2368_1	80.9222222222222	0.842105263157895	0	1	A,G	0,1	NA
136	Tpa_2412_1	10.484375	0.378947368421053	0.0138888888888889	0.986111111111111	G,A	0.01,0.99	0
137	Tpa_2417_1	14.0649350649351	0.536842105263158	0.0196078431372549	0.980392156862745	A,G	0.02,0.98	0
138	Tpa_2453_1	NA	0	NA	NA	T,C	NaN,NaN	NA
139	Tpa_2458_1	71.3414634146341	0.726315789473684	0.0289855072463768	0.971014492753623	C,T	0.97,0.03	0
140	Tpa_2460_1	5.7	0.115789473684211	0	1	G,A	0,1	NA
141	Tpa_2470_1	19.0705882352941	0.673684210526316	0.0703125	0.9296875	C,T	0.93,0.07	0
142	Tpa_2483_1	13.2253521126761	0.536842105263158	0.0980392156862745	0.901960784313726	C,T	0.9,0.1	0
143	Tpa_2498_1	7.96078431372549	0.231578947368421	0.113636363636364	0.886363636363636	C,G	0.89,0.11	0
144	Tpa_2509_1	84.2159090909091	0.852631578947368	0.191358024691358	0.808641975308642	C,T	0.81,0.19	0.111111111111111
145	Tpa_2518_1	6.88059701492537	0.305263157894737	0.155172413793103	0.844827586206897	T,C	0.16,0.84	0
146	Tpa_2519_1	9.01724137931035	0.357894736842105	0.0294117647058824	0.970588235294118	A,T	0.97,0.03	0
147	Tpa_2523_1	3.5	0.0631578947368421	0.0833333333333333	0.916666666666667	A,G	0.92,0.08	0
148	Tpa_2581_1	92.2777777777778	0.852631578947368	0.135802469135802	0.864197530864197	T,C	0.14,0.86	0.1
149	Tpa_2601_1	161.569892473118	0.91578947368421	0.408045977011494	0.591954022988506	T,C	0.59,0.41	0.13953488372093
150	Tpa_2608_1	42.8536585365854	0.789473684210526	0.246666666666667	0.753333333333333	A,C	0.75,0.25	0.0434782608695652
151	Tpa_2636_1	6.57142857142857	0.221052631578947	0	1	A,T	1,0	NA
152	Tpa_2639_1	5.93877551020408	0.2	0.0526315789473684	0.947368421052632	G,A	0.05,0.95	0
153	Tpa_2664_1	6.75	0.189473684210526	0.0277777777777778	0.972222222222222	C,T	0.97,0.03	0
154	Tpa_2702_1	58.0430107526882	0.768421052631579	0.0616438356164384	0.938356164383562	C,T	0.94,0.06	0
155	Tpa_2712_1	111.04347826087	0.873684210526316	0.0421686746987952	0.957831325301205	G,A	0.04,0.96	0.142857142857143
156	Tpa_2734_1	93.0361445783133	0.684210526315789	0.0923076923076923	0.907692307692308	T,G	0.91,0.09	0.583333333333333
157	Tpa_2741_1	2.81818181818182	0.0421052631578947	0.125	0.875	A,C	0.12,0.88	0
158	Tpa_2745_1	144.568421052632	0.968421052631579	0.244565217391304	0.755434782608696	G,A	0.76,0.24	0
159	Tpa_2763_1	59.1294117647059	0.684210526315789	0.0153846153846154	0.984615384615385	A,T	0.98,0.02	0
160	Tpa_2845_1	2.69230769230769	0.0315789473684211	0	1	T,G	0,1	NA
161	Tpa_2854_1	5.87096774193548	0.126315789473684	0.125	0.875	C,T	0.88,0.12	0
162	Tpa_2856_1	13.9545454545455	0.389473684210526	0.148648648648649	0.851351351351351	C,T	0.85,0.15	0
163	Tpa_2861_1	7.93478260869565	0.273684210526316	0.0192307692307692	0.980769230769231	G,A	0.02,0.98	0
164	Tpa_2868_1	6.32352941176471	0.136842105263158	0.0384615384615385	0.961538461538462	C,T	0.96,0.04	0
165	Tpa_2900_1	68.6436781609195	0.810526315789474	0.038961038961039	0.961038961038961	G,A	0.04,0.96	0
166	Tpa_2907_1	7.81632653061224	0.273684210526316	0.211538461538462	0.788461538461538	T,C	0.21,0.79	0
167	Tpa_2961_1	13.1914893617021	0.294736842105263	0.0357142857142857	0.964285714285714	A,G	0.96,0.04	0
168	Tpa_2970_1	6.58928571428571	0.347368421052632	0.0909090909090909	0.909090909090909	C,T	0.91,0.09	0
169	Tpa_3004_1	70.7954545454545	0.852631578947368	0.12962962962963	0.87037037037037	A,G	0.13,0.87	0.117647058823529
170	Tpa_3011_1	8.21621621621622	0.157894736842105	0.0666666666666667	0.933333333333333	G,A	0.07,0.93	0
171	Tpa_3018_1	21.987012987013	0.557894736842105	0.0188679245283019	0.981132075471698	G,T	0.98,0.02	0
172	Tpa_3047_1	10.156862745098	0.294736842105263	0.107142857142857	0.892857142857143	C,G	0.89,0.11	0.5
173	Tpa_3055_1	8.44827586206897	0.284210526315789	0.0555555555555556	0.944444444444444	T,C	0.94,0.06	0
174	Tpa_3063_1	3.15	0.0736842105263158	0.214285714285714	0.785714285714286	A,T	0.79,0.21	0
175	Tpa_3129_1	48.3928571428571	0.673684210526316	0.1328125	0.8671875	G,A	0.13,0.87	0
176	Tpa_3149_1	205.978723404255	0.947368421052632	0.111111111111111	0.888888888888889	A,G	0.89,0.11	0.05
177	Tpa_3193_1	1.5	0	NA	NA	G,C	NaN,NaN	NA
178	Tpa_3197_1	146.279569892473	0.894736842105263	0.0411764705882353	0.958823529411765	T,C	0.04,0.96	0
179	Tpa_3200_1	47.6046511627907	0.736842105263158	0.121428571428571	0.878571428571429	C,T	0.88,0.12	0
180	Tpa_3235_1	15.3898305084746	0.389473684210526	0.0945945945945946	0.905405405405405	C,T	0.91,0.09	0.142857142857143
181	Tpa_3248_1	24.9176470588235	0.684210526315789	0.238461538461538	0.761538461538461	C,T	0.24,0.76	0.290322580645161
182	Tpa_3254_1	18.7631578947368	0.547368421052632	0.0384615384615385	0.961538461538462	G,T	0.96,0.04	0
183	Tpa_3262_1	57.1294117647059	0.757894736842105	0.222222222222222	0.777777777777778	G,T	0.78,0.22	0.166666666666667
184	Tpa_3263_1	4.97777777777778	0.178947368421053	0.117647058823529	0.882352941176471	A,G	0.88,0.12	0
185	Tpa_3310_1	37.0238095238095	0.652631578947368	0.0645161290322581	0.935483870967742	C,T	0.94,0.06	0
186	Tpa_3347_1	4.63414634146341	0.136842105263158	0.423076923076923	0.576923076923077	C,T	0.42,0.58	0
187	Tpa_3354_1	9.77049180327869	0.284210526315789	0.0740740740740741	0.925925925925926	T,C	0.07,0.93	0
188	Tpa_3364_1	35.5185185185185	0.631578947368421	0.466666666666667	0.533333333333333	A,G	0.47,0.53	0.03125
189	Tpa_3385_1	6.94	0.168421052631579	0.0625	0.9375	C,T	0.94,0.06	0.5
190	Tpa_3414_1	1.66666666666667	0.0210526315789474	0	1	A,C	1,0	NA
191	Tpa_3439_1	63.3793103448276	0.726315789473684	0.0289855072463768	0.971014492753623	G,T	0.97,0.03	NA
192	Tpa_3502_1	1.14285714285714	0	NA	NA	A,G	NaN,NaN	NA
193	Tpa_3561_1	4.41935483870968	0.0736842105263158	0.0714285714285714	0.928571428571429	G,A	0.07,0.93	0
194	Tpa_3569_1	17.3648648648649	0.484210526315789	0.0760869565217391	0.923913043478261	G,A	0.08,0.92	0
195	Tpa_3578_1	37.1666666666667	0.673684210526316	0.0390625	0.9609375	G,A	0.04,0.96	0.2
196	Tpa_3583_1	14.6825396825397	0.421052631578947	0.025	0.975	A,G	0.03,0.98	0
197	Tpa_3616_1	16.2769230769231	0.473684210526316	0	1	T,A	0,1	NA
198	Tpa_3674_1	78.1590909090909	0.789473684210526	0.0133333333333333	0.986666666666667	G,A	0.01,0.99	0
199	Tpa_3676_1	26.6493506493506	0.6	0.0087719298245614	0.991228070175439	C,T	0.99,0.01	0
200	Tpa_3679_1	9.18965517241379	0.410526315789474	0.153846153846154	0.846153846153846	C,T	0.85,0.15	0.1
201	Tpa_3684_1	2	0.0210526315789474	0	1	T,C	0,1	NA
202	Tpa_3705_1	19.4861111111111	0.505263157894737	0.0416666666666667	0.958333333333333	G,T	0.96,0.04	0
203	Tpa_3723_1	3.41935483870968	0.0842105263157895	0.3125	0.6875	A,G	0.31,0.69	0
204	Tpa_3737_1	5.15789473684211	0.126315789473684	0.125	0.875	G,A	0.12,0.88	0
205	Tpa_3745_1	136.402173913043	0.894736842105263	0.0411764705882353	0.958823529411765	G,A	0.04,0.96	0
206	Tpa_3795_1	11.8387096774194	0.368421052631579	0.171428571428571	0.828571428571429	G,A	0.17,0.83	0
207	Tpa_3846_1	66.1333333333333	0.821052631578947	0.141025641025641	0.858974358974359	C,T	0.86,0.14	0.1
208	Tpa_3862_1	3.94871794871795	0.0736842105263158	0.142857142857143	0.857142857142857	T,C	0.14,0.86	NA
209	Tpa_3871_1	30.7974683544304	0.652631578947368	0.0806451612903226	0.919354838709677	C,T	0.92,0.08	0
210	Tpa_3879_1	53.6521739130435	0.810526315789474	0.012987012987013	0.987012987012987	T,A	0.01,0.99	0
211	Tpa_3905_1	6.17073170731707	0.189473684210526	0	1	A,C	1,0	NA
212	Tpa_3926_1	10.5384615384615	0.305263157894737	0.0517241379310345	0.948275862068966	C,T	0.95,0.05	0
213	Tpa_3937_1	81.3595505617977	0.884210526315789	0.172619047619048	0.827380952380952	G,A	0.17,0.83	0.08
214	Tpa_3962_1	176.691489361702	0.968421052631579	0.135869565217391	0.864130434782609	C,G	0.86,0.14	0.04
215	Tpa_3974_1	25.0120481927711	0.684210526315789	0.215384615384615	0.784615384615385	G,T	0.22,0.78	0.05
216	Tpa_4020_1	18.0579710144928	0.452631578947368	0.174418604651163	0.825581395348837	G,A	0.17,0.83	0
217	Tpa_4021_1	26.375	0.642105263157895	0.0491803278688525	0.950819672131147	C,T	0.95,0.05	0
218	Tpa_4022_1	41.6860465116279	0.757894736842105	0.284722222222222	0.715277777777778	G,A	0.28,0.72	0.148148148148148
219	Tpa_4055_1	8.01785714285714	0.263157894736842	0.02	0.98	A,C	0.98,0.02	0
220	Tpa_4077_1	11.4761904761905	0.410526315789474	0.0769230769230769	0.923076923076923	A,T	0.92,0.08	0
221	Tpa_4120_1	52.3690476190476	0.705263157894737	0.126865671641791	0.873134328358209	C,T	0.87,0.13	0.0588235294117647
222	Tpa_4126_1	22.3506493506494	0.621052631578947	0.0932203389830508	0.906779661016949	G,C	0.91,0.09	0
223	Tpa_4137_1	73.2584269662921	0.831578947368421	0.0189873417721519	0.981012658227848	C,A	0.02,0.98	0
224	Tpa_4148_1	7.07843137254902	0.252631578947368	0.333333333333333	0.666666666666667	A,G	0.33,0.67	0
225	Tpa_4168_1	9.32142857142857	0.326315789473684	0.0161290322580645	0.983870967741935	C,T	0.98,0.02	0
226	Tpa_4176_1	14.1571428571429	0.368421052631579	0	1	C,G	1,0	NA
227	Tpa_4178_1	8.27777777777778	0.378947368421053	0.180555555555556	0.819444444444444	C,T	0.82,0.18	0
228	Tpa_4209_1	17.375	0.515789473684211	0.0408163265306122	0.959183673469388	G,A	0.04,0.96	0.5
229	Tpa_4221_1	2.95	0.0631578947368421	0.416666666666667	0.583333333333333	T,A	0.42,0.58	0
230	Tpa_4230_1	27.4415584415584	0.621052631578947	0.127118644067797	0.872881355932203	C,G	0.87,0.13	0.111111111111111
231	Tpa_4245_1	2	0.0210526315789474	0.5	0.5	G,C	0.5,0.5	0
232	Tpa_4246_1	62.0813953488372	0.747368421052632	0	1	T,C	0,1	NA
233	Tpa_4247_1	11.9583333333333	0.505263157894737	0.0416666666666667	0.958333333333333	T,A	0.96,0.04	0.25
234	Tpa_4268_1	2844.33684210526	1	0.0473684210526316	0.952631578947368	C,G	0.95,0.05	0.555555555555556
235	Tpa_4291_1	45.1590909090909	0.736842105263158	0.0785714285714286	0.921428571428571	C,T	0.92,0.08	0
236	Tpa_4295_1	20.5616438356164	0.473684210526316	0	1	C,A	0,1	NA
237	Tpa_4310_1	27.7721518987342	0.589473684210526	0.0267857142857143	0.973214285714286	G,C	0.97,0.03	0
238	Tpa_4316_1	49.3614457831325	0.684210526315789	0.0384615384615385	0.961538461538462	C,T	0.96,0.04	0
239	Tpa_4353_1	35.625	0.631578947368421	0.0416666666666667	0.958333333333333	G,A	0.04,0.96	1
240	Tpa_4356_1	101.043956043956	0.852631578947368	0.0740740740740741	0.925925925925926	C,T	0.93,0.07	0.166666666666667
241	Tpa_4380_1	102.043956043956	0.884210526315789	0.0297619047619048	0.970238095238095	G,T	0.97,0.03	0
242	Tpa_4384_1	465.159574468085	0.989473684210526	0.0638297872340425	0.936170212765957	G,A	0.06,0.94	0.1
243	Tpa_4394_1	220.70652173913	0.905263157894737	0.00581395348837209	0.994186046511628	C,T	0.99,0.01	0
244	Tpa_4416_1	56.2307692307692	0.789473684210526	0.06	0.94	G,A	0.06,0.94	0
245	Tpa_4425_1	4.78260869565217	0.189473684210526	0.111111111111111	0.888888888888889	G,A	0.11,0.89	0
246	Tpa_4443_1	54.0681818181818	0.768421052631579	0.00684931506849315	0.993150684931507	C,T	0.99,0.01	0
247	Tpa_4454_1	31.9024390243902	0.747368421052632	0.133802816901408	0.866197183098592	G,A	0.13,0.87	0.263157894736842
248	Tpa_4467_1	14.25	0.410526315789474	0.0897435897435897	0.91025641025641	G,C	0.09,0.91	0
249	Tpa_4495_1	108.521739130435	0.936842105263158	0.129213483146067	0.870786516853933	T,C	0.13,0.87	0.0526315789473684
250	Tpa_4506_1	6.97368421052632	0.126315789473684	0.0833333333333333	0.916666666666667	C,G	0.92,0.08	0
251	Tpa_4511_1	59.2289156626506	0.736842105263158	0.0428571428571429	0.957142857142857	G,A	0.04,0.96	0.333333333333333
252	Tpa_4549_1	4.75	0.157894736842105	0.2	0.8	A,G	0.8,0.2	0
253	Tpa_4556_1	18.6265060240964	0.705263157894737	0.0373134328358209	0.962686567164179	A,C	0.96,0.04	0
254	Tpa_4569_1	30.8888888888889	0.663157894736842	0.357142857142857	0.642857142857143	A,C	0.64,0.36	0.0303030303030303
255	Tpa_4582_1	43.546511627907	0.757894736842105	0.0486111111111111	0.951388888888889	A,T	0.95,0.05	0
256	Tpa_4590_1	665.747368421053	1	0.0473684210526316	0.952631578947368	G,T	0.95,0.05	1
257	Tpa_4591_1	66.7555555555556	0.821052631578947	0.0384615384615385	0.961538461538462	C,T	0.96,0.04	0
258	Tpa_4592_1	16.9705882352941	0.494736842105263	0.0851063829787234	0.914893617021277	G,C	0.09,0.91	0
259	Tpa_4593_1	29.4938271604938	0.663157894736842	0.0476190476190476	0.952380952380952	C,T	0.95,0.05	0
260	Tpa_4595_1	24.3230769230769	0.442105263157895	0	1	G,A	0,1	NA
261	Tpa_4599_1	2391.61052631579	1	0.0736842105263158	0.926315789473684	C,T	0.93,0.07	0.5
262	Tpa_4633_1	40.2758620689655	0.768421052631579	0.0684931506849315	0.931506849315068	A,C	0.07,0.93	0.25
263	Tpa_4637_1	5.38461538461539	0.210526315789474	0.125	0.875	C,A	0.12,0.88	0
264	Tpa_4668_1	7.45614035087719	0.326315789473684	0.225806451612903	0.774193548387097	C,A	0.77,0.23	0
265	Tpa_4678_1	102.89010989011	0.91578947368421	0.00574712643678161	0.994252873563218	T,A	0.01,0.99	0
266	Tpa_4697_1	89.6477272727273	0.852631578947368	0.037037037037037	0.962962962962963	T,C	0.04,0.96	0
267	Tpa_4713_1	221.723404255319	0.936842105263158	0.0561797752808989	0.943820224719101	G,A	0.06,0.94	0.1
268	Tpa_4731_1	10.6290322580645	0.442105263157895	0.0714285714285714	0.928571428571429	C,A	0.07,0.93	0
269	Tpa_4747_1	7.46268656716418	0.431578947368421	0.0365853658536585	0.963414634146341	C,T	0.96,0.04	0.333333333333333
270	Tpa_4749_1	10.9	0.463157894736842	0.0568181818181818	0.943181818181818	G,T	0.94,0.06	0
271	Tpa_4804_1	15.6666666666667	0.484210526315789	0.304347826086957	0.695652173913043	G,C	0.3,0.7	0
272	Tpa_4849_1	24.6081081081081	0.568421052631579	0.0925925925925926	0.907407407407407	T,C	0.09,0.91	0
273	Tpa_4862_1	75.8620689655172	0.810526315789474	0.201298701298701	0.798701298701299	C,G	0.8,0.2	0.185185185185185
274	Tpa_4885_1	4.29032258064516	0.105263157894737	0.3	0.7	T,G	0.7,0.3	0
275	Tpa_4886_1	9.70833333333333	0.284210526315789	0	1	A,T	1,0	NA
276	Tpa_4900_1	49	0.705263157894737	0.0522388059701493	0.947761194029851	C,T	0.95,0.05	0
277	Tpa_4920_1	2.07692307692308	0.0315789473684211	0	1	G,C	0,1	NA
278	Tpa_4928_1	210.559139784946	0.936842105263158	0.151685393258427	0.848314606741573	C,T	0.85,0.15	0.347826086956522
279	Tpa_4936_1	135.271739130435	0.863157894736842	0.115853658536585	0.884146341463415	C,T	0.88,0.12	0.235294117647059
280	Tpa_4985_1	9.63793103448276	0.315789473684211	0.0833333333333333	0.916666666666667	A,G	0.08,0.92	0
281	Tpa_5002_1	101.924731182796	0.905263157894737	0.0174418604651163	0.982558139534884	C,T	0.98,0.02	0
282	Tpa_5015_1	4.44827586206897	0.115789473684211	0	1	A,G	1,0	NA
283	Tpa_5022_1	29.816091954023	0.715789473684211	0.0441176470588235	0.955882352941177	C,T	0.96,0.04	0.166666666666667
284	Tpa_5057_1	85.6962025316456	0.642105263157895	0.040983606557377	0.959016393442623	T,G	0.96,0.04	0
285	Tpa_5069_1	28.875	0.610526315789474	0.0431034482758621	0.956896551724138	C,A	0.04,0.96	0.666666666666667
286	Tpa_5075_1	45.8333333333333	0.736842105263158	0.257142857142857	0.742857142857143	A,G	0.74,0.26	0.0833333333333333
287	Tpa_5104_1	6.15094339622642	0.273684210526316	0.0192307692307692	0.980769230769231	G,A	0.02,0.98	0
288	Tpa_5106_1	87.1538461538462	0.873684210526316	0.36144578313253	0.63855421686747	C,G	0.64,0.36	0.0555555555555556
289	Tpa_5118_1	3.25581395348837	0.168421052631579	0.1875	0.8125	C,T	0.81,0.19	0
290	Tpa_5138_1	186.236559139785	0.91578947368421	0.028735632183908	0.971264367816092	C,T	0.97,0.03	0.2
291	Tpa_5144_1	22.8589743589744	0.6	0.0526315789473684	0.947368421052632	T,G	0.05,0.95	0
292	Tpa_5167_1	28.3513513513514	0.621052631578947	0.169491525423729	0.830508474576271	C,T	0.83,0.17	0
293	Tpa_5196_1	9.76785714285714	0.305263157894737	0	1	G,A	0,1	NA
294	Tpa_5205_1	46.3214285714286	0.673684210526316	0	1	G,T	1,0	NA
295	Tpa_5206_1	20.873417721519	0.621052631578947	0.161016949152542	0.838983050847458	G,A	0.16,0.84	0
296	Tpa_5218_1	75.7333333333333	0.831578947368421	0.379746835443038	0.620253164556962	C,G	0.62,0.38	0.25
297	Tpa_5222_1	88.989247311828	0.873684210526316	0.036144578313253	0.963855421686747	G,A	0.04,0.96	0
298	Tpa_5228_1	12.6056338028169	0.452631578947368	0.0930232558139535	0.906976744186046	C,T	0.91,0.09	0
299	Tpa_5241_1	50.8518518518519	0.747368421052632	0.0774647887323944	0.922535211267606	C,T	0.92,0.08	0
300	Tpa_5242_1	60.4545454545455	0.810526315789474	0.162337662337662	0.837662337662338	C,T	0.84,0.16	0.142857142857143
301	Tpa_5244_1	98.7826086956522	0.884210526315789	0.0654761904761905	0.93452380952381	A,C	0.93,0.07	0.0909090909090909
302	Tpa_5249_1	132.044943820225	0.842105263157895	0.15625	0.84375	T,C	0.84,0.16	0.0434782608695652
303	Tpa_5270_1	6.5	0.136842105263158	0.0769230769230769	0.923076923076923	C,A	0.08,0.92	0
304	Tpa_5278_1	114.428571428571	0.726315789473684	0.130434782608696	0.869565217391304	G,A	0.13,0.87	0.125
305	Tpa_5279_1	22.7692307692308	0.589473684210526	0.0446428571428571	0.955357142857143	C,T	0.96,0.04	0
306	Tpa_5292_1	87.5222222222222	0.863157894736842	0.128048780487805	0.871951219512195	C,T	0.13,0.87	0
307	Tpa_5298_1	54.2692307692308	0.631578947368421	0.0833333333333333	0.916666666666667	G,A	0.08,0.92	0
308	Tpa_5327_1	79.4431818181818	0.831578947368421	0.0632911392405063	0.936708860759494	C,G	0.94,0.06	0.1
309	Tpa_5360_1	54.2666666666667	0.8	0.0723684210526316	0.927631578947368	G,A	0.07,0.93	0.444444444444444
310	Tpa_5361_1	50.0348837209302	0.810526315789474	0.155844155844156	0.844155844155844	A,C	0.84,0.16	0.136363636363636
311	Tpa_5373_1	21.7662337662338	0.610526315789474	0.0431034482758621	0.956896551724138	C,T	0.96,0.04	0
312	Tpa_5379_1	2705.32631578947	1	0.0315789473684211	0.968421052631579	C,G	0.97,0.03	0.5
313	Tpa_5382_1	407.252631578947	0.957894736842105	0	1	A,G	1,0	NA
314	Tpa_5418_1	61.3977272727273	0.810526315789474	0.0844155844155844	0.915584415584416	C,T	0.92,0.08	0.230769230769231
315	Tpa_5441_1	53.6590909090909	0.789473684210526	0.00666666666666667	0.993333333333333	G,A	0.01,0.99	0
316	Tpa_5445_1	36.9204545454545	0.821052631578947	0.455128205128205	0.544871794871795	T,C	0.46,0.54	0.027027027027027
317	Tpa_5446_1	18.2820512820513	0.557894736842105	0.0660377358490566	0.933962264150943	G,T	0.93,0.07	0.142857142857143
318	Tpa_5454_1	352.926315789474	0.989473684210526	0.292553191489362	0.707446808510638	A,G	0.29,0.71	0.0512820512820513
319	Tpa_5471_1	60.2567567567568	0.684210526315789	0	1	G,T	1,0	NA
320	Tpa_5485_1	8.16981132075472	0.242105263157895	0	1	A,C	1,0	NA
321	Tpa_5501_1	103.163043478261	0.905263157894737	0.11046511627907	0.88953488372093	G,A	0.11,0.89	0.0588235294117647
322	Tpa_5525_1	48.5	0.715789473684211	0.110294117647059	0.889705882352941	T,A	0.11,0.89	0.0769230769230769
323	Tpa_5538_1	7	0.126315789473684	0.125	0.875	C,T	0.12,0.88	0
324	Tpa_5540_1	129.153846153846	0.894736842105263	0.264705882352941	0.735294117647059	A,G	0.74,0.26	0.0645161290322581
325	Tpa_5542_1	84.5714285714286	0.821052631578947	0.102564102564103	0.897435897435897	C,T	0.9,0.1	0.0625
326	Tpa_5563_1	20.0657894736842	0.610526315789474	0.0172413793103448	0.982758620689655	G,A	0.02,0.98	0
327	Tpa_5565_1	577.452631578947	0.957894736842105	0.148351648351648	0.851648351648352	G,T	0.85,0.15	0.266666666666667
328	Tpa_5570_1	5	0.0842105263157895	0	1	G,A	0,1	NA
329	Tpa_5574_1	6.81818181818182	0.178947368421053	0.0294117647058824	0.970588235294118	C,T	0.97,0.03	0
330	Tpa_5588_1	13.9090909090909	0.589473684210526	0.0446428571428571	0.955357142857143	C,T	0.96,0.04	0
331	Tpa_5594_1	51.8876404494382	0.821052631578947	0.00641025641025641	0.993589743589744	G,A	0.99,0.01	0
332	Tpa_5601_1	115.945054945055	0.873684210526316	0.0963855421686747	0.903614457831325	C,A	0.1,0.9	0.3
333	Tpa_5609_1	6.78181818181818	0.221052631578947	0.142857142857143	0.857142857142857	A,G	0.86,0.14	0.25
334	Tpa_5623_1	33.3670886075949	0.642105263157895	0	1	C,T	1,0	NA
335	Tpa_5636_1	33.2948717948718	0.526315789473684	0.05	0.95	A,G	0.05,0.95	0
336	Tpa_5651_1	58.2613636363636	0.757894736842105	0.131944444444444	0.868055555555556	T,C	0.13,0.87	0.157894736842105
337	Tpa_5679_1	21.4677419354839	0.494736842105263	0.0425531914893617	0.957446808510638	G,A	0.04,0.96	0
338	Tpa_5741_1	9.50769230769231	0.357894736842105	0.0294117647058824	0.970588235294118	C,T	0.97,0.03	0
339	Tpa_5747_1	932.221052631579	1	0.152631578947368	0.847368421052632	G,C	0.85,0.15	0.172413793103448
340	Tpa_5761_1	125.428571428571	0.873684210526316	0.0421686746987952	0.957831325301205	G,A	0.04,0.96	0.142857142857143
341	Tpa_5774_1	123.923913043478	0.905263157894737	0.00581395348837209	0.994186046511628	T,C	0.01,0.99	0
342	Tpa_5786_1	53.2790697674419	0.726315789473684	0.0289855072463768	0.971014492753623	G,C	0.03,0.97	0.5
343	Tpa_5795_1	3.25	0.0210526315789474	0.5	0.5	G,T	0.5,0.5	0
344	Tpa_5796_1	39.9759036144578	0.694736842105263	0.181818181818182	0.818181818181818	A,G	0.82,0.18	0
345	Tpa_5823_1	525.157894736842	1	0.0368421052631579	0.963157894736842	A,G	0.04,0.96	0.285714285714286
346	Tpa_5827_1	86.054347826087	0.894736842105263	0.117647058823529	0.882352941176471	T,G	0.12,0.88	0
347	Tpa_5829_1	109.584269662921	0.842105263157895	0.10625	0.89375	C,T	0.89,0.11	0
348	Tpa_5838_1	64.1744186046512	0.726315789473684	0.0072463768115942	0.992753623188406	T,C	0.99,0.01	0
349	Tpa_5854_1	1.5	0	NA	NA	T,G	NaN,NaN	NA
350	Tpa_5856_1	23.1686746987952	0.652631578947368	0.0967741935483871	0.903225806451613	C,T	0.1,0.9	0.1
351	Tpa_5863_1	57.1136363636364	0.842105263157895	0.2875	0.7125	G,A	0.29,0.71	0.0714285714285714
352	Tpa_5868_1	44.8045977011494	0.747368421052632	0.169014084507042	0.830985915492958	C,G	0.83,0.17	0.05
353	Tpa_5878_1	35.2352941176471	0.652631578947368	0.185483870967742	0.814516129032258	G,C	0.81,0.19	0.0952380952380952
354	Tpa_5913_1	399.903225806452	0.947368421052632	0.405555555555556	0.594444444444444	G,A	0.59,0.41	0.191489361702128
355	Tpa_5916_1	130.855555555556	0.905263157894737	0.0988372093023256	0.901162790697674	A,G	0.1,0.9	0.0666666666666667
356	Tpa_5917_1	49.6329113924051	0.663157894736842	0.142857142857143	0.857142857142857	T,G	0.14,0.86	0
357	Tpa_5942_1	49.9529411764706	0.768421052631579	0.246575342465753	0.753424657534247	G,T	0.75,0.25	0.153846153846154
358	Tpa_5951_1	NA	0	NA	NA	T,A	NaN,NaN	NA
359	Tpa_5961_1	4.76086956521739	0.189473684210526	0.0555555555555556	0.944444444444444	T,G	0.06,0.94	0
360	Tpa_5978_1	12.1466666666667	0.536842105263158	0.0392156862745098	0.96078431372549	G,A	0.04,0.96	0
361	Tpa_5980_1	14.1739130434783	0.484210526315789	0.152173913043478	0.847826086956522	T,C	0.85,0.15	0
362	Tpa_6003_1	285.989361702128	0.978947368421053	0.0268817204301075	0.973118279569892	T,C	0.03,0.97	0.2
363	Tpa_6016_1	9.31481481481481	0.368421052631579	0.171428571428571	0.828571428571429	C,T	0.83,0.17	0
364	Tpa_6076_1	28.2112676056338	0.526315789473684	0.19	0.81	A,G	0.19,0.81	0
365	Tpa_6083_1	57.9411764705882	0.768421052631579	0.0821917808219178	0.917808219178082	A,G	0.92,0.08	0.166666666666667
366	Tpa_6137_1	12.6818181818182	0.421052631578947	0.2	0.8	A,G	0.2,0.8	0.0625
367	Tpa_6139_1	92.75	0.852631578947368	0.0740740740740741	0.925925925925926	C,G	0.93,0.07	0
368	Tpa_6150_1	5.96296296296296	0.284210526315789	0.111111111111111	0.888888888888889	A,G	0.89,0.11	0
369	Tpa_6158_1	38.2530120481928	0.757894736842105	0.0902777777777778	0.909722222222222	C,T	0.91,0.09	0
370	Tpa_6169_1	46.3023255813954	0.684210526315789	0.0384615384615385	0.961538461538462	A,G	0.04,0.96	0.2
371	Tpa_6172_1	37.3670886075949	0.673684210526316	0.015625	0.984375	G,A	0.02,0.98	0
372	Tpa_6204_1	2.52380952380952	0.0315789473684211	0	1	T,C	0,1	NA
373	Tpa_6220_1	NA	0	NA	NA	A,G	NaN,NaN	NA
374	Tpa_6222_1	23.5731707317073	0.610526315789474	0.21551724137931	0.78448275862069	G,A	0.22,0.78	0.0526315789473684
375	Tpa_6224_1	160.947368421053	0.989473684210526	0.0106382978723404	0.98936170212766	G,A	0.01,0.99	0
376	Tpa_6265_1	4.3125	0.178947368421053	0.235294117647059	0.764705882352941	A,C	0.76,0.24	0
377	Tpa_6270_1	15.7183098591549	0.505263157894737	0.145833333333333	0.854166666666667	C,T	0.85,0.15	0
378	Tpa_6285_1	3.97058823529412	0.126315789473684	0.125	0.875	A,C	0.88,0.12	0
379	Tpa_6321_1	NA	0	NA	NA	G,A	NaN,NaN	NA
380	Tpa_6352_1	1.9047619047619	0.0210526315789474	0	1	G,C	0,1	NA
381	Tpa_6355_1	79.7954545454545	0.842105263157895	0.1625	0.8375	T,G	0.16,0.84	0.0384615384615385
382	Tpa_6384_1	3.83333333333333	0.0842105263157895	0	1	G,A	0,1	NA
383	Tpa_6385_1	15.6197183098592	0.463157894736842	0.0113636363636364	0.988636363636364	C,T	0.99,0.01	0
384	Tpa_6388_1	6.81818181818182	0.210526315789474	0.05	0.95	C,A	0.05,0.95	0
385	Tpa_6391_1	37.7325581395349	0.652631578947368	0.0967741935483871	0.903225806451613	C,T	0.9,0.1	0.0833333333333333
386	Tpa_6411_1	3.3125	0.0315789473684211	0	1	T,C	0,1	NA
387	Tpa_6422_1	19.6075949367089	0.578947368421053	0	1	C,T	1,0	NA
388	Tpa_6442_1	321.870967741935	0.957894736842105	0.032967032967033	0.967032967032967	T,C	0.03,0.97	0.5
389	Tpa_6445_1	2.88888888888889	0.0210526315789474	0	1	G,A	0,1	NA
390	Tpa_6449_1	4.78787878787879	0.126315789473684	0	1	T,C	0,1	NA
391	Tpa_6451_1	6.50877192982456	0.231578947368421	0.0227272727272727	0.977272727272727	C,A	0.02,0.98	0
392	Tpa_6453_1	28.2716049382716	0.621052631578947	0.110169491525424	0.889830508474576	C,T	0.89,0.11	0.142857142857143
393	Tpa_6487_1	51.5760869565217	0.852631578947368	0.037037037037037	0.962962962962963	A,C	0.96,0.04	0.25
394	Tpa_6493_1	28.0253164556962	0.684210526315789	0.0384615384615385	0.961538461538462	T,C	0.96,0.04	0.2
395	Tpa_6511_1	37.0128205128205	0.621052631578947	0.0677966101694915	0.932203389830508	G,A	0.07,0.93	0
396	Tpa_6528_1	10.2857142857143	0.357894736842105	0.0441176470588235	0.955882352941177	T,A	0.04,0.96	0
397	Tpa_6543_1	4.34285714285714	0.115789473684211	0.227272727272727	0.772727272727273	C,T	0.77,0.23	0
398	Tpa_6562_1	35.0246913580247	0.642105263157895	0	1	C,T	1,0	NA
399	Tpa_6565_1	71.4943820224719	0.810526315789474	0.025974025974026	0.974025974025974	G,A	0.03,0.97	0
400	Tpa_6586_1	21.0649350649351	0.505263157894737	0.0104166666666667	0.989583333333333	G,A	0.01,0.99	0
401	Tpa_6591_1	62.8222222222222	0.810526315789474	0.136363636363636	0.863636363636364	G,C	0.14,0.86	0.0588235294117647
402	Tpa_6604_1	1.88888888888889	0.0210526315789474	0	1	C,A	0,1	NA
403	Tpa_6611_1	NA	0	NA	NA	C,T	NaN,NaN	NA
404	Tpa_6630_1	56.3448275862069	0.778947368421053	0.236486486486486	0.763513513513513	C,T	0.76,0.24	0.04
405	Tpa_6654_1	4.484375	0.242105263157895	0.152173913043478	0.847826086956522	G,T	0.85,0.15	0
406	Tpa_6683_1	2.63636363636364	0.0526315789473684	0	1	C,A	1,0	NA
407	Tpa_6687_1	11.3809523809524	0.410526315789474	0.217948717948718	0.782051282051282	C,T	0.78,0.22	0
408	Tpa_6689_1	67.1348314606742	0.747368421052632	0.0915492957746479	0.908450704225352	C,T	0.91,0.09	0.181818181818182
409	Tpa_6713_1	69.2584269662921	0.8	0.125	0.875	C,T	0.88,0.12	0
410	Tpa_6733_1	58.7888888888889	0.768421052631579	0.0616438356164384	0.938356164383562	G,T	0.94,0.06	0
411	Tpa_6768_1	270.223404255319	0.957894736842105	0.0384615384615385	0.961538461538462	T,C	0.04,0.96	0.714285714285714
412	Tpa_6773_1	240.117021276596	0.978947368421053	0.021505376344086	0.978494623655914	G,A	0.02,0.98	1
413	Tpa_6774_1	55.5301204819277	0.778947368421053	0	1	T,C	1,0	NA
414	Tpa_6786_1	152.911111111111	0.852631578947368	0.0185185185185185	0.981481481481482	C,T	0.98,0.02	0
415	Tpa_6814_1	52.3488372093023	0.768421052631579	0.116438356164384	0.883561643835616	G,A	0.12,0.88	0
416	Tpa_6816_1	82.3617021276596	0.905263157894737	0.36046511627907	0.63953488372093	T,G	0.36,0.64	0.108695652173913
417	Tpa_6853_1	17.1527777777778	0.536842105263158	0.0392156862745098	0.96078431372549	A,G	0.96,0.04	0
418	Tpa_6887_1	30.7407407407407	0.684210526315789	0.0307692307692308	0.969230769230769	C,T	0.97,0.03	0
419	Tpa_6922_1	141.173913043478	0.926315789473684	0.0568181818181818	0.943181818181818	T,G	0.94,0.06	0
420	Tpa_6937_1	204.446808510638	0.926315789473684	0.0113636363636364	0.988636363636364	A,G	0.99,0.01	0
421	Tpa_6963_1	250.876404494382	0.905263157894737	0.0348837209302326	0.965116279069767	C,T	0.97,0.03	0.5
422	Tpa_6973_1	102.52808988764	0.842105263157895	0.10625	0.89375	C,T	0.89,0.11	0.2
423	Tpa_7007_1	2.58064516129032	0.126315789473684	0.416666666666667	0.583333333333333	A,G	0.42,0.58	0
424	Tpa_7010_1	265.105263157895	0.968421052631579	0.0815217391304348	0.918478260869565	T,C	0.08,0.92	0.153846153846154
425	Tpa_7018_1	35.9444444444444	0.726315789473684	0.202898550724638	0.797101449275362	G,C	0.8,0.2	0
426	Tpa_7052_1	651.663157894737	1	0.0473684210526316	0.952631578947368	A,T	0.95,0.05	0.285714285714286
427	Tpa_7058_1	47	0.694736842105263	0.0227272727272727	0.977272727272727	C,T	0.98,0.02	0
428	Tpa_7062_1	44.6976744186046	0.736842105263158	0.164285714285714	0.835714285714286	C,T	0.84,0.16	0
429	Tpa_7080_1	263.925531914894	0.947368421052632	0	1	G,C	0,1	NA
430	Tpa_7082_1	20.9594594594595	0.547368421052632	0.0865384615384615	0.913461538461538	G,A	0.09,0.91	0
431	Tpa_7090_1	43.9310344827586	0.778947368421053	0.0675675675675676	0.932432432432432	T,C	0.07,0.93	0
432	Tpa_7106_1	19.9220779220779	0.557894736842105	0.122641509433962	0.877358490566038	G,A	0.12,0.88	0.181818181818182
433	Tpa_7153_1	5.51020408163265	0.178947368421053	0.0588235294117647	0.941176470588235	G,A	0.94,0.06	0
434	Tpa_7157_1	155.880434782609	0.926315789473684	0.272727272727273	0.727272727272727	T,G	0.73,0.27	0
435	Tpa_7201_1	317.86170212766	0.968421052631579	0.0815217391304348	0.918478260869565	G,A	0.08,0.92	0.0666666666666667
436	Tpa_7204_1	126.133333333333	0.873684210526316	0.0481927710843374	0.951807228915663	G,A	0.05,0.95	0.25
437	Tpa_7210_1	134.244680851064	0.936842105263158	0.0786516853932584	0.921348314606742	T,A	0.08,0.92	0
438	Tpa_7213_1	1549.25555555556	0.91578947368421	0	1	T,G	0,1	NA
439	Tpa_7221_1	37.9772727272727	0.736842105263158	0.185714285714286	0.814285714285714	G,A	0.19,0.81	0
440	Tpa_7240_1	65.1022727272727	0.821052631578947	0.0705128205128205	0.92948717948718	T,C	0.07,0.93	0.142857142857143
441	Tpa_7289_1	86.6703296703297	0.873684210526316	0	1	C,T	1,0	NA
442	Tpa_7291_1	8.41269841269841	0.284210526315789	0.462962962962963	0.537037037037037	A,G	0.54,0.46	0.0588235294117647
443	Tpa_7293_1	6.7962962962963	0.305263157894737	0.0862068965517241	0.913793103448276	A,C	0.91,0.09	0
444	Tpa_7331_1	1.88888888888889	0.0210526315789474	0	1	G,T	1,0	NA
445	Tpa_7348_1	24.679012345679	0.621052631578947	0	1	A,T	1,0	NA
446	Tpa_7352_1	2.28571428571429	0.0105263157894737	0	1	G,A	0,1	NA
447	Tpa_7367_1	86.5730337078652	0.863157894736842	0.103658536585366	0.896341463414634	G,A	0.1,0.9	0.0909090909090909
448	Tpa_7375_1	170.417582417582	0.926315789473684	0.232954545454545	0.767045454545455	C,T	0.77,0.23	0.0344827586206897
449	Tpa_7391_1	1464.84042553191	0.989473684210526	0.0638297872340425	0.936170212765957	G,A	0.06,0.94	0.5
450	Tpa_7406_1	1	0	NA	NA	G,A	NaN,NaN	NA
451	Tpa_7413_1	7.34	0.210526315789474	0.025	0.975	T,C	0.03,0.98	0
452	Tpa_7417_1	116.844444444444	0.831578947368421	0.0506329113924051	0.949367088607595	G,A	0.05,0.95	0
453	Tpa_7425_1	62.3372093023256	0.810526315789474	0.025974025974026	0.974025974025974	G,A	0.03,0.97	0
454	Tpa_7447_1	4.59375	0.0631578947368421	0	1	G,A	0,1	NA
455	Tpa_7450_1	3.4	0.0210526315789474	0	1	A,C	0,1	NA
456	Tpa_7452_1	27	0.642105263157895	0.147540983606557	0.852459016393443	C,G	0.85,0.15	0
457	Tpa_7454_1	137.644444444444	0.873684210526316	0.0602409638554217	0.939759036144578	T,G	0.94,0.06	0
458	Tpa_7461_1	31.0714285714286	0.6	0	1	T,C	0,1	NA
459	Tpa_7477_1	64.6024096385542	0.747368421052632	0.204225352112676	0.795774647887324	C,T	0.8,0.2	0.105263157894737
460	Tpa_7479_1	203.79347826087	0.894736842105263	0.0117647058823529	0.988235294117647	G,A	0.01,0.99	0
461	Tpa_7483_1	416.957894736842	0.978947368421053	0.0591397849462366	0.940860215053763	G,A	0.06,0.94	0.454545454545455
462	Tpa_7495_1	20.3733333333333	0.589473684210526	0.0535714285714286	0.946428571428571	C,A	0.05,0.95	0
463	Tpa_7496_1	3.91176470588235	0.0736842105263158	0.0714285714285714	0.928571428571429	C,T	0.93,0.07	0
464	Tpa_7533_1	109.258064516129	0.905263157894737	0.151162790697674	0.848837209302326	A,G	0.85,0.15	0.0416666666666667
465	Tpa_7540_1	175.387096774194	0.894736842105263	0.0235294117647059	0.976470588235294	G,T	0.98,0.02	0
466	Tpa_7553_1	161.566666666667	0.884210526315789	0.0714285714285714	0.928571428571429	T,C	0.93,0.07	0.166666666666667
467	Tpa_7560_1	58.9302325581395	0.789473684210526	0.08	0.92	T,C	0.08,0.92	0.1
468	Tpa_7566_1	1289.79787234043	0.989473684210526	0.148936170212766	0.851063829787234	C,T	0.85,0.15	0.25
469	Tpa_7567_1	19.3536585365854	0.663157894736842	0.293650793650794	0.706349206349206	A,G	0.71,0.29	0.142857142857143
470	Tpa_7571_1	94.6444444444444	0.852631578947368	0.104938271604938	0.895061728395062	G,A	0.1,0.9	0.0769230769230769
471	Tpa_7586_1	1069.87234042553	0.978947368421053	0.274193548387097	0.725806451612903	A,C	0.27,0.73	0.219512195121951
472	Tpa_7594_1	32.2112676056338	0.515789473684211	0.153061224489796	0.846938775510204	T,G	0.85,0.15	0
473	Tpa_7597_1	601.105263157895	1	0.0105263157894737	0.989473684210526	T,G	0.01,0.99	0.5
474	Tpa_7601_1	NA	0	NA	NA	C,A	NaN,NaN	NA
475	Tpa_7604_1	42.0555555555556	0.642105263157895	0.00819672131147541	0.991803278688525	C,T	0.99,0.01	0
476	Tpa_7605_1	133.076923076923	0.821052631578947	0.115384615384615	0.884615384615385	A,G	0.88,0.12	0
477	Tpa_7615_1	155.297872340426	0.957894736842105	0.00549450549450549	0.994505494505495	C,G	0.99,0.01	0
478	Tpa_7652_1	8.78333333333333	0.284210526315789	0.037037037037037	0.962962962962963	G,A	0.04,0.96	0
479	Tpa_7653_1	15.7027027027027	0.463157894736842	0.295454545454545	0.704545454545455	C,T	0.3,0.7	0
480	Tpa_7657_1	89.8444444444444	0.789473684210526	0.0266666666666667	0.973333333333333	G,A	0.03,0.97	0
481	Tpa_7665_1	1.64285714285714	0.0105263157894737	0	1	A,T	1,0	NA
482	Tpa_7686_1	1785.38947368421	1	0.284210526315789	0.715789473684211	A,C	0.28,0.72	0.975
483	Tpa_7690_1	1478.03157894737	1	0.110526315789474	0.889473684210526	T,G	0.89,0.11	0.941176470588235
484	Tpa_7691_1	8.78378378378378	0.452631578947368	0.13953488372093	0.86046511627907	T,G	0.14,0.86	0
485	Tpa_7703_1	24.9220779220779	0.526315789473684	0.06	0.94	G,T	0.94,0.06	0.333333333333333
486	Tpa_7755_1	54.5813953488372	0.747368421052632	0.0211267605633803	0.97887323943662	C,T	0.98,0.02	0.333333333333333
487	Tpa_7757_1	3.3	0.0315789473684211	0	1	A,T	0,1	NA
488	Tpa_7764_1	314.677419354839	0.957894736842105	0.126373626373626	0.873626373626374	C,A	0.13,0.87	0.352941176470588
489	Tpa_7765_1	13.3571428571429	0.494736842105263	0.074468085106383	0.925531914893617	A,T	0.07,0.93	0
490	Tpa_7769_1	233.989130434783	0.936842105263158	0.320224719101124	0.679775280898876	C,T	0.32,0.68	0.0769230769230769
491	Tpa_7772_1	1	0	NA	NA	A,G	NaN,NaN	NA
492	Tpa_7798_1	77.5824175824176	0.810526315789474	0.201298701298701	0.798701298701299	C,T	0.8,0.2	0.105263157894737
493	Tpa_7799_1	14.234375	0.431578947368421	0.0609756097560976	0.939024390243902	A,G	0.94,0.06	0
494	Tpa_7805_1	30.3614457831325	0.694736842105263	0.0984848484848485	0.901515151515151	G,A	0.1,0.9	0.0909090909090909
495	Tpa_7807_1	38.7023809523809	0.747368421052632	0.028169014084507	0.971830985915493	C,T	0.97,0.03	0
496	Tpa_7814_1	185.287234042553	0.947368421052632	0.122222222222222	0.877777777777778	C,T	0.88,0.12	0.25
497	Tpa_7825_1	394.010526315789	0.968421052631579	0.0380434782608696	0.96195652173913	G,A	0.04,0.96	0.4
498	Tpa_7848_1	35.7209302325581	0.715789473684211	0	1	T,C	1,0	NA
499	Tpa_7871_1	11.5909090909091	0.347368421052632	0.0303030303030303	0.96969696969697	C,T	0.97,0.03	0
500	Tpa_7910_1	32.0121951219512	0.663157894736842	0.142857142857143	0.857142857142857	C,T	0.86,0.14	0
