	90763_231C_S65_L001_R1_001	90763_232C_S66_L001_R1_001	90763_236C_S67_L001_R1_001	90763_237C_S68_L001_R1_001	90763_238C_S69_L001_R1_001	90768_005C_S70_L001_R1_001	90768_009C_S71_L001_R1_001	90768_014C_S72_L001_R1_001	90768_015C_S73_L001_R1_001	90768_018C_S74_L001_R1_001	90768_027C_S75_L001_R1_001	90768_029C_S76_L001_R1_001	90768_034C_S77_L001_R1_001	90768_040C_S78_L001_R1_001	90768_042C_S79_L001_R1_001	90768_044C_S80_L001_R1_001	90768_054C_S81_L001_R1_001	90768_055C_S82_L001_R1_001	90768_056C_S83_L001_R1_001	90768_057C_S84_L001_R1_001	90768_061C_S85_L001_R1_001	90768_064C_S86_L001_R1_001	90768_067C_S87_L001_R1_001	90768_075C_S88_L001_R1_001	90768_076C_S89_L001_R1_001	90768_077C_S90_L001_R1_001	90768_078C_S91_L001_R1_001	90768_083C_S92_L001_R1_001	90768_084C_S93_L001_R1_001	90768_088C_S94_L001_R1_001	90768_090C_S95_L001_R1_001	90768_104C_S96_L001_R1_001
Tpa_0010_1	9,0	3,1	7,0	6,0	12,0	1,0	0,0	1,0	8,0	1,0	4,2	2,0	0,0	3,0	2,2	1,0	0,0	12,0	0,0	4,5	0,0	0,0	1,0	0,0	0,1	0,0	10,10	0,0	1,1	0,1	0,0	0,0
Tpa_0012_1	0,6	0,0	0,31	0,0	0,1	0,4	0,0	0,0	0,0	0,0	0,0	0,0	0,0	0,0	0,0	0,0	0,0	0,2	0,0	0,0	0,0	0,0	0,0	0,0	0,0	0,0	0,7	0,0	0,0	0,0	0,0	0,0
Tpa_0024_1	0,0	0,0	0,0	0,0	0,0	0,0	0,0	0,0	0,0	0,0	0,0	0,0	0,0	0,0	0,0	0,0	0,0	0,0	0,0	0,0	0,0	0,0	0,0	0,0	0,0	0,0	0,0	0,0	0,0	0,0	0,0	0,0
Tpa_0035_1	0,10	0,4	12,9	0,1	0,3	0,2	0,0	0,0	0,1	0,0	0,1	0,1	0,0	0,0	0,2	0,1	0,0	0,5	0,0	2,0	0,0	0,1	0,0	0,0	0,0	0,0	0,7	0,0	0,1	0,0	0,0	0,0
Tpa_0037_1	3,1	0,0	0,0	1,0	1,0	0,0	0,0	0,0	1,2	0,0	1,0	0,0	0,0	0,0	0,0	0,3	1,0	0,0	0,1	0,0	0,0	0,1	0,1	0,0	0,0	0,0	6,0	0,0	1,1	0,0	0,0	0,0
Tpa_0095_1	0,1	0,5	0,9	0,0	0,0	0,6	0,0	0,0	0,0	0,0	0,0	0,1	0,0	0,0	0,0	0,2	0,0	0,0	0,0	0,0	0,0	0,0	0,0	0,0	0,0	0,1	0,2	0,0	0,0	0,0	0,0	0,0
Tpa_0151_1	0,57	0,11	0,69	0,1	0,3	0,24	0,0	0,0	0,0	0,2	0,5	0,27	0,1	0,3	0,2	0,6	1,0	0,8	0,0	0,2	0,0	0,2	0,1	0,0	0,3	0,3	0,4	0,0	0,1	0,0	0,0	0,0
Tpa_0183_1	3,2	0,0	32,0	0,0	1,0	0,0	0,0	0,0	0,0	1,0	1,0	2,0	0,0	1,0	0,0	2,0	0,0	1,0	0,0	0,0	0,0	0,0	0,0	0,0	0,0	0,0	3,0	1,0	0,0	0,0	0,0	0,0
Tpa_0186_1	0,4	0,3	0,16	0,0	0,1	0,1	0,0	0,0	0,0	0,0	0,1	0,0	0,0	0,0	0,1	0,0	0,0	0,0	0,0	0,1	0,0	0,0	0,0	0,0	0,0	0,0	0,6	0,0	0,0	0,0	1,0	0,0
Tpa_0215_1	0,0	0,0	0,0	0,0	0,0	0,0	0,0	0,0	0,0	0,0	0,0	0,0	0,0	0,0	0,0	0,0	0,0	0,0	0,0	0,0	0,0	0,0	0,0	0,0	0,0	0,0	0,0	0,0	0,0	0,0	0,0	0,0
Tpa_0226_1	0,9	0,8	5,0	0,15	0,17	0,1	0,0	0,1	0,7	0,0	0,7	0,9	0,0	0,3	0,6	0,1	0,0	0,19	1,2	0,11	0,0	0,5	0,3	0,0	0,1	0,1	0,27	0,1	0,7	0,5	0,1	0,0
Tpa_0228_1	0,2	0,4	0,0	0,10	0,10	0,0	0,0	0,1	0,4	0,0	1,1	0,0	0,1	0,3	0,3	0,1	0,0	0,12	0,1	0,7	0,0	0,5	0,0	0,1	0,0	0,0	0,11	0,0	0,6	0,2	0,0	0,0
Tpa_0263_1	20,0	14,0	42,48	0,0	0,7	1,5	0,0	0,1	2,0	0,0	0,14	3,1	0,0	2,0	0,10	0,4	0,0	1,21	0,1	0,5	0,0	0,4	0,2	0,1	1,0	0,2	0,46	0,0	0,4	1,0	0,0	0,0
Tpa_0269_1	0,9	0,1	0,3	0,0	0,0	2,1	0,0	0,0	0,0	0,0	0,1	0,0	0,0	0,0	0,1	0,0	0,0	0,0	0,0	0,0	0,0	0,0	0,0	2,0	0,0	0,0	0,0	0,1	0,0	0,0	0,0	0,0
Tpa_0272_1	3,0	0,0	0,0	0,0	0,0	0,0	0,0	0,0	0,0	0,0	0,0	0,0	0,0	0,0	0,0	0,0	0,0	0,1	0,0	0,0	0,0	0,0	0,0	0,0	0,0	0,0	0,0	0,0	0,0	0,0	0,0	0,0
Tpa_0301_1	21,0	7,0	40,0	0,0	2,0	28,0	1,0	0,0	0,0	0,0	0,0	3,0	1,0	0,0	0,0	3,0	0,0	0,0	0,0	0,0	0,0	1,0	1,0	0,0	0,0	0,0	2,0	0,0	0,0	0,0	0,0	0,0
Tpa_0342_1	8,7	1,0	14,11	0,0	3,0	12,0	0,0	0,0	0,0	0,0	0,0	1,1	0,0	1,0	0,0	3,0	0,0	4,0	0,0	2,0	0,0	0,0	0,0	0,0	0,0	0,1	3,0	0,0	1,0	0,0	0,0	0,0
Tpa_0346_1	48,0	9,0	31,0	2,0	7,0	17,0	0,0	0,0	3,0	1,0	19,0	40,0	0,0	6,0	5,0	14,0	1,0	21,0	0,0	13,0	0,0	3,2	0,1	0,0	0,0	1,0	9,3	0,0	4,0	0,0	0,0	0,0
Tpa_0358_1	13,0	7,0	42,0	1,0	6,0	6,0	0,0	0,0	1,0	0,0	1,0	0,0	1,0	2,0	3,0	1,0	0,0	3,0	0,0	2,0	0,0	0,0	0,0	0,0	0,0	0,0	13,0	0,0	0,0	0,0	0,0	0,0
Tpa_0366_1	0,0	0,0	2,0	0,0	0,0	1,0	0,0	0,0	0,0	0,0	0,0	0,0	0,0	0,0	0,0	0,0	0,0	0,0	0,0	0,0	0,0	0,0	0,0	0,0	0,0	0,0	0,0	0,0	0,0	0,0	0,0	0,0
Tpa_0367_1	18,0	10,0	86,0	1,0	7,0	9,0	0,0	0,0	2,0	0,0	0,0	2,0	1,0	0,0	1,0	0,0	0,0	6,0	0,0	1,0	0,0	2,0	0,0	2,0	0,0	0,0	8,0	0,0	2,0	0,0	0,0	0,0
Tpa_0371_1	0,0	0,0	1,0	0,0	0,0	1,0	0,0	0,0	0,0	0,0	1,0	0,0	0,0	0,0	0,0	0,0	0,0	0,0	0,0	0,0	0,0	0,0	0,0	0,0	0,0	0,0	0,0	0,0	0,0	0,0	0,0	0,0
Tpa_0395_1	0,0	0,0	0,1	0,0	0,0	0,1	0,0	0,0	0,0	0,0	0,0	0,0	0,0	0,0	0,0	0,0	0,0	0,0	0,0	0,0	0,0	0,0	0,0	0,0	0,0	0,0	0,0	0,0	0,0	0,0	0,0	0,0
Tpa_0409_1	1,0	0,0	0,0	0,0	0,0	0,0	0,0	0,0	0,0	0,0	0,0	0,0	0,0	0,0	0,0	0,0	0,0	0,0	0,0	0,0	0,0	0,0	0,0	0,0	0,0	0,0	0,0	0,0	0,0	0,0	0,0	0,0
Tpa_0427_1	0,56	24,0	30,33	0,2	20,0	0,9	2,1	0,0	6,3	1,0	24,0	33,0	0,3	32,0	11,4	8,1	0,0	0,9	0,0	1,4	1,0	0,7	4,0	0,0	2,0	3,0	0,34	2,1	7,2	3,0	0,0	0,0
Tpa_0429_1	0,7	0,0	0,3	0,1	0,2	0,3	0,0	0,0	0,0	0,0	0,0	0,0	0,0	0,0	0,0	0,0	0,0	0,1	0,0	0,0	0,0	0,0	0,0	0,0	0,0	0,0	0,1	0,1	0,0	0,0	0,0	0,0
Tpa_0438_1	0,1	0,3	0,3	0,0	0,1	0,0	0,0	0,1	0,1	0,0	0,1	0,0	0,0	0,1	0,0	0,0	0,0	0,2	0,0	0,0	0,1	1,0	0,1	0,0	0,0	0,0	0,3	0,0	0,0	0,0	0,0	0,0
Tpa_0439_1	0,0	0,0	2,0	0,0	0,0	0,0	0,0	0,0	0,0	0,0	0,0	0,1	0,0	0,0	0,0	0,0	0,0	0,0	0,0	0,0	0,0	0,0	0,0	0,0	0,0	0,0	0,0	0,0	0,0	0,0	0,0	0,0
Tpa_0474_1	0,0	1,0	0,0	0,0	3,0	0,0	0,0	0,0	1,0	0,0	0,0	0,0	0,0	0,0	0,0	0,0	0,0	1,0	0,0	0,0	0,0	1,0	0,0	1,0	0,0	0,0	1,0	0,0	2,0	0,0	0,0	0,0
Tpa_0492_1	0,0	0,0	1,0	0,0	0,0	0,0	0,0	0,0	0,0	0,0	0,0	0,0	0,0	0,0	0,0	0,0	0,0	0,0	0,0	0,0	0,0	0,0	0,0	0,0	0,0	0,0	0,0	0,0	0,0	0,0	0,0	0,0
Tpa_0500_1	0,1	0,0	6,0	0,0	0,0	0,0	0,0	0,0	0,0	0,0	0,0	0,0	0,0	1,0	0,0	0,0	0,0	0,0	0,0	1,0	0,0	0,0	0,0	0,0	0,0	0,0	0,0	0,0	0,0	0,0	0,0	0,0
Tpa_0540_1	0,50	6,5	0,53	3,3	15,13	6,4	1,1	0,0	0,14	0,1	0,20	4,2	0,0	0,8	0,12	0,9	0,0	0,28	1,0	15,2	0,3	0,15	2,1	0,0	2,0	4,4	22,20	0,2	6,4	0,6	0,1	0,0
Tpa_0547_1	0,0	0,0	0,1	0,0	0,0	0,0	0,0	0,0	0,0	0,0	0,2	0,0	0,0	0,0	0,0	0,0	0,0	0,0	0,0	0,0	0,0	0,0	0,0	0,0	0,0	0,0	0,0	0,0	0,0	0,0	0,0	0,0
Tpa_0556_1	32,0	9,0	140,0	4,0	18,0	15,0	0,0	1,0	7,0	0,0	11,0	11,0	0,0	2,0	6,0	6,1	1,0	24,0	0,0	7,0	0,0	13,0	2,0	2,0	5,0	4,0	35,0	0,0	4,0	2,0	1,0	0,0
Tpa_0569_1	0,0	0,0	0,1	0,0	0,0	0,1	0,0	0,0	0,0	0,0	0,0	0,1	0,0	0,0	0,0	0,0	0,0	0,0	0,0	0,0	0,0	0,0	0,0	0,0	0,0	0,0	0,0	0,0	0,0	0,0	0,0	0,0
Tpa_0592_1	11,0	1,0	8,6	0,0	0,0	3,0	0,0	0,0	0,0	1,0	0,0	1,0	0,0	0,0	0,0	0,0	0,0	2,0	0,0	1,0	0,0	0,0	0,0	0,1	0,0	1,0	0,0	0,0	0,0	0,0	0,0	0,0
Tpa_0650_1	0,30	0,1	0,2	0,1	0,2	0,2	0,0	0,0	0,0	0,0	0,0	0,2	0,0	0,1	0,2	0,0	0,0	0,4	0,0	0,0	0,0	0,2	0,0	0,0	0,0	0,0	0,10	0,0	0,1	0,0	0,0	0,0
Tpa_0671_1	2,0	0,0	5,0	0,0	0,0	0,0	0,0	0,0	0,0	0,0	0,0	0,0	0,0	0,0	0,0	0,0	0,0	0,0	0,0	0,0	0,0	0,0	0,0	0,0	0,0	0,0	1,0	0,0	0,0	0,0	0,0	0,0
Tpa_0678_1	0,2	0,2	0,1	0,0	0,4	0,1	0,0	0,1	0,0	0,0	0,1	0,0	0,0	0,0	0,0	0,1	0,0	0,0	0,0	0,1	0,9	0,1	0,2	0,0	0,0	0,0	0,3	0,0	0,0	0,0	0,0	0,0
Tpa_0730_1	14,12	0,8	0,59	0,3	2,5	0,13	0,2	0,0	0,4	0,0	0,5	0,6	0,2	0,5	4,0	0,4	0,0	5,4	1,1	0,3	0,1	0,6	0,2	0,0	0,1	0,2	0,22	0,0	1,2	0,1	0,0	0,0
Tpa_0743_1	0,66	0,20	0,56	0,2	0,15	0,18	0,1	0,0	0,1	0,1	0,14	0,24	0,1	0,7	0,4	0,8	0,0	0,16	0,1	0,7	0,2	0,14	0,3	0,1	0,0	0,3	0,26	0,2	0,2	0,0	0,0	0,0
Tpa_0763_1	0,0	0,0	0,0	0,0	0,0	0,0	0,0	0,0	0,0	0,0	0,0	0,0	0,0	0,0	0,0	0,0	0,0	0,0	0,0	0,0	0,0	0,0	0,0	0,0	0,0	0,0	0,0	0,0	0,0	0,0	0,0	0,0
Tpa_0768_1	0,34	0,20	0,50	0,25	0,54	0,8	0,5	0,0	0,6	0,0	0,43	0,10	0,0	0,4	0,7	0,7	0,1	0,12	0,2	0,34	0,1	0,17	0,1	0,1	0,6	0,3	0,69	0,4	0,18	0,6	0,3	0,0
Tpa_0826_1	2,8	0,1	0,21	0,0	0,3	0,3	0,0	0,0	0,0	1,0	0,1	0,1	0,0	0,3	0,0	0,0	0,0	0,3	0,1	0,3	0,0	0,0	0,1	0,0	0,0	0,0	0,3	0,0	0,0	0,1	0,0	0,0
Tpa_0866_1	23,0	7,14	52,0	0,0	0,0	47,0	0,0	0,0	0,0	1,0	1,0	7,12	0,0	1,0	1,0	2,0	0,0	1,0	0,0	3,0	0,0	1,0	0,0	2,0	0,0	1,0	5,0	0,0	0,0	0,0	0,0	0,0
Tpa_0868_1	1,0	1,0	0,0	0,1	1,0	0,0	0,0	0,0	0,0	0,0	0,0	1,0	0,0	1,0	0,1	0,0	0,0	0,0	0,0	0,0	0,0	0,0	0,0	0,0	0,0	1,1	0,0	0,0	0,0	0,0	0,0	0,0
Tpa_0882_1	1,0	1,0	0,0	0,0	1,2	1,0	0,0	0,0	1,0	0,0	0,0	1,0	0,0	0,0	1,0	1,0	0,0	1,1	0,0	0,0	0,0	1,0	0,0	0,0	0,0	1,0	2,0	0,0	0,1	0,0	0,0	0,0
Tpa_0888_1	0,1	0,0	0,0	0,0	0,0	0,0	0,0	0,0	0,0	0,0	0,0	0,0	0,0	0,0	0,0	0,0	0,0	0,0	0,0	0,0	0,0	0,0	0,0	0,0	0,0	0,0	0,0	0,0	0,0	0,0	0,0	0,0
Tpa_0895_1	0,4	0,1	0,17	0,0	0,2	0,1	0,0	0,0	0,0	0,0	0,1	0,2	0,0	0,2	0,0	0,0	0,0	0,2	0,0	0,1	0,0	0,2	0,0	0,0	0,0	0,0	0,4	0,0	0,0	0,0	0,0	0,0
Tpa_0905_1	1,0	0,0	0,0	0,0	0,0	0,0	0,0	0,0	0,0	0,0	0,0	0,0	0,0	0,0	0,0	0,0	0,0	0,0	0,0	0,0	0,0	0,0	0,0	0,0	0,0	0,0	0,0	0,0	0,1	0,0	0,0	0,0
Tpa_0912_1	0,3	0,3	0,1	0,3	0,3	0,0	0,0	0,0	0,0	0,0	0,0	0,0	0,0	0,0	0,2	0,0	0,0	0,3	0,0	0,3	0,0	0,4	0,0	0,0	0,2	0,1	0,12	0,0	0,2	0,0	0,1	0,0
Tpa_0929_1	0,0	0,0	0,1	0,0	0,0	0,0	0,0	0,0	0,0	0,0	0,0	0,1	0,0	0,0	0,0	0,0	0,0	0,0	0,0	0,0	0,0	0,0	0,0	0,0	0,0	0,0	0,1	0,0	0,0	0,0	0,0	0,0
Tpa_0936_1	23,0	8,0	42,0	1,0	0,0	0,0	0,0	0,0	0,0	1,0	3,0	7,0	0,0	3,0	4,0	2,0	0,0	3,0	0,0	1,0	0,0	0,1	1,0	0,0	0,0	2,0	0,0	0,0	1,0	0,0	0,0	0,0
Tpa_0953_1	71,0	20,0	60,0	1,1	9,0	24,0	1,0	0,0	2,4	1,0	18,0	25,0	0,0	3,0	2,0	12,0	0,1	13,0	0,0	10,0	1,1	13,0	4,0	0,1	1,0	1,0	21,0	2,0	2,1	4,0	0,0	0,0
Tpa_0970_1	0,0	0,0	0,0	0,0	1,0	0,0	0,0	0,0	0,0	0,0	0,0	0,0	0,0	0,0	0,0	0,0	0,0	0,0	0,0	0,0	0,0	0,0	0,0	1,0	0,0	0,0	0,0	0,0	0,0	0,0	0,0	0,0
Tpa_0973_1	0,0	0,0	0,0	0,0	0,0	0,0	0,0	0,0	0,0	0,0	0,0	0,0	0,0	0,0	0,0	0,0	0,0	0,0	0,0	0,0	0,0	0,0	0,0	0,0	0,0	0,0	0,0	0,0	0,0	0,0	0,0	0,0
Tpa_0979_1	0,0	0,0	1,0	0,0	0,0	0,0	0,0	0,0	0,0	0,0	0,0	0,0	0,0	0,0	0,0	0,0	0,0	1,0	0,0	0,0	0,0	0,0	0,0	0,0	0,0	0,0	0,0	0,0	0,0	0,0	0,0	0,0
Tpa_1007_1	2,4	0,0	7,0	0,0	0,0	0,0	0,0	0,0	0,0	0,0	0,0	0,0	0,0	0,0	0,0	1,0	0,0	0,1	0,0	0,0	0,0	0,0	0,0	0,0	0,0	0,2	0,0	0,0	0,0	0,0	0,0	0,0
Tpa_1022_1	0,0	0,0	0,0	0,0	0,0	0,0	0,0	0,0	0,0	0,0	0,0	0,0	0,0	0,0	0,0	0,0	0,0	0,0	0,0	0,0	0,0	0,0	0,0	0,0	0,0	0,0	0,0	0,0	0,0	0,0	0,0	0,0
Tpa_1042_1	0,0	0,0	0,0	0,0	0,0	0,0	0,0	0,0	0,0	0,0	0,0	0,0	0,0	0,0	0,0	0,0	0,0	0,0	0,0	0,0	0,0	0,0	0,0	0,0	0,0	0,0	0,0	0,0	0,0	0,0	0,0	0,0
Tpa_1071_1	6,0	0,0	12,6	1,0	0,2	2,0	0,0	0,0	0,0	0,0	0,0	1,0	0,0	0,0	1,0	1,0	0,0	0,0	0,0	0,0	0,0	0,0	2,0	0,0	0,0	0,0	1,0	0,0	0,0	0,0	0,0	0,0
Tpa_1077_1	1,0	0,0	0,0	0,0	0,0	1,0	0,0	0,0	0,0	0,0	0,0	1,0	0,0	0,0	0,0	0,0	0,0	0,0	0,0	0,0	0,0	0,0	0,0	0,0	0,0	0,0	1,0	0,0	0,0	0,0	0,0	0,0
Tpa_1082_1	27,0	25,0	13,0	1,0	0,0	46,0	0,0	2,0	1,0	1,0	1,0	2,0	0,0	1,0	1,0	1,0	0,0	0,0	0,0	0,0	0,0	1,0	0,0	0,0	0,0	3,0	0,1	0,0	0,0	0,0	0,0	0,0
Tpa_1098_1	0,0	0,0	0,0	0,0	0,0	0,0	0,0	0,0	0,0	0,0	0,0	0,0	0,0	0,0	0,0	0,0	0,0	0,0	0,0	0,0	0,0	0,0	0,0	0,0	0,0	0,0	0,0	0,0	0,0	0,0	0,0	0,0
Tpa_1112_1	0,0	0,0	0,0	0,0	0,0	0,0	0,0	0,0	0,0	0,0	0,0	0,0	0,0	0,0	0,0	0,0	0,0	0,0	0,0	0,0	0,0	0,0	0,0	0,0	0,0	0,0	0,0	0,0	0,0	0,0	0,0	0,0
Tpa_1136_1	0,0	0,0	0,0	0,0	0,0	0,0	0,0	0,0	0,0	0,0	0,0	0,0	0,0	0,0	0,0	0,0	0,0	0,0	0,0	0,0	0,0	0,0	0,0	0,0	0,0	0,0	0,0	0,0	0,0	0,0	0,0	0,0
Tpa_1144_1	0,0	0,0	0,0	0,0	0,0	0,0	0,0	0,0	0,0	0,0	0,0	0,0	0,0	0,0	0,0	0,0	0,0	0,0	0,0	0,0	0,0	0,0	0,0	0,0	0,0	0,0	0,0	0,0	0,0	0,0	0,0	0,0
Tpa_1154_1	0,0	0,0	0,0	0,0	0,0	0,0	0,0	0,0	0,0	0,0	0,0	0,0	0,0	0,0	0,0	0,0	0,0	0,0	0,0	0,0	0,0	0,0	0,0	0,0	0,0	0,0	0,0	0,0	0,0	0,0	0,0	0,0
Tpa_1156_1	0,0	0,0	0,0	0,0	0,0	0,0	0,0	0,0	0,0	0,0	0,0	0,0	0,0	0,0	0,0	0,0	0,0	0,0	0,0	0,0	0,0	0,0	0,0	0,0	0,0	0,0	0,0	0,0	0,0	0,0	0,0	0,0
Tpa_1187_1	4,0	1,2	7,0	1,0	0,0	0,0	0,0	0,0	0,0	0,0	0,0	1,0	0,0	4,0	0,0	1,0	0,0	3,0	0,0	1,0	0,0	2,0	0,0	0,0	1,0	0,0	8,0	1,0	1,0	0,0	0,0	0,0
Tpa_1268_1	0,0	0,0	0,0	0,0	0,0	0,0	0,0	0,0	0,0	0,0	0,0	0,0	0,0	0,0	0,0	0,0	0,0	0,0	0,0	0,0	0,0	0,0	0,0	0,0	0,0	0,0	0,1	0,0	0,0	0,0	0,0	0,0
Tpa_1290_1	3,0	1,0	7,0	0,0	3,0	1,0	0,0	0,0	0,0	0,0	1,0	1,0	0,0	0,0	0,0	0,0	0,0	2,1	0,0	1,0	1,0	0,0	0,0	0,0	0,0	0,0	1,0	0,0	1,0	0,0	0,0	0,0
Tpa_1304_1	0,0	0,0	0,0	0,0	0,0	0,0	0,0	0,0	0,0	0,0	0,0	0,0	0,0	0,0	0,0	0,0	0,0	0,0	0,0	0,0	0,0	0,0	0,0	0,0	0,0	0,0	0,0	0,0	0,0	0,0	0,0	0,0
Tpa_1305_1	0,0	0,0	0,0	0,0	0,0	0,0	0,0	0,0	0,0	0,0	0,0	0,0	0,0	0,0	0,0	0,0	0,0	0,0	0,0	0,0	0,0	0,0	0,0	0,0	0,0	0,0	0,0	0,0	0,0	0,0	0,0	0,0
Tpa_1310_1	1,0	0,0	8,0	0,0	0,0	1,0	0,0	0,0	0,0	0,0	0,0	0,0	0,0	0,0	0,0	0,0	0,0	0,0	0,0	0,0	0,0	0,0	0,0	0,0	0,0	0,0	0,0	1,0	0,0	0,0	0,0	0,0
Tpa_1312_1	156,0	57,0	160,0	3,0	43,0	47,0	2,0	1,0	9,0	2,0	19,0	34,1	4,0	10,0	18,0	35,0	2,0	43,0	1,0	6,0	2,0	14,0	4,0	2,0	2,0	0,3	72,0	2,0	4,0	2,0	0,0	1,0
Tpa_1320_1	0,0	0,0	0,0	0,0	0,0	0,0	0,0	0,0	0,0	0,35	0,0	0,373	0,0	0,1	0,0	0,0	0,0	0,0	0,0	0,0	0,0	0,156	0,0	0,0	0,0	0,92	0,305	0,0	0,0	0,0	0,0	0,0
Tpa_1341_1	1,0	0,0	0,0	0,0	0,0	0,0	0,0	0,0	0,0	0,0	0,0	0,0	0,0	0,0	0,0	0,0	0,0	0,0	0,0	0,0	0,0	0,0	0,0	0,0	0,0	1,0	0,0	0,0	0,0	0,0	0,0	0,0
Tpa_1357_1	0,2	0,0	0,4	0,0	0,0	0,0	0,0	0,0	0,0	0,0	0,0	0,0	0,0	0,0	0,0	0,0	0,0	0,0	0,0	0,1	0,0	0,0	0,0	0,0	0,0	0,0	0,0	0,0	1,0	0,0	0,0	0,0
Tpa_1359_1	72,0	17,24	21,0	87,0	116,0	24,0	3,0	1,0	92,0	7,1	60,55	74,0	6,0	83,0	55,0	26,0	0,3	76,0	8,12	187,0	1,2	77,0	25,0	1,0	22,0	29,0	173,0	35,0	108,0	10,29	4,0	0,0
Tpa_1394_1	10,16	0,7	22,24	3,2	6,15	0,6	0,4	0,0	0,4	1,0	0,7	1,1	1,0	0,9	0,5	0,3	0,1	0,11	0,0	0,6	0,0	0,8	0,3	0,1	0,0	0,2	14,14	0,1	2,7	0,5	1,1	0,0
Tpa_1443_1	0,11	1,0	4,0	1,0	0,0	0,1	0,0	0,0	0,1	0,0	0,2	2,0	0,0	0,0	0,0	0,0	0,0	0,1	0,0	0,1	0,0	0,1	0,1	0,1	0,0	0,0	0,4	0,1	1,0	0,0	0,0	0,0
Tpa_1486_1	0,0	0,0	0,1	0,0	0,0	0,0	0,0	0,0	0,0	0,0	0,1	0,0	0,0	0,0	0,0	0,0	0,0	0,2	0,0	0,0	0,0	0,0	0,0	0,0	0,0	0,0	0,0	0,0	0,0	0,0	0,0	0,0
Tpa_1515_1	2,0	0,0	3,0	1,0	1,0	1,0	0,0	0,0	2,0	0,0	1,0	0,0	0,0	1,0	1,0	0,0	0,0	1,3	0,0	1,0	0,0	0,0	0,0	0,0	0,0	0,0	7,0	1,0	2,2	0,0	0,0	0,0
Tpa_1528_1	0,1	1,0	1,0	1,0	0,0	0,0	1,0	0,0	1,0	0,0	0,0	1,0	0,0	1,0	1,0	0,0	0,0	3,1	0,0	2,0	0,0	1,0	0,0	0,0	1,0	0,0	3,0	0,0	1,0	0,0	1,0	0,0
Tpa_1542_1	1,0	0,0	0,0	0,0	0,0	0,1	0,0	0,0	0,0	0,0	0,0	0,0	0,0	0,0	0,0	0,0	0,0	0,0	0,0	0,0	0,0	0,0	0,0	0,0	0,0	0,0	0,0	0,0	0,0	0,0	0,0	0,0
Tpa_1548_1	17,9	0,9	0,79	1,1	3,6	1,3	0,0	0,0	2,1	0,1	0,9	0,11	0,3	0,8	0,6	0,10	0,0	5,3	0,0	6,15	0,0	2,4	0,2	1,0	0,0	0,0	0,14	0,5	3,0	0,4	0,0	0,0
Tpa_1550_1	4,0	0,0	11,0	0,0	0,0	2,0	0,0	0,0	0,0	0,0	0,0	0,0	0,0	0,0	0,0	0,0	0,0	0,0	0,0	0,0	0,0	0,0	0,0	0,0	0,0	0,0	1,0	0,0	0,0	0,0	1,0	0,0
Tpa_1585_1	16,0	8,0	19,39	0,0	2,0	29,0	1,0	0,0	1,0	0,0	1,0	4,0	0,0	0,0	1,0	0,3	0,0	3,0	0,0	1,0	1,0	1,0	1,0	1,0	0,0	0,0	7,0	0,1	1,0	1,0	0,0	0,0
Tpa_1593_1	0,12	0,0	0,21	0,0	2,0	1,1	0,1	0,0	0,1	0,0	0,0	0,1	0,0	0,0	0,1	0,0	0,0	2,4	0,0	1,3	0,0	0,1	2,0	0,0	0,1	0,0	1,2	1,0	0,1	0,0	0,0	0,0
Tpa_1606_1	0,180	0,43	0,182	0,48	0,99	0,63	0,8	0,1	0,96	1,4	0,135	0,111	2,3	61,44	0,85	0,49	0,5	0,95	0,12	0,142	0,1	0,75	0,36	0,1	0,26	0,14	0,237	0,20	0,44	15,9	0,1	0,0
Tpa_1638_1	1,4	1,0	6,0	0,0	0,0	3,0	0,0	0,0	0,0	0,0	0,0	1,0	0,0	1,0	1,0	0,0	0,0	3,1	0,0	2,0	0,0	1,0	0,0	1,0	0,0	1,0	0,0	0,0	0,0	1,0	0,0	0,0
Tpa_1646_1	36,0	32,0	163,0	9,0	20,0	7,0	0,0	1,0	2,0	1,0	0,0	5,0	1,0	6,0	0,0	13,0	0,0	22,0	0,0	12,0	1,0	8,0	5,0	0,0	3,0	0,0	10,0	1,0	0,0	3,0	0,0	0,0
Tpa_1662_1	0,0	0,0	1,1	0,0	0,0	0,1	0,0	0,0	0,0	0,0	0,0	1,0	0,0	0,0	0,0	0,0	0,0	0,0	0,0	0,0	0,0	0,0	0,0	0,0	0,0	0,0	0,0	0,0	0,0	0,0	0,0	0,0
Tpa_1678_1	3,0	0,0	3,0	0,0	0,0	2,0	0,0	0,0	0,0	0,0	0,0	1,0	0,0	0,0	0,0	0,0	0,0	0,0	0,0	0,0	0,0	0,0	0,0	0,0	0,0	0,0	1,0	0,0	0,0	0,0	0,0	0,0
Tpa_1689_1	0,0	0,0	0,0	0,0	0,0	0,0	0,0	0,0	0,0	0,0	0,0	0,0	0,0	0,0	0,0	0,0	0,0	0,0	0,0	0,0	0,0	0,0	0,0	0,0	0,0	0,0	0,0	0,0	0,0	0,0	0,0	0,0
Tpa_1703_1	0,0	0,0	0,0	0,0	0,0	0,0	0,0	0,0	0,0	0,0	0,0	0,0	0,0	0,0	0,0	0,0	0,0	0,0	0,0	0,0	0,0	0,0	0,0	0,0	0,0	0,0	0,0	0,0	0,0	0,0	0,0	0,0
Tpa_1731_1	0,109	0,25	0,117	0,4	0,39	0,26	0,1	0,0	0,14	0,3	0,11	0,25	0,1	0,16	0,19	0,20	0,0	7,7	0,4	0,20	0,1	0,14	0,8	0,1	0,1	0,4	0,62	0,4	0,8	0,8	0,3	0,0
Tpa_1774_1	0,0	0,0	0,0	0,0	0,0	0,0	0,0	0,0	0,0	0,0	0,0	0,0	0,0	0,0	0,0	0,0	0,0	0,0	0,0	0,0	0,0	0,0	0,0	0,0	0,0	0,0	0,0	0,0	0,0	0,0	0,0	0,0
Tpa_1775_1	2,0	0,0	1,0	0,0	2,0	8,102	0,0	0,0	16,114	1,0	1,0	2,0	0,0	225,0	185,0	87,0	17,0	0,0	31,0	347,0	0,0	1,0	124,0	5,0	1,0	100,0	472,0	1,0	0,0	98,0	10,0	0,0
Tpa_1818_1	2,0	0,1	1,0	0,0	0,1	0,0	0,0	0,0	1,0	0,0	0,0	0,0	0,0	1,0	1,0	0,0	0,0	4,0	0,0	0,0	0,0	0,0	0,0	0,0	0,0	1,0	0,0	0,0	0,0	1,0	0,0	0,0
Tpa_1831_1	11,0	1,3	34,0	1,0	3,0	28,0	1,0	3,0	0,0	0,0	0,0	1,0	0,0	0,0	0,0	2,0	0,0	4,0	0,0	0,0	0,0	2,0	0,0	4,0	0,0	2,0	0,0	0,0	0,0	0,1	0,0	0,0
Tpa_1832_1	2,7	5,0	5,0	10,0	12,0	4,0	0,0	0,0	1,0	0,0	4,8	2,0	0,0	1,3	8,0	1,0	0,0	24,0	0,0	3,0	0,0	5,0	0,0	1,0	0,0	0,0	27,0	6,0	9,0	1,0	0,0	0,0
Tpa_1843_1	26,0	6,0	13,13	0,0	1,0	5,0	0,0	0,0	0,0	0,0	7,0	9,0	0,0	0,0	0,0	3,0	0,0	0,1	0,0	4,0	0,0	3,0	0,0	1,0	0,0	1,0	2,0	0,0	2,0	0,0	0,0	0,0
Tpa_1891_1	0,28	0,3	0,81	0,0	0,1	0,10	0,1	0,0	0,1	0,1	0,3	0,5	0,1	0,0	0,4	0,3	0,0	0,2	0,1	3,1	0,0	0,2	0,0	0,0	0,2	0,0	0,10	0,0	0,1	0,1	0,2	0,0
Tpa_1896_1	0,3	0,1	0,26	0,0	0,4	0,1	0,0	0,0	0,2	0,0	0,8	0,0	0,0	0,1	0,0	0,0	0,0	0,10	0,0	0,2	0,0	0,1	0,1	0,0	0,0	0,0	0,18	0,2	0,0	0,0	0,0	0,0
Tpa_1917_1	0,0	0,0	1,0	0,0	0,1	0,0	0,0	0,0	0,0	0,0	0,0	0,0	0,0	0,0	0,0	0,0	0,0	0,1	0,0	0,0	0,0	0,0	0,0	0,0	0,0	0,0	0,0	0,0	0,0	0,0	0,0	0,0
Tpa_1930_1	8,3	0,1	0,36	0,0	0,0	0,1	0,0	0,0	0,1	0,0	3,0	0,1	0,0	0,0	0,0	2,0	0,1	5,4	0,0	0,0	0,0	1,0	0,0	0,0	0,1	0,0	0,5	0,0	0,0	0,0	0,0	0,0
Tpa_1966_1	0,0	0,0	0,0	0,0	0,0	0,0	0,0	0,0	0,0	0,0	0,0	0,0	0,0	0,0	0,0	0,0	0,0	0,0	0,0	0,0	0,0	0,0	0,0	0,0	0,0	0,0	0,0	0,0	0,0	0,0	0,0	0,0
Tpa_2006_1	0,0	0,0	1,0	0,0	1,0	1,0	0,0	0,0	0,0	0,0	1,0	0,0	0,0	0,0	0,0	1,0	0,0	0,0	0,0	0,0	0,0	0,0	0,0	0,0	0,0	0,0	0,0	0,0	0,0	0,0	0,0	0,0
Tpa_2010_1	4,0	1,0	7,0	1,0	0,0	2,0	2,0	0,0	0,0	0,0	2,0	0,0	0,0	1,0	0,0	1,0	0,0	0,0	0,0	0,0	0,0	0,0	0,0	0,0	0,0	0,0	5,0	0,0	0,0	0,0	0,0	0,0
Tpa_2021_1	0,0	0,0	0,0	0,0	0,0	0,0	0,0	0,0	0,0	0,0	0,0	0,0	0,0	0,0	0,0	0,0	0,0	0,0	0,0	0,0	0,0	0,0	0,0	0,0	0,0	0,0	0,0	0,0	0,0	0,0	0,0	0,0
Tpa_2034_1	0,0	0,0	2,0	0,0	0,0	0,0	0,0	0,0	0,0	0,0	0,0	0,0	0,0	0,0	1,0	0,0	0,0	2,0	0,0	0,0	0,0	0,0	0,0	0,0	0,0	0,0	0,0	0,0	0,0	0,0	0,0	0,0
Tpa_2040_1	4,2	0,1	0,15	0,0	0,1	0,1	0,0	0,0	0,0	0,0	0,0	0,0	0,0	0,0	0,0	0,2	0,0	0,0	0,0	0,0	0,0	0,0	0,0	0,0	0,0	0,1	0,3	0,0	0,0	0,0	0,0	0,0
Tpa_2041_1	0,1	0,1	0,3	0,0	0,0	0,0	0,0	0,0	0,0	0,0	0,0	0,0	0,0	0,0	0,0	0,0	0,0	0,0	0,0	0,0	0,0	0,0	0,0	0,0	0,0	0,0	0,0	0,0	0,1	0,0	0,0	0,0
Tpa_2073_1	0,7	2,0	0,5	0,1	0,2	0,1	0,0	0,0	0,0	0,0	0,0	0,0	0,0	0,1	1,0	0,1	0,0	0,2	0,0	0,3	0,0	0,0	0,0	0,0	0,0	0,0	0,3	0,0	0,0	0,1	0,0	0,0
Tpa_2076_1	0,7	5,4	0,25	0,0	0,11	0,9	0,0	0,0	1,1	0,1	2,1	0,1	0,0	0,0	0,2	0,1	0,1	0,12	0,0	0,3	0,0	0,6	0,1	0,0	0,0	0,2	0,13	0,3	0,1	0,1	0,0	0,0
Tpa_2096_1	1,4	0,0	0,24	0,1	0,0	0,3	0,0	1,0	0,1	0,0	0,1	0,2	0,0	0,0	0,0	0,1	0,1	0,3	0,0	0,1	0,0	0,0	0,0	0,0	0,1	0,1	0,0	0,0	0,0	1,0	0,0	0,0
Tpa_2128_1	0,0	0,0	2,0	0,0	0,0	0,0	0,0	0,0	0,0	0,0	0,0	0,0	0,0	0,0	0,0	0,0	0,0	0,0	0,0	0,0	0,0	0,0	0,0	0,0	0,0	0,0	0,0	0,0	0,0	0,0	0,0	0,0
Tpa_2157_1	80,0	20,0	110,0	3,0	15,0	18,0	0,0	0,0	3,0	0,0	3,0	8,0	1,0	3,0	0,0	3,8	1,0	24,0	1,0	11,0	0,0	9,0	4,0	0,0	0,0	0,0	43,0	2,0	4,0	0,0	0,0	0,0
Tpa_2180_1	0,3	0,0	0,5	0,0	0,1	0,0	0,0	0,0	0,1	0,0	0,0	0,1	0,0	0,0	0,1	0,0	0,0	0,0	0,0	0,0	0,0	0,1	0,0	0,0	0,0	0,0	0,3	0,0	0,0	0,0	0,0	0,0
Tpa_2194_1	0,0	0,0	6,0	0,0	1,0	1,0	0,0	0,0	0,0	0,0	0,0	0,0	0,0	0,0	0,0	1,0	0,0	2,0	0,0	0,1	0,0	0,0	0,0	0,0	0,0	0,0	0,0	0,0	0,0	0,0	0,0	0,0
Tpa_2207_1	31,0	5,0	67,0	1,0	11,0	28,0	0,0	0,0	2,0	0,0	3,0	12,0	0,0	1,0	4,0	7,0	0,0	5,0	0,0	5,0	2,0	7,0	1,1	1,0	0,0	0,0	19,0	0,0	1,0	3,0	0,0	0,0
Tpa_2254_1	1,0	1,0	0,4	0,0	0,0	1,0	0,0	0,0	0,0	0,0	1,0	0,0	0,0	0,0	0,0	0,0	0,0	1,0	0,0	0,0	0,0	0,0	0,0	0,0	0,0	1,0	1,0	0,0	0,0	0,0	0,0	0,0
Tpa_2278_1	0,10	0,4	0,27	0,1	0,2	1,3	0,0	0,1	0,1	0,0	0,0	0,1	0,0	0,0	0,0	0,0	0,0	0,2	0,0	0,0	0,0	0,0	0,1	0,0	0,0	0,0	0,0	0,0	0,0	0,1	0,0	0,0
Tpa_2334_1	0,0	0,0	0,0	0,0	0,0	0,0	0,0	0,0	0,0	0,0	0,0	0,0	0,0	0,0	0,0	0,0	0,0	0,0	0,0	0,0	0,0	0,0	0,0	0,0	0,0	0,0	0,0	0,0	0,0	0,0	0,0	0,0
Tpa_2344_1	73,47	0,16	0,194	0,3	11,0	0,39	0,0	0,2	1,9	0,4	0,9	0,14	0,1	0,11	0,2	0,3	0,0	0,13	0,1	0,12	0,0	0,13	1,2	0,0	1,2	0,2	0,21	0,3	2,2	0,0	0,2	0,0
Tpa_2353_1	34,0	6,0	69,0	2,0	6,12	13,0	0,0	0,0	1,0	1,0	1,3	11,0	1,0	3,2	3,0	0,4	0,0	13,0	0,0	3,0	0,0	2,1	3,0	2,0	2,0	0,0	33,0	2,0	2,0	0,1	1,0	0,0
Tpa_2368_1	0,1	0,0	0,1	0,0	0,0	0,0	0,0	0,0	0,0	0,0	0,0	0,0	0,0	0,0	0,0	0,0	0,0	0,1	0,0	0,0	0,0	0,0	0,1	0,0	0,0	0,0	0,0	0,0	0,0	0,0	0,0	0,0
Tpa_2412_1	0,72	0,33	0,123	1,61	0,81	0,15	0,9	0,3	0,74	0,5	29,43	0,54	0,2	22,28	0,59	0,31	0,4	0,85	0,9	0,120	0,2	0,40	0,16	0,0	0,8	0,19	0,88	0,22	0,49	0,22	0,2	0,0
Tpa_2417_1	0,12	0,1	0,10	0,0	0,4	0,2	0,0	0,0	0,1	0,0	0,1	0,3	0,0	0,0	0,3	0,3	0,1	0,2	0,1	0,1	0,0	0,2	0,1	0,1	0,0	0,0	0,10	0,0	0,2	0,1	0,0	0,0
Tpa_2453_1	0,0	0,0	0,0	0,0	0,0	0,0	0,0	0,0	0,0	0,0	0,0	0,0	0,0	0,0	0,0	0,0	0,0	0,0	0,0	0,0	0,0	0,0	0,0	0,0	0,0	0,0	0,0	0,0	0,0	0,0	0,0	0,0
Tpa_2458_1	0,0	0,0	1,0	0,0	0,0	0,0	0,0	0,0	0,0	0,0	0,0	0,0	0,0	0,0	0,0	0,0	0,0	0,0	0,0	0,0	0,0	0,0	0,0	0,0	0,0	0,0	0,0	0,0	0,0	0,0	0,0	0,0
Tpa_2460_1	0,4	0,1	0,17	0,0	0,0	0,0	0,0	0,0	0,0	0,0	0,0	0,1	0,0	0,0	0,0	0,0	0,0	0,1	0,0	0,0	0,0	0,1	0,0	0,0	0,0	0,0	0,3	0,0	0,0	0,0	0,0	0,0
Tpa_2470_1	5,0	3,0	8,0	1,0	11,0	3,0	0,0	0,0	2,0	1,1	5,0	1,0	1,0	3,0	1,0	1,0	0,0	11,0	0,0	8,0	0,0	3,0	0,0	0,0	0,0	1,0	10,0	2,0	2,0	1,0	1,0	1,0
Tpa_2483_1	41,0	0,1	31,37	1,0	9,0	10,0	0,0	0,0	7,0	1,0	6,0	5,0	3,0	0,5	1,0	1,0	0,0	9,0	0,0	2,0	0,0	2,0	0,0	1,0	0,0	2,0	15,1	1,0	1,0	1,0	1,0	0,0
Tpa_2498_1	2,0	0,0	1,0	0,0	0,0	0,0	0,0	0,0	0,0	0,0	0,0	0,0	0,0	0,0	0,0	0,0	0,0	0,0	0,0	0,0	0,0	0,0	0,0	0,0	0,0	0,0	0,1	0,0	0,0	0,0	0,0	0,0
Tpa_2509_1	2,0	0,0	1,2	0,0	1,0	0,0	0,0	0,0	0,0	0,0	0,0	1,0	1,0	0,0	0,0	0,0	0,0	0,0	0,0	0,0	0,0	0,0	0,0	0,0	0,0	0,0	0,0	0,0	0,0	0,0	0,0	0,0
Tpa_2518_1	4,3	0,9	0,16	0,5	4,3	0,6	0,0	0,0	2,3	0,0	0,5	0,1	0,0	0,3	0,0	0,2	0,0	4,6	0,1	7,2	0,0	0,3	0,4	0,2	0,0	2,0	12,12	0,2	0,8	0,3	0,0	0,0
Tpa_2519_1	0,0	0,0	1,0	0,0	0,0	1,0	0,0	0,0	0,0	0,0	1,0	0,0	0,0	0,0	0,0	0,0	0,0	0,0	0,0	0,0	0,0	0,0	0,0	0,0	0,0	0,0	1,0	0,1	0,0	0,0	0,0	0,0
Tpa_2523_1	1,0	1,0	0,0	0,0	0,0	0,0	0,0	0,0	0,0	0,0	0,0	0,0	0,0	0,0	0,0	0,0	0,0	2,0	0,0	0,0	0,0	0,0	0,0	0,0	0,0	0,0	0,0	0,0	0,0	0,0	0,0	0,0
Tpa_2581_1	0,31	0,4	13,64	0,1	0,4	0,3	0,2	0,0	0,2	0,1	0,2	0,3	0,1	0,3	0,1	0,0	0,0	0,2	0,1	0,3	0,0	0,1	0,0	0,0	0,1	0,0	5,1	0,1	0,1	0,1	0,1	0,0
Tpa_2601_1	0,251	26,27	200,0	27,0	86,0	164,0	4,7	5,3	5,4	0,9	36,0	0,66	4,4	17,12	11,10	17,14	0,5	49,0	8,2	57,0	7,3	13,11	4,0	3,3	4,5	3,4	3,203	5,0	7,10	4,1	0,0	0,0
Tpa_2608_1	64,0	14,0	118,0	1,3	8,4	21,0	0,0	0,0	2,0	0,0	6,3	9,0	0,0	2,2	6,0	8,0	0,0	21,0	3,0	11,0	0,1	3,0	6,0	1,0	0,0	3,0	17,13	0,0	6,0	2,0	0,0	0,0
Tpa_2636_1	12,0	16,0	15,0	13,0	18,0	5,0	2,0	0,0	11,0	0,0	13,0	5,0	1,0	4,0	6,0	7,0	0,0	36,0	1,0	26,0	0,0	5,0	1,0	2,0	0,0	0,0	42,0	8,0	10,0	1,0	0,0	0,0
Tpa_2639_1	0,1	0,0	0,2	0,0	0,0	0,0	0,0	0,0	0,0	0,0	0,0	0,0	0,0	0,0	0,1	0,0	0,0	0,0	0,0	0,0	0,0	0,0	0,0	0,0	0,0	0,0	0,0	0,0	0,0	0,0	0,0	0,0
Tpa_2664_1	4,0	0,0	4,0	0,0	2,0	1,0	0,0	0,0	0,0	0,0	1,1	0,0	0,0	0,0	0,0	0,0	0,0	2,0	0,0	1,0	0,0	0,0	0,0	1,0	0,0	0,0	2,0	0,0	0,0	0,0	0,0	0,0
Tpa_2702_1	0,0	0,0	2,0	0,0	0,0	0,0	0,0	0,0	0,0	0,0	0,0	0,0	0,0	0,0	0,0	0,0	0,0	0,0	0,0	0,0	0,0	0,0	0,0	0,0	0,0	0,0	0,0	0,0	0,0	0,0	0,0	0,0
Tpa_2712_1	0,0	0,0	0,3	0,0	0,0	0,0	0,0	0,0	0,0	0,0	0,0	0,0	0,0	0,0	0,0	0,0	0,0	0,0	0,0	0,0	0,0	0,0	0,0	0,0	0,0	0,0	0,0	0,0	0,0	0,0	0,0	0,0
Tpa_2734_1	2,0	0,0	3,0	0,0	1,0	4,0	0,0	0,0	0,19	0,0	0,0	0,0	0,0	0,0	0,0	0,0	0,3	0,0	0,0	0,0	0,0	0,0	0,0	0,0	0,0	0,0	0,0	0,0	0,0	0,0	0,0	0,0
Tpa_2741_1	0,0	0,0	0,0	0,0	0,0	0,0	0,0	0,0	0,0	0,0	0,0	0,0	0,0	0,0	0,0	0,0	0,0	0,0	0,0	0,0	0,0	0,0	0,0	0,0	0,0	0,0	0,0	0,0	0,0	0,0	0,0	0,0
Tpa_2745_1	8,0	1,0	25,0	0,0	0,0	1,0	1,0	1,0	0,0	0,0	0,0	5,0	0,0	0,0	1,0	0,0	0,0	4,0	0,0	0,0	0,0	0,0	0,0	0,0	0,0	0,0	3,0	0,0	0,0	0,0	0,0	0,0
Tpa_2763_1	11,0	0,0	13,0	0,0	0,0	6,0	0,0	0,0	0,0	0,0	0,0	1,0	0,0	0,0	0,0	0,0	0,0	3,0	0,0	0,0	0,0	0,0	0,0	0,0	0,0	0,0	0,0	0,0	0,0	0,0	0,0	0,0
Tpa_2845_1	0,1	0,1	0,0	0,0	0,1	0,0	0,0	0,0	0,1	0,0	0,0	0,0	0,0	0,0	0,0	0,0	0,0	0,3	0,0	0,1	0,0	0,0	0,0	0,0	0,0	0,0	0,4	0,0	0,0	0,0	0,0	0,0
Tpa_2854_1	13,0	0,0	8,0	0,0	0,0	2,4	0,0	0,0	3,0	0,0	0,0	0,0	0,0	1,1	2,0	0,2	0,0	1,0	0,0	4,0	0,0	3,0	0,0	0,0	0,0	1,0	8,0	0,0	0,0	0,0	0,0	0,0
Tpa_2856_1	6,0	13,0	2,2	17,0	17,0	1,3	1,0	0,0	3,4	0,0	9,0	1,0	4,0	0,1	8,0	0,3	1,0	10,7	4,0	17,0	0,0	9,0	3,0	2,0	0,0	3,0	21,0	2,0	10,0	6,0	0,0	0,0
Tpa_2861_1	1,18	0,4	0,84	0,0	2,1	0,14	0,0	0,0	0,1	0,0	0,2	0,5	0,0	0,3	0,0	0,2	0,0	0,6	0,0	0,1	0,0	3,0	0,0	0,0	0,0	0,0	0,10	0,1	0,2	0,0	0,0	0,0
Tpa_2868_1	8,0	3,0	15,0	1,0	1,1	2,1	0,0	0,0	1,0	0,0	1,0	1,0	0,0	0,0	1,0	4,0	0,0	6,0	0,0	4,0	0,0	2,0	0,0	0,0	0,0	0,0	8,0	0,0	2,3	0,0	0,0	0,0
Tpa_2900_1	0,1	0,1	0,2	0,0	0,0	0,1	0,0	0,0	0,0	0,0	0,0	0,0	0,0	0,0	0,1	0,0	0,0	0,0	0,0	0,0	0,0	0,0	0,0	0,0	0,0	0,0	0,1	0,0	0,0	0,0	0,0	0,0
Tpa_2907_1	5,5	0,1	7,11	0,0	1,0	0,5	0,0	0,0	0,0	0,0	0,0	0,2	0,0	0,1	0,0	1,0	0,0	0,2	0,0	0,0	0,1	0,1	0,0	0,0	0,0	0,0	5,3	0,0	0,0	0,0	0,0	0,0
Tpa_2961_1	0,0	0,0	29,0	2,0	3,0	3,0	1,0	0,0	0,0	0,0	1,0	2,0	1,0	1,0	0,0	0,0	0,0	4,0	0,0	0,0	0,0	3,0	0,0	0,0	0,0	2,0	1,0	0,0	1,0	0,0	0,0	0,0
Tpa_2970_1	0,0	0,0	0,1	0,0	0,0	0,0	0,0	0,0	0,0	0,0	1,0	0,0	0,0	0,0	0,0	1,0	0,0	0,0	0,0	0,0	0,0	1,0	0,0	0,0	0,0	0,0	0,0	0,0	0,0	1,0	0,0	0,0
Tpa_3004_1	0,2	0,0	0,7	0,0	0,0	0,1	0,0	0,0	0,0	0,0	0,0	0,0	0,0	0,0	0,0	0,0	0,0	0,0	0,0	0,0	0,0	0,0	0,0	0,0	0,0	0,0	0,1	0,0	0,0	0,0	0,0	0,0
Tpa_3011_1	0,7	0,2	0,18	0,0	0,0	0,0	0,0	0,0	0,1	0,0	0,2	0,0	0,0	0,1	0,0	0,0	0,0	0,0	0,0	0,1	0,0	0,0	0,0	0,0	0,0	0,1	0,1	0,0	0,1	0,0	0,0	0,0
Tpa_3018_1	0,0	0,0	0,0	0,0	0,0	0,0	0,0	0,0	0,0	0,0	0,0	0,0	0,0	0,0	0,0	0,0	0,0	0,0	0,0	0,0	0,0	0,0	0,0	0,0	0,0	0,0	0,0	0,0	0,0	0,0	0,0	0,0
Tpa_3047_1	25,0	16,0	10,0	2,0	3,0	4,0	0,0	0,0	3,0	0,0	2,0	44,0	5,0	3,28	9,0	3,0	0,0	5,0	0,0	2,0	0,0	3,0	0,0	1,0	0,0	0,0	3,0	0,0	1,0	0,0	0,0	0,0
Tpa_3055_1	2,0	0,0	2,0	0,0	0,0	0,0	0,0	0,0	0,0	0,0	0,0	0,0	0,0	0,0	0,0	0,0	0,0	0,0	0,0	0,0	0,0	0,0	0,0	0,0	0,0	0,0	0,0	0,0	0,0	0,0	0,0	0,0
Tpa_3063_1	0,2	0,0	0,0	0,0	2,1	0,0	0,0	0,0	0,0	0,0	0,0	0,0	1,0	0,0	2,0	0,0	0,0	1,0	0,0	0,0	0,0	0,0	0,0	0,0	0,0	0,0	0,0	0,0	0,0	0,0	0,0	0,0
Tpa_3129_1	0,0	0,0	0,0	0,0	0,0	0,0	0,0	0,0	0,0	0,0	0,0	0,0	0,0	0,0	0,0	0,0	0,0	0,0	0,0	0,0	0,0	0,0	0,0	0,0	0,0	0,0	0,0	0,0	0,0	0,0	0,0	0,0
Tpa_3149_1	1,0	0,0	18,0	1,0	1,0	0,0	0,0	0,0	1,0	0,0	1,0	0,2	0,0	0,0	0,0	1,0	0,0	0,0	0,0	0,0	0,0	0,0	0,0	0,0	0,0	0,0	3,0	0,0	0,0	0,0	0,0	0,0
Tpa_3193_1	0,0	0,0	0,0	0,0	0,0	0,0	0,0	0,0	0,0	0,0	0,0	0,0	0,0	0,0	0,0	0,0	0,0	0,0	0,0	0,0	0,0	0,0	0,0	0,0	0,0	0,0	0,0	0,0	0,0	0,0	0,0	0,0
Tpa_3197_1	0,3	0,0	0,13	0,0	0,0	0,1	0,0	0,0	0,0	0,0	0,1	0,0	0,0	0,0	0,0	0,0	0,0	0,1	0,0	0,0	0,0	0,0	0,0	0,0	0,0	0,0	0,2	0,0	0,0	0,1	0,0	0,0
Tpa_3200_1	1,0	0,0	6,0	0,0	0,0	0,0	0,0	0,0	0,0	0,0	0,0	0,0	0,0	0,0	0,0	0,0	0,0	0,0	0,0	0,0	0,0	0,1	0,0	0,0	0,0	1,0	1,0	0,0	0,0	0,0	0,0	0,0
Tpa_3248_1	0,48	0,0	0,4	0,0	0,6	0,65	0,0	0,4	0,0	0,0	0,1	0,22	0,2	0,0	0,3	0,0	0,1	0,1	0,4	0,8	0,0	0,0	0,1	0,0	0,0	0,3	0,0	0,0	0,2	0,0	0,0	0,0
Tpa_3254_1	3,0	1,0	2,0	0,0	0,0	0,0	0,0	0,0	0,0	0,0	0,0	0,0	0,0	0,0	0,0	0,0	0,0	0,0	0,0	0,0	0,0	0,0	0,0	0,0	0,0	0,0	2,0	0,0	0,0	0,0	0,0	0,0
Tpa_3262_1	96,0	7,10	53,34	4,0	7,0	34,0	0,0	0,0	0,2	0,0	0,5	42,0	0,0	1,0	1,0	11,0	0,0	5,0	3,0	1,3	0,0	2,0	0,0	0,0	0,0	1,0	7,10	3,0	1,0	2,0	0,0	0,0
Tpa_3263_1	11,0	5,0	5,0	1,0	5,0	2,0	0,0	0,0	2,0	1,0	6,0	1,0	0,1	1,0	2,0	1,0	0,0	15,0	0,0	6,0	0,0	0,0	1,0	0,0	1,0	0,0	4,5	1,0	1,0	0,0	0,0	0,0
Tpa_3310_1	3,1	1,0	13,0	0,0	0,0	11,0	0,0	0,0	0,0	0,0	2,0	1,0	0,0	1,0	0,0	0,0	0,0	0,0	0,0	0,0	0,0	0,0	0,0	0,0	0,0	0,0	1,0	0,0	0,0	0,0	0,0	0,0
Tpa_3347_1	3,0	2,0	0,0	1,0	1,1	1,0	0,0	0,0	1,0	0,0	2,0	1,0	0,0	0,0	1,0	0,0	1,0	5,0	0,0	0,2	1,0	0,1	0,0	1,0	0,1	0,0	2,0	0,0	3,0	0,0	0,0	0,0
Tpa_3354_1	0,18	0,14	0,19	0,17	0,31	0,9	0,0	0,1	0,4	0,0	0,8	0,3	0,0	7,2	0,6	0,11	0,0	0,40	0,2	0,17	0,0	0,15	0,2	0,1	0,4	0,1	0,36	2,2	0,13	0,3	0,1	0,0
Tpa_3364_1	0,7	1,0	16,15	1,0	0,1	3,0	0,0	0,0	0,0	0,0	0,1	2,0	0,0	0,0	2,0	0,3	0,0	1,0	0,0	1,0	0,0	2,0	0,1	1,0	0,0	0,1	1,1	0,0	0,0	0,0	0,0	0,0
Tpa_3385_1	0,0	0,0	0,0	0,0	0,0	0,0	0,0	0,0	0,0	0,0	0,0	0,0	0,0	0,0	0,0	0,0	0,0	0,0	0,0	0,0	0,0	0,0	0,0	0,0	0,0	0,0	0,0	0,0	0,0	0,0	0,0	0,0
Tpa_3439_1	1,0	0,0	1,0	0,0	0,0	0,0	0,0	0,0	0,0	0,0	0,0	1,0	0,0	0,0	0,0	0,0	0,0	0,0	0,0	0,0	0,0	0,0	0,0	0,0	0,0	0,0	0,0	0,0	0,0	0,0	0,0	0,0
Tpa_3502_1	0,0	0,0	0,0	0,0	0,0	0,0	0,0	0,0	0,0	0,0	0,0	0,0	0,0	0,0	0,0	0,0	0,0	0,0	0,0	0,0	0,0	0,0	0,0	0,0	0,0	0,0	0,0	0,0	0,0	0,0	0,0	0,0
Tpa_3561_1	0,0	0,0	0,0	0,0	0,2	0,0	0,0	0,0	0,0	0,0	0,0	0,0	0,0	0,1	0,0	0,0	0,0	0,1	0,0	0,0	0,0	0,0	0,0	0,0	0,0	0,0	0,0	0,0	0,1	0,0	0,0	0,0
Tpa_3569_1	0,0	0,0	0,1	0,0	0,0	0,0	0,0	0,0	0,0	0,0	0,0	0,0	0,0	0,0	0,0	0,0	0,0	0,0	0,0	0,0	0,0	0,0	0,0	0,0	0,0	0,0	0,0	0,1	0,0	0,0	0,0	0,0
Tpa_3583_1	0,0	0,1	0,7	0,1	0,1	0,0	0,0	0,0	0,0	0,0	0,1	0,2	0,0	0,0	0,0	0,3	0,0	0,2	0,0	0,0	0,0	0,1	0,0	0,0	0,0	0,1	0,4	0,0	0,0	0,0	0,0	0,0
Tpa_3616_1	0,47	0,7	0,154	0,27	0,43	0,6	0,5	0,0	0,16	0,1	0,52	0,0	0,4	0,17	0,31	0,18	0,0	0,60	0,2	0,31	0,1	0,37	0,9	0,1	0,2	0,11	0,103	0,4	0,5	0,6	0,1	0,0
Tpa_3674_1	1,4	0,1	0,18	0,0	0,0	0,2	0,1	0,0	0,0	0,0	0,1	0,1	0,0	0,1	0,1	0,0	0,0	0,0	0,1	0,1	0,0	0,1	0,0	0,0	0,0	0,0	0,1	0,0	0,0	0,1	0,0	0,0
Tpa_3676_1	1,0	1,0	0,0	0,0	0,0	1,0	0,0	0,0	0,0	0,0	0,0	0,0	0,0	0,0	0,0	0,0	0,0	0,0	0,0	0,0	0,0	0,0	0,0	0,0	0,0	0,0	0,0	0,0	0,0	0,0	0,0	0,0
Tpa_3679_1	0,0	0,0	0,0	0,0	0,0	0,0	0,0	0,0	0,0	0,0	0,0	0,0	0,0	0,0	0,0	0,0	0,0	0,0	0,0	0,0	0,0	0,0	0,0	0,0	0,0	0,0	0,0	0,0	0,0	0,0	0,0	0,0
Tpa_3684_1	0,0	0,0	0,0	0,0	0,0	0,0	0,0	0,0	0,0	0,0	0,1	0,0	0,0	0,0	0,0	0,0	0,0	0,0	0,0	0,0	0,0	0,0	0,0	0,0	0,0	0,0	0,0	0,0	0,0	0,0	0,0	0,0
Tpa_3705_1	58,0	19,0	83,0	5,0	23,0	12,0	3,0	1,0	16,0	1,0	24,0	10,17	3,0	15,0	13,0	10,0	1,0	35,0	4,0	22,0	0,0	19,0	2,1	0,0	3,0	4,0	67,0	4,0	9,0	5,0	0,0	0,0
Tpa_3723_1	0,3	0,0	0,1	0,1	0,5	0,1	0,0	0,0	0,2	0,0	0,0	0,1	1,0	0,0	0,0	0,0	0,0	0,0	0,0	0,0	0,0	0,0	0,0	1,0	0,0	0,0	0,5	0,0	0,2	0,0	0,0	0,0
Tpa_3737_1	0,0	2,1	0,7	1,0	0,1	0,2	0,1	0,0	0,1	0,0	0,2	0,2	0,0	0,0	0,1	0,1	0,0	0,2	0,0	1,0	0,0	0,1	0,0	0,1	0,1	0,0	0,1	0,0	0,0	0,0	0,0	0,0
Tpa_3745_1	0,32	0,5	0,28	0,0	0,4	0,18	0,0	0,0	0,0	0,0	0,1	0,3	0,0	0,0	0,0	0,0	0,1	0,2	0,0	0,0	0,0	0,1	0,0	0,0	0,0	0,0	1,0	0,0	0,0	0,0	0,0	0,0
Tpa_3795_1	92,105	0,40	0,321	9,6	0,21	0,62	0,4	0,1	0,24	0,8	0,58	0,74	0,6	0,33	0,53	0,57	0,1	0,69	0,1	48,0	0,7	0,25	0,18	2,2	0,6	4,3	0,86	0,9	0,16	0,14	0,1	0,0
Tpa_3846_1	2,5	1,0	1,3	0,0	0,0	0,0	0,0	0,0	1,0	0,0	0,0	0,0	0,0	0,0	0,0	0,0	0,0	0,0	0,0	2,0	0,0	0,0	0,0	0,0	0,0	0,0	0,0	0,0	0,0	0,0	0,0	0,0
Tpa_3862_1	0,0	0,0	0,0	0,0	0,0	0,0	0,0	0,0	0,0	0,0	0,0	0,0	0,0	0,0	0,0	0,0	0,0	0,0	0,0	0,0	0,0	0,0	0,0	0,0	0,0	0,0	0,0	0,0	0,0	0,0	0,0	0,0
Tpa_3871_1	57,0	9,0	45,0	1,0	6,0	14,0	1,0	0,0	1,0	1,0	2,0	6,0	0,0	4,0	3,0	2,0	0,0	6,0	0,0	1,0	0,0	0,0	1,0	0,0	0,0	2,0	6,0	1,0	3,0	0,0	0,0	0,0
Tpa_3879_1	0,90	0,19	0,89	0,20	0,21	0,21	0,3	0,0	0,7	0,3	0,9	0,84	0,1	0,15	0,18	0,10	0,3	9,12	0,6	0,13	0,5	0,18	0,8	0,0	0,6	0,2	0,64	0,2	0,6	0,2	0,1	0,0
Tpa_3905_1	19,0	4,0	3,14	0,0	0,0	5,0	0,0	0,0	8,0	0,0	3,4	1,0	0,0	0,1	1,0	3,0	0,0	8,0	0,0	3,0	0,0	4,0	0,0	0,0	0,0	1,0	3,0	0,0	3,0	1,0	1,0	0,0
Tpa_3926_1	2,0	1,0	1,0	1,0	0,0	0,0	0,0	0,0	0,0	0,0	0,0	0,0	0,0	0,0	0,0	1,0	0,0	1,0	0,0	0,0	0,0	0,0	0,0	0,0	0,0	0,0	1,0	0,0	0,0	0,0	0,0	0,0
Tpa_3937_1	0,1	0,0	0,2	0,0	0,0	0,0	0,0	0,0	0,0	0,0	0,0	0,0	0,0	0,0	0,0	0,0	0,0	0,0	0,0	0,0	0,0	0,0	0,0	0,0	0,0	0,0	0,0	0,0	0,0	0,0	0,0	0,0
Tpa_3962_1	2,0	0,0	11,0	0,0	0,0	0,0	0,0	0,0	1,0	0,0	1,0	1,1	0,0	0,0	0,0	0,0	0,0	2,0	0,0	0,0	0,0	0,0	0,0	0,0	0,0	0,0	5,0	0,0	0,0	0,0	0,0	0,0
Tpa_3974_1	0,0	0,0	0,0	0,0	0,0	0,0	0,0	0,0	0,1	0,0	0,0	0,0	0,0	0,0	0,0	0,0	0,0	0,0	0,0	1,0	0,0	0,0	0,0	0,0	0,0	0,0	1,0	0,0	0,0	0,0	0,0	0,0
Tpa_4020_1	0,0	0,0	0,2	0,0	0,1	0,1	0,0	0,0	0,0	0,0	0,0	0,0	0,0	0,0	0,0	0,0	0,0	0,0	0,0	0,0	0,0	0,0	0,0	0,0	0,0	0,0	0,0	0,0	0,0	0,0	0,0	0,0
Tpa_4021_1	13,0	2,0	49,0	0,0	2,0	8,0	0,0	0,0	0,0	0,0	0,0	5,0	0,0	0,0	1,0	1,1	0,0	5,0	1,0	1,0	0,0	1,0	0,0	0,0	1,0	0,0	6,0	0,0	4,0	0,0	0,0	0,0
Tpa_4022_1	78,52	22,14	74,48	0,6	0,20	80,32	0,3	0,0	5,10	0,7	26,17	117,30	0,4	0,16	0,25	0,33	1,1	26,13	1,3	0,32	0,1	14,24	3,2	0,1	0,5	3,9	1,51	2,4	7,6	6,7	0,0	0,0
Tpa_4055_1	2,0	1,0	2,1	1,0	0,0	0,0	0,0	0,0	1,0	0,0	2,0	0,0	0,0	1,0	0,0	1,0	0,0	1,0	1,0	0,0	0,0	1,0	1,0	0,0	0,0	0,0	1,0	0,0	1,0	0,0	1,0	0,0
Tpa_4077_1	14,0	0,0	15,0	0,0	1,0	6,0	0,0	0,0	1,0	0,0	1,0	0,0	0,0	1,0	1,0	1,0	0,0	3,1	0,0	0,0	0,0	1,0	1,0	0,0	0,0	0,0	1,0	0,0	1,0	0,0	0,0	0,0
Tpa_4120_1	50,0	30,0	102,0	1,0	5,0	23,10	1,0	0,0	0,3	0,0	12,0	10,8	0,0	0,0	5,0	8,0	0,0	7,0	0,0	3,0	1,0	0,0	0,0	0,0	1,1	0,0	9,0	0,0	0,1	0,0	0,0	0,0
Tpa_4126_1	21,0	3,11	34,0	16,0	37,0	12,0	0,0	0,0	20,0	1,0	38,0	11,0	1,0	3,0	14,0	8,0	2,0	23,0	1,0	22,0	1,0	13,0	6,0	1,0	6,0	0,0	23,37	4,0	4,0	4,0	2,0	0,0
Tpa_4137_1	6,6	0,11	0,38	0,11	0,11	0,6	0,0	0,0	0,12	0,2	0,10	0,3	0,1	0,1	0,6	0,3	0,0	0,22	0,1	0,6	0,0	0,6	0,2	0,1	0,2	0,4	0,28	0,3	0,0	0,0	0,0	0,0
Tpa_4148_1	0,0	0,0	0,1	0,0	0,0	0,1	0,0	0,0	0,0	0,0	0,2	0,0	0,0	0,0	0,0	0,0	0,0	0,0	0,0	0,0	0,0	0,0	0,0	0,0	0,0	0,0	0,0	0,0	0,0	0,0	0,0	0,0
Tpa_4168_1	2,0	0,0	5,0	0,0	1,0	1,0	0,0	0,0	3,0	0,0	2,0	1,0	0,0	0,0	0,0	1,0	0,0	2,0	0,0	0,0	0,0	2,0	1,0	0,0	0,0	0,0	2,0	0,0	0,0	0,0	0,0	0,0
Tpa_4176_1	0,0	0,0	0,0	0,0	1,0	0,0	0,0	0,0	0,0	0,0	0,0	0,0	0,0	0,0	0,0	0,0	0,0	0,0	0,0	0,0	0,0	0,0	0,0	0,0	0,0	0,0	0,0	0,0	0,0	0,0	0,0	0,0
Tpa_4178_1	17,15	4,0	66,0	3,0	6,0	10,0	0,0	0,0	10,0	0,0	4,0	8,0	0,0	0,0	3,0	7,0	0,0	23,0	0,0	5,4	0,0	8,0	0,0	0,0	0,0	0,0	25,0	1,0	2,0	1,2	0,0	0,0
Tpa_4209_1	0,9	0,0	0,38	0,1	0,2	0,4	0,0	0,1	0,1	0,1	0,0	0,0	0,0	0,0	0,1	0,0	0,1	0,5	0,0	0,1	0,0	0,1	0,1	0,1	0,0	0,0	0,7	0,0	0,2	0,1	0,0	0,0
Tpa_4221_1	0,0	0,0	0,0	0,1	0,0	0,0	0,0	0,0	0,0	0,0	0,0	0,0	0,0	0,0	0,0	0,0	0,0	0,0	0,0	0,0	0,0	0,0	0,0	0,0	0,0	0,0	0,0	0,0	0,0	0,0	0,0	0,0
Tpa_4230_1	5,0	0,9	12,0	2,0	2,0	2,10	0,0	0,0	1,0	0,0	0,0	0,2	0,0	0,0	0,0	0,0	0,0	0,0	0,0	1,0	0,0	2,0	1,0	0,0	0,0	0,2	6,0	0,0	1,0	0,0	0,0	0,0
Tpa_4245_1	0,0	0,0	0,0	0,0	0,0	0,0	0,0	0,0	0,0	0,0	0,0	0,0	0,0	0,0	0,0	0,0	0,0	0,0	0,0	0,0	0,0	0,0	0,0	0,0	0,0	0,0	0,0	0,0	0,0	0,0	0,0	0,0
Tpa_4246_1	0,4	0,1	0,22	0,0	0,3	0,12	0,0	0,1	0,2	0,1	0,3	0,2	0,1	0,0	0,1	0,1	0,0	0,2	0,0	0,3	0,0	0,2	0,1	0,0	0,0	0,0	0,9	0,1	0,3	0,1	0,0	0,0
Tpa_4247_1	25,0	8,0	38,0	2,0	2,0	0,0	2,0	0,0	7,0	0,0	13,0	9,0	0,0	1,0	8,0	6,0	0,0	27,0	0,0	11,0	1,0	10,0	1,0	0,0	0,0	0,1	32,0	0,0	2,0	1,0	0,0	0,0
Tpa_4268_1	128,0	54,0	123,0	2,0	32,0	88,0	4,0	4,0	5,0	6,0	3,0	47,0	1,0	13,0	7,0	19,0	4,0	8,0	12,0	12,5	1,0	2,0	0,0	4,0	2,0	9,0	25,0	3,0	2,0	2,0	1,0	0,0
Tpa_4291_1	16,0	0,0	77,0	0,0	1,0	6,0	0,0	0,0	1,0	0,0	0,0	1,0	0,0	2,0	1,0	0,0	0,0	5,2	0,0	1,0	0,0	0,0	0,0	1,0	0,0	0,0	2,2	1,0	0,0	0,0	0,0	0,0
Tpa_4295_1	0,1	0,0	0,0	0,0	0,0	0,0	0,0	0,0	0,0	0,0	0,0	0,1	0,0	0,0	0,0	0,0	0,0	0,1	0,0	0,1	0,0	0,0	0,0	0,0	0,0	0,0	0,0	0,0	0,0	0,0	0,0	0,0
Tpa_4310_1	15,0	0,0	2,6	1,0	0,0	2,0	0,0	0,0	0,0	0,0	1,0	2,0	0,0	2,0	0,0	0,0	0,0	1,0	0,0	0,0	0,0	0,0	1,0	0,0	0,0	0,0	1,0	0,0	0,0	2,0	0,0	0,0
Tpa_4316_1	7,0	2,0	42,0	0,0	0,0	5,0	0,0	1,0	0,0	0,0	1,0	0,0	0,0	0,0	0,0	0,0	0,0	0,0	0,0	0,0	0,0	2,0	0,0	0,0	1,0	0,0	4,0	0,0	0,0	0,0	0,0	0,0
Tpa_4353_1	0,161	2,60	0,173	0,0	0,69	0,64	0,0	0,0	1,37	0,3	0,19	0,0	0,2	0,8	0,42	0,30	0,0	0,2	0,3	0,16	0,2	0,7	0,12	0,1	0,0	0,2	0,37	0,0	0,6	0,3	0,1	0,0
Tpa_4356_1	215,0	51,0	237,0	13,0	62,0	59,0	6,0	0,0	19,0	5,0	41,0	74,0	3,0	12,23	27,0	8,20	0,1	43,0	3,1	47,0	0,0	20,0	7,0	3,0	5,1	8,0	68,61	3,0	7,0	10,0	0,0	0,0
Tpa_4380_1	1,0	1,0	0,0	0,0	0,0	0,0	0,0	0,0	0,0	0,0	0,0	0,0	0,0	0,0	0,0	0,0	0,0	0,0	0,0	0,0	0,0	0,0	0,0	0,0	0,0	0,0	0,0	0,0	0,0	0,0	0,0	0,0
Tpa_4384_1	0,5	0,2	0,6	0,0	0,0	0,6	0,0	0,0	0,0	0,0	0,0	0,1	0,0	0,0	0,0	0,0	0,0	0,1	0,0	0,1	0,0	0,0	0,0	0,0	0,0	0,0	0,0	0,1	0,0	0,0	0,0	0,0
Tpa_4394_1	2,0	0,0	2,0	0,0	0,0	1,0	0,0	0,0	0,0	0,0	0,0	0,0	0,0	0,0	0,0	0,0	0,0	0,0	0,0	0,0	0,0	1,0	0,0	0,0	0,0	0,0	0,0	0,0	0,0	0,0	0,0	0,0
Tpa_4416_1	0,11	0,1	0,31	0,0	0,1	1,0	0,0	0,0	0,0	0,1	0,4	0,2	0,1	0,0	0,1	0,1	0,0	0,6	0,2	0,2	0,0	0,1	2,0	0,1	0,0	0,0	0,10	0,0	0,2	0,0	0,0	0,0
Tpa_4425_1	0,24	1,7	0,25	0,0	0,6	0,4	0,0	0,0	4,2	0,0	0,7	0,3	0,1	0,1	0,1	0,10	0,1	0,15	0,0	0,11	0,0	0,4	0,3	0,0	0,0	0,0	0,23	0,3	0,2	0,3	0,0	0,0
Tpa_4443_1	16,0	4,0	35,0	1,0	0,0	4,0	0,0	0,0	2,0	0,0	1,0	2,0	0,0	2,0	3,0	1,0	0,0	2,0	0,0	1,0	0,0	0,0	0,0	0,0	0,0	1,0	2,0	0,0	0,0	0,0	0,0	0,0
Tpa_4454_1	0,2	1,0	0,7	0,2	0,2	0,3	0,1	0,0	0,0	0,0	0,1	0,2	0,0	0,2	0,1	0,0	0,0	0,2	0,0	0,0	0,0	0,0	0,0	0,1	0,0	0,0	0,6	0,0	0,1	0,0	0,0	0,0
Tpa_4467_1	0,0	0,0	0,1	0,0	0,0	0,0	0,0	0,0	0,0	0,0	0,0	0,0	0,0	0,0	0,0	0,0	0,0	0,0	0,0	0,0	0,0	0,0	0,0	0,0	0,0	0,0	0,0	0,0	0,0	0,0	0,0	0,0
Tpa_4495_1	0,0	0,0	0,0	0,0	0,0	0,0	0,0	0,0	0,0	0,0	0,0	0,0	0,0	0,0	0,0	0,0	0,0	0,0	0,0	0,0	0,1	0,0	0,0	0,0	0,0	0,0	0,0	0,0	0,0	0,0	0,0	0,0
Tpa_4506_1	2,0	0,0	0,0	0,0	0,0	1,0	0,0	0,0	0,0	0,0	0,0	0,0	0,0	0,0	0,0	0,0	0,0	0,0	0,0	0,0	0,0	0,0	0,0	0,0	0,0	0,0	0,0	0,0	0,0	0,0	0,0	0,0
Tpa_4511_1	0,0	0,0	0,0	0,0	0,0	0,0	0,0	0,0	0,0	0,0	0,0	0,0	0,0	0,0	0,0	0,0	0,0	0,0	0,0	0,0	0,0	0,0	0,0	0,0	0,0	0,0	0,0	0,0	0,0	0,0	0,0	0,0
Tpa_4549_1	1,0	0,0	0,0	0,0	0,0	0,0	0,0	0,0	0,0	0,0	0,0	0,0	0,0	0,0	0,0	0,0	0,0	0,0	0,0	0,0	0,0	0,0	0,0	0,0	0,0	0,0	0,0	0,0	0,0	0,0	0,0	0,0
Tpa_4556_1	5,0	2,0	5,0	0,0	5,0	0,0	0,0	0,0	0,0	1,0	0,0	0,0	0,0	0,0	1,0	0,0	0,0	1,0	0,0	3,0	0,0	0,0	0,0	0,0	0,0	0,0	3,0	0,0	0,0	0,0	0,0	0,0
Tpa_4569_1	29,0	6,0	38,0	0,0	3,6	10,0	0,0	0,0	0,1	0,0	8,0	3,4	0,0	1,0	0,2	0,5	0,0	11,0	1,0	8,0	0,0	6,0	1,1	0,1	0,0	0,1	27,0	2,3	0,3	0,0	0,0	0,0
Tpa_4582_1	0,0	0,0	0,0	0,0	0,0	0,0	0,0	0,0	0,0	0,0	0,0	0,0	0,0	0,0	0,0	0,0	0,0	0,0	0,0	0,0	0,0	0,0	0,0	0,0	0,0	0,0	0,0	0,0	0,0	0,0	0,0	0,0
Tpa_4590_1	12,0	11,0	29,0	0,0	1,1	4,0	0,0	0,0	0,0	0,0	0,0	1,0	0,0	0,0	0,0	1,0	0,0	0,0	0,0	0,0	0,0	0,0	0,0	0,0	0,0	0,0	1,0	0,0	1,0	0,0	0,0	0,0
Tpa_4591_1	0,0	0,0	0,0	0,0	0,0	0,0	0,0	0,0	0,0	0,0	0,0	0,0	0,0	0,0	0,0	0,0	0,0	0,0	0,0	0,0	0,0	0,0	0,0	0,0	0,0	0,0	0,0	0,0	0,0	0,0	0,0	0,0
Tpa_4592_1	0,5	0,0	0,9	0,0	0,0	0,1	0,0	0,0	0,0	0,0	0,1	2,1	0,0	0,0	0,0	0,0	0,0	0,0	0,0	0,0	0,0	0,1	0,0	0,0	0,0	0,0	2,2	0,0	0,1	0,1	0,1	0,0
Tpa_4593_1	3,0	0,0	18,0	0,0	3,0	2,0	2,0	0,0	1,1	0,0	1,0	1,0	0,0	0,0	0,0	1,0	0,0	4,0	0,0	3,0	0,0	1,0	0,0	1,0	0,0	0,0	4,0	0,0	1,0	1,0	0,0	0,0
Tpa_4595_1	0,1	0,0	0,0	0,0	0,0	0,0	0,0	0,0	0,0	0,0	0,0	0,0	0,0	0,0	0,0	0,0	0,0	0,0	0,0	0,0	0,0	0,0	0,0	0,0	0,0	0,0	0,0	0,0	0,0	0,0	0,0	0,0
Tpa_4599_1	85,0	19,44	40,152	4,0	23,0	129,0	4,0	4,0	3,3	5,0	4,0	20,0	2,0	6,0	9,0	12,0	0,2	9,2	4,0	4,13	0,0	8,0	3,0	4,0	1,0	3,0	36,1	1,0	4,0	4,0	0,0	0,0
Tpa_4633_1	0,0	0,0	0,0	0,0	0,0	0,0	0,0	0,0	0,0	0,0	0,0	0,0	0,0	0,0	0,0	0,0	0,0	0,0	0,0	0,0	0,0	0,0	0,0	0,0	0,0	0,0	0,0	0,0	0,0	0,0	0,0	0,0
Tpa_4637_1	0,2	0,1	0,3	0,1	1,0	0,0	0,0	0,0	0,1	0,0	0,0	0,1	0,0	0,4	0,1	0,1	0,0	0,2	0,1	0,2	0,0	0,2	0,0	0,0	0,0	0,0	0,2	0,0	0,1	0,1	0,1	0,0
Tpa_4668_1	29,0	8,0	28,0	18,0	38,0	5,0	0,0	0,1	12,0	1,0	9,0	0,0	0,0	17,0	14,0	2,5	0,0	20,0	3,0	8,0	1,0	12,0	2,1	0,0	1,0	1,0	28,0	4,0	5,3	0,1	0,0	0,0
Tpa_4678_1	0,130	0,42	0,148	6,5	0,46	0,42	0,0	2,1	0,18	1,2	0,24	0,36	0,2	0,14	0,19	0,21	0,1	0,59	0,2	0,37	0,4	0,23	0,14	0,1	0,5	0,4	0,146	0,5	0,14	0,5	0,1	0,0
Tpa_4697_1	0,0	0,2	0,1	0,0	0,0	0,0	0,0	0,0	0,0	0,0	0,0	0,0	0,0	0,0	0,0	0,0	0,0	0,0	0,0	0,0	0,0	0,0	0,0	0,0	0,0	0,0	0,0	0,0	0,0	0,0	0,0	0,0
Tpa_4713_1	0,0	0,0	0,3	0,0	0,0	0,0	0,0	0,0	0,0	0,0	0,0	0,0	0,0	0,0	0,0	0,0	0,0	0,0	0,0	0,0	0,0	0,0	0,0	0,0	0,0	0,0	0,0	0,0	0,0	0,0	0,0	0,0
Tpa_4731_1	0,0	0,0	0,0	0,0	0,0	0,0	0,0	0,0	0,0	0,0	0,0	0,0	0,0	0,0	0,0	0,0	0,0	0,0	0,0	0,0	0,0	0,0	0,0	0,0	0,0	0,0	0,0	0,0	0,0	0,0	0,0	0,0
Tpa_4747_1	120,1	10,0	58,0	12,0	19,0	11,0	0,0	0,0	3,1	1,0	6,0	21,0	3,0	15,0	3,0	3,0	0,0	38,0	0,0	7,0	0,0	15,0	9,0	0,0	1,0	2,0	17,0	6,0	5,0	0,0	1,0	0,0
Tpa_4749_1	3,0	2,0	2,1	0,0	0,1	1,0	0,0	0,0	0,0	0,0	1,0	0,0	0,0	0,0	0,0	0,0	0,0	1,0	0,0	2,0	0,0	0,0	0,0	0,0	0,0	0,0	2,2	0,0	0,0	0,0	0,0	0,0
Tpa_4804_1	2,2	0,0	10,3	1,0	1,0	0,0	0,0	0,0	0,0	0,0	0,3	0,0	0,0	0,1	0,3	5,0	0,0	3,3	0,0	0,0	0,0	0,2	0,1	0,0	0,0	0,0	0,5	0,0	0,1	0,0	0,0	0,0
Tpa_4849_1	0,1	0,0	0,1	0,0	0,0	0,0	0,0	0,0	0,0	0,0	0,2	0,0	0,0	0,0	0,0	0,0	0,0	0,0	0,0	0,0	0,0	0,0	0,0	0,0	0,0	0,0	0,0	0,0	0,0	0,0	0,0	0,0
Tpa_4885_1	0,1	0,0	0,0	0,0	0,0	1,0	0,0	0,0	1,0	0,0	0,0	3,0	0,0	0,0	0,0	0,0	0,0	0,0	0,0	0,0	0,0	0,0	0,0	0,0	0,0	0,0	0,0	0,0	0,0	1,0	0,0	0,0
Tpa_4886_1	1,0	0,0	1,0	0,0	0,0	1,0	0,0	0,0	0,0	0,0	1,0	1,0	0,0	0,0	0,0	2,0	1,0	0,0	0,0	0,0	0,0	0,0	0,0	0,0	0,0	0,0	0,0	0,0	0,0	0,0	0,0	0,0
Tpa_4900_1	0,0	0,0	0,0	0,0	0,0	0,0	0,0	0,0	0,0	0,0	0,0	0,0	0,0	0,0	1,0	0,0	0,0	0,0	0,0	0,0	0,0	0,0	0,0	0,0	0,0	0,0	0,1	0,0	0,0	0,0	0,0	0,0
Tpa_4920_1	0,0	0,0	0,0	0,0	0,0	0,0	0,0	0,0	0,0	0,0	0,0	0,0	0,0	0,0	0,0	0,0	0,0	0,0	0,0	0,0	0,0	0,0	0,0	0,0	0,0	0,0	0,0	0,0	0,0	0,0	0,0	0,0
Tpa_4928_1	0,3	0,0	1,4	0,0	0,0	0,1	0,0	0,0	0,0	0,0	0,1	0,0	0,0	0,0	0,0	0,0	0,0	0,0	0,0	0,0	0,0	1,0	0,0	0,0	0,0	0,0	0,2	0,0	0,0	0,0	0,0	0,0
Tpa_4936_1	0,0	0,0	0,0	0,0	0,0	0,0	0,0	0,0	0,0	0,0	0,0	0,0	0,0	0,0	0,0	0,0	0,0	0,0	0,0	0,0	0,0	0,0	0,0	0,0	0,0	0,0	0,0	0,0	1,0	0,0	0,0	0,0
Tpa_4985_1	0,63	0,4	0,27	0,6	0,32	0,2	0,1	0,0	0,1	0,0	11,15	0,13	0,1	0,0	0,5	0,8	0,0	0,40	0,0	0,6	0,1	0,6	0,4	0,0	0,1	0,0	0,30	0,0	0,7	0,0	0,0	0,0
Tpa_5002_1	1,0	0,0	3,2	0,0	1,0	1,0	0,0	0,0	0,0	0,0	0,0	0,0	0,0	0,0	0,0	0,0	0,0	0,0	0,0	0,0	0,0	0,0	0,0	0,0	1,0	0,0	0,0	0,0	0,0	0,0	0,0	0,0
Tpa_5015_1	0,0	0,0	0,0	0,0	0,0	0,0	0,0	0,0	0,0	0,0	0,0	0,0	0,0	0,0	0,0	0,0	0,0	0,0	0,0	0,0	0,0	0,0	0,0	0,0	0,0	0,0	0,0	0,0	0,0	0,0	0,0	0,0
Tpa_5022_1	140,0	77,0	90,1	207,1	151,0	57,0	36,0	13,0	99,0	13,0	103,0	74,0	11,0	23,27	94,0	10,17	7,0	119,0	20,0	211,0	7,1	102,0	31,0	9,0	65,0	34,0	388,0	18,0	96,0	48,0	4,0	0,0
Tpa_5057_1	19,0	0,0	33,0	0,0	0,0	2,0	0,0	0,0	0,0	0,1	0,0	4,0	0,0	1,0	0,0	1,0	0,0	0,0	0,1	1,0	0,0	1,0	0,0	0,0	0,0	0,0	0,0	0,0	0,0	0,0	0,0	0,0
Tpa_5075_1	1,1	0,0	2,0	0,0	1,0	0,0	0,0	0,0	0,0	0,0	0,0	0,0	0,0	0,0	0,0	0,0	0,0	0,2	0,0	0,0	0,0	0,0	0,0	0,1	0,0	0,0	0,0	0,0	0,0	0,0	0,0	0,0
Tpa_5104_1	0,206	0,63	0,255	0,159	0,113	0,41	0,10	0,2	0,91	0,14	0,124	0,133	0,22	0,154	3,428	0,49	0,11	0,121	0,31	0,307	0,110	0,101	1,21	0,0	0,75	0,42	0,420	1,43	0,139	0,66	0,265	0,0
Tpa_5106_1	0,0	1,0	0,0	0,0	0,0	0,0	0,0	0,0	0,0	0,0	1,0	1,0	0,0	0,0	0,0	0,1	0,0	0,0	0,0	0,0	0,0	0,0	0,0	0,0	0,0	0,0	1,0	0,0	0,0	0,0	0,0	0,0
Tpa_5118_1	1,0	0,0	3,0	0,0	1,0	0,0	0,0	0,0	0,0	0,0	0,0	1,0	0,0	1,0	2,0	0,0	0,0	2,0	0,0	2,0	2,0	2,0	0,0	0,0	0,0	0,0	2,0	1,0	1,0	1,0	0,0	0,0
Tpa_5138_1	1,0	1,0	5,0	0,0	0,0	4,0	0,0	0,0	0,0	1,0	0,0	0,0	0,0	0,0	0,0	0,0	0,0	1,0	0,0	0,0	0,0	0,0	0,0	0,0	0,0	0,0	0,0	0,0	0,0	0,0	0,0	0,0
Tpa_5144_1	0,1	0,0	0,7	0,0	0,0	0,0	0,0	0,0	0,0	0,0	1,0	0,0	0,0	0,0	0,0	0,0	0,0	0,1	0,0	1,0	0,0	0,0	0,0	0,0	0,0	0,0	0,2	0,0	0,1	0,0	0,0	0,0
Tpa_5167_1	0,0	0,0	0,0	0,0	0,0	0,0	0,0	0,0	0,0	0,0	0,0	0,0	0,0	0,0	0,0	0,0	0,0	0,0	0,0	0,0	0,0	0,0	0,0	0,0	0,0	0,0	0,0	0,0	0,0	0,0	0,0	0,0
Tpa_5196_1	0,1	0,0	0,3	0,0	0,0	0,0	0,0	0,0	0,0	0,0	0,0	0,1	0,0	0,0	0,0	0,1	0,0	0,0	0,0	0,0	0,0	0,0	0,0	0,0	0,0	0,0	0,1	0,0	0,0	0,0	0,0	0,0
Tpa_5205_1	0,0	0,0	1,0	0,0	0,0	0,0	0,0	0,0	0,0	0,0	0,0	0,0	0,0	0,0	0,0	0,0	0,0	0,0	0,0	0,0	0,0	0,0	0,0	0,0	0,0	0,0	0,0	0,0	0,0	0,0	0,0	0,0
Tpa_5206_1	0,0	0,0	0,0	0,0	0,0	0,0	0,0	0,0	0,0	0,0	0,0	0,0	0,0	0,0	0,0	0,0	0,0	0,0	0,0	0,0	0,0	0,0	0,0	0,0	0,0	0,0	0,0	0,0	0,0	0,0	0,0	0,0
Tpa_5218_1	0,0	0,0	0,0	0,0	0,0	0,0	0,0	0,0	0,0	0,0	0,0	0,0	0,0	0,0	0,0	0,0	0,0	0,0	0,0	0,0	0,0	0,0	0,0	0,0	0,0	0,0	0,0	0,0	0,0	0,0	0,0	0,0
Tpa_5222_1	0,0	0,0	1,0	0,0	0,0	0,0	0,0	0,0	0,0	0,0	0,0	0,0	0,0	0,0	0,0	0,0	0,0	0,0	0,0	0,0	0,0	0,0	0,0	0,0	0,0	0,0	0,0	0,0	0,0	0,0	0,0	0,0
Tpa_5228_1	7,6	9,0	27,0	3,0	5,0	2,0	0,0	0,0	1,3	1,0	13,0	5,0	0,0	0,0	1,0	8,0	0,0	8,0	0,0	7,0	0,0	2,0	0,0	0,0	1,0	1,0	24,0	0,0	1,0	1,0	1,0	0,0
Tpa_5241_1	2,0	1,0	12,0	0,0	0,0	0,0	0,0	0,0	0,0	0,0	1,0	0,0	0,0	0,0	1,0	0,0	0,0	0,1	0,0	0,0	0,0	0,0	0,0	0,0	0,0	0,0	7,0	0,0	0,0	0,0	0,0	0,0
Tpa_5242_1	15,0	2,1	18,19	1,0	2,1	3,0	0,1	0,0	2,2	0,0	1,0	2,0	0,0	2,0	0,1	0,0	0,0	2,1	0,0	0,0	0,0	2,0	0,0	0,0	0,0	0,0	8,0	0,1	0,1	0,0	0,0	0,0
Tpa_5244_1	135,0	38,0	115,0	3,8	23,11	66,0	1,1	1,2	20,7	3,0	49,0	17,0	7,0	26,0	51,0	12,2	5,0	65,0	8,0	64,0	0,1	35,0	8,0	1,0	3,0	0,0	55,0	10,0	10,0	5,0	2,0	1,0
Tpa_5249_1	0,0	0,0	2,0	0,0	0,0	0,1	0,0	0,0	0,0	0,0	0,0	0,0	0,0	0,0	0,0	0,0	0,0	0,0	0,0	0,0	0,0	0,0	0,0	0,0	0,0	0,0	1,0	0,0	0,0	0,0	0,0	0,0
Tpa_5270_1	0,0	0,0	0,0	0,0	0,0	0,0	0,0	0,0	0,0	0,0	0,0	0,0	0,0	0,0	0,0	0,0	0,0	0,0	0,0	0,0	0,0	0,0	0,0	0,0	0,0	0,0	0,0	0,0	0,0	0,0	0,0	0,0
Tpa_5278_1	11,0	0,0	0,23	0,0	0,2	0,0	0,0	0,0	0,0	0,0	0,2	0,1	0,0	1,0	0,0	0,2	0,0	0,3	0,0	0,1	0,0	0,0	0,0	0,0	0,0	0,0	0,3	0,0	0,0	0,0	0,0	0,0
Tpa_5279_1	1,0	1,0	1,0	0,0	0,0	1,0	0,0	0,0	1,0	0,0	0,0	3,0	0,0	0,0	0,0	0,0	0,0	3,0	0,0	1,0	0,0	0,0	0,0	0,0	0,0	0,0	3,0	0,0	0,0	0,0	0,0	0,0
Tpa_5292_1	0,122	0,25	67,50	10,7	20,22	3,19	0,0	0,1	0,23	0,4	0,36	0,90	0,3	0,16	13,11	0,24	0,1	0,29	0,4	0,44	0,4	0,0	0,2	0,3	2,0	2,2	0,137	0,1	3,8	0,6	0,1	0,0
Tpa_5298_1	0,15	0,6	1,53	0,0	0,1	10,21	0,0	0,0	0,0	0,0	0,1	0,7	0,0	0,0	0,0	0,1	0,0	0,2	0,0	0,0	0,0	1,1	0,0	0,0	0,0	0,2	0,1	0,0	0,0	0,0	0,0	0,0
Tpa_5327_1	50,0	19,0	72,6	4,0	22,0	35,0	2,0	0,0	6,0	0,0	15,0	8,0	0,0	1,0	10,0	13,0	1,0	11,0	0,0	0,0	0,0	0,0	6,0	2,0	0,0	3,0	53,0	1,0	3,0	1,0	2,0	0,0
Tpa_5360_1	0,0	0,0	0,2	0,0	0,0	0,0	0,0	0,0	0,0	0,1	0,0	0,0	0,0	1,0	0,0	0,0	0,0	0,0	0,0	0,0	0,0	0,0	0,0	0,1	0,0	0,0	0,0	0,0	0,0	0,1	0,0	0,0
Tpa_5361_1	3,11	0,1	17,0	0,0	0,0	2,0	0,0	0,0	0,0	0,0	0,0	0,0	0,0	1,1	0,0	0,3	0,0	2,0	0,0	1,0	0,0	0,0	1,0	2,0	0,0	0,0	4,0	0,0	1,0	1,0	0,0	0,0
Tpa_5373_1	0,1	0,0	5,0	0,0	0,0	0,0	0,0	0,0	0,0	0,0	0,0	0,0	0,0	0,0	0,0	1,0	0,0	0,0	0,0	0,0	0,0	0,0	0,0	0,0	0,0	0,0	0,0	0,0	0,0	0,0	0,0	0,0
Tpa_5379_1	131,0	49,0	113,0	1,0	20,0	83,0	0,0	1,0	3,0	2,0	5,0	41,0	1,0	4,0	3,0	13,0	2,0	14,0	1,0	3,11	4,0	2,0	2,0	2,0	0,1	8,0	24,0	5,0	4,0	0,0	0,0	0,0
Tpa_5382_1	54,0	25,0	33,0	1,0	20,0	26,0	3,0	0,0	9,0	10,0	6,0	39,1	2,0	7,0	12,0	20,0	2,0	18,0	1,0	19,0	3,0	3,0	1,0	2,0	2,0	10,0	46,0	2,0	5,0	4,0	1,0	0,0
Tpa_5418_1	47,35	20,0	89,0	16,0	29,25	39,0	2,0	0,0	9,11	1,0	42,0	23,0	1,0	26,1	9,11	9,5	0,0	51,0	0,0	32,0	1,0	16,0	8,0	2,0	1,0	2,0	142,0	1,0	7,1	8,0	1,0	0,0
Tpa_5441_1	0,111	0,9	0,124	0,5	0,5	0,44	0,0	0,0	0,5	0,1	0,11	0,13	0,1	0,3	0,3	0,4	0,1	0,32	0,1	0,10	0,0	0,3	0,0	0,1	0,2	0,1	0,34	0,2	0,9	0,1	0,0	0,0
Tpa_5445_1	39,34	0,22	0,127	0,3	13,11	13,14	0,1	0,1	6,2	0,1	11,4	7,10	0,0	0,3	0,10	7,7	0,1	34,0	1,0	0,2	0,0	0,8	0,1	1,0	1,0	0,2	25,20	0,0	1,0	1,0	0,0	0,0
Tpa_5446_1	24,0	2,0	38,0	0,0	0,0	4,0	0,0	0,0	1,1	2,0	2,0	4,0	0,0	0,0	0,0	0,0	0,0	2,0	0,0	1,0	0,0	0,0	0,0	0,0	0,0	0,0	0,0	0,0	0,0	0,0	0,0	0,0
Tpa_5454_1	3,2	0,0	10,8	0,0	0,2	0,7	0,1	0,0	0,0	0,0	0,0	1,0	0,0	0,0	0,1	0,0	0,0	1,0	0,0	0,0	0,0	0,0	0,0	0,0	0,0	0,0	2,0	0,0	0,0	0,0	0,1	0,0
Tpa_5471_1	243,0	70,0	186,0	250,0	0,0	0,0	205,0	0,0	257,0	145,86	397,0	1,0	181,0	217,0	369,0	143,0	202,0	138,0	134,0	1,0	2,0	338,0	170,0	13,0	154,0	449,0	548,0	0,0	2,0	289,162	88,0	2,0
Tpa_5485_1	6,0	5,0	0,0	6,3	12,0	0,0	0,0	0,0	13,0	0,0	20,0	2,0	0,0	1,0	4,0	1,0	0,0	28,0	4,0	21,0	0,0	4,0	2,0	0,0	4,0	0,0	9,0	2,0	15,1	1,0	1,0	0,0
Tpa_5501_1	0,6	1,1	0,18	0,0	0,1	0,2	0,1	0,0	0,0	0,0	0,0	0,1	0,0	0,0	0,0	0,1	0,0	0,2	0,0	0,0	0,0	0,1	0,0	0,0	0,0	0,1	0,5	0,0	1,0	0,0	0,0	0,0
Tpa_5525_1	0,64	0,24	63,72	0,7	0,15	14,11	0,2	0,0	0,9	0,1	7,9	0,14	0,0	0,3	1,8	0,14	0,0	2,23	0,0	0,7	0,0	7,0	0,1	0,1	0,0	0,0	32,20	0,2	0,6	0,1	0,0	0,0
Tpa_5538_1	0,0	0,1	1,1	0,0	0,0	0,0	0,0	0,0	0,3	0,0	0,0	0,0	0,0	0,0	0,0	0,0	0,0	0,0	0,0	0,1	0,0	0,0	0,0	0,0	0,0	0,0	0,4	0,1	0,0	0,0	0,0	0,0
Tpa_5540_1	3,0	0,0	1,0	0,0	0,0	1,0	0,0	0,0	0,0	0,0	0,0	0,0	0,0	0,0	0,0	0,0	0,0	1,0	0,0	0,0	0,0	0,0	0,0	0,0	0,0	0,0	0,0	0,0	0,0	0,0	0,0	0,0
Tpa_5542_1	0,0	0,0	1,0	0,0	0,0	0,0	0,0	0,0	0,0	0,0	0,0	0,0	0,0	0,0	0,0	0,0	0,0	0,0	0,0	0,0	0,0	0,0	0,0	0,0	0,0	0,0	0,0	0,0	0,0	0,0	0,0	0,0
Tpa_5563_1	0,0	0,1	0,4	0,0	0,0	0,0	0,0	0,0	0,0	0,0	0,0	0,0	0,0	0,0	0,0	0,0	0,0	0,0	0,0	0,0	0,0	0,0	0,0	0,0	0,0	0,0	0,1	0,0	0,0	0,0	0,0	0,0
Tpa_5565_1	130,0	42,36	0,198	6,2	84,0	162,0	2,0	0,1	31,0	27,0	62,95	102,0	1,5	25,18	88,0	41,31	0,1	75,1	5,0	25,39	4,0	70,0	25,0	4,0	12,0	9,13	227,0	4,0	14,0	20,0	0,0	0,0
Tpa_5570_1	0,4	0,0	0,7	0,0	0,0	0,0	0,0	0,0	0,0	0,1	0,0	0,0	0,1	0,0	1,1	0,1	0,0	0,1	0,0	0,1	0,0	0,1	0,0	0,0	0,0	0,0	0,0	0,1	0,0	0,1	0,0	0,0
Tpa_5574_1	2,1	0,0	2,0	0,0	0,0	0,0	0,0	0,0	0,0	0,0	1,0	1,0	0,0	0,0	0,0	0,0	0,0	5,0	0,0	1,0	0,0	1,0	0,0	0,0	0,0	1,0	4,0	1,1	2,0	0,0	1,0	0,0
Tpa_5588_1	297,0	88,0	247,0	192,0	216,0	82,0	5,0	2,0	179,0	16,0	226,0	132,0	11,8	145,0	92,50	86,0	10,0	203,0	49,0	302,0	5,6	156,0	51,1	2,0	36,1	58,0	459,1	48,0	141,0	27,0	8,0	0,0
Tpa_5594_1	2,0	2,0	6,0	1,0	4,0	3,0	0,0	0,0	0,0	0,0	0,0	0,0	0,0	0,0	2,0	0,0	0,0	2,0	0,0	1,0	0,0	0,0	0,0	0,0	0,0	0,0	1,0	0,0	1,0	0,0	0,0	0,0
Tpa_5601_1	0,38	0,2	0,54	0,1	0,2	8,5	0,0	0,0	0,1	0,0	0,2	2,0	0,0	0,0	0,0	3,2	0,0	0,4	0,0	0,3	0,0	0,3	0,1	0,0	0,1	0,1	0,4	0,0	0,0	0,2	0,0	0,0
Tpa_5609_1	1,0	0,0	0,0	0,0	1,0	1,0	0,0	0,0	3,0	0,0	3,0	0,0	0,0	0,0	0,0	1,0	0,0	1,0	0,0	0,0	0,0	0,0	0,0	0,0	0,0	1,0	3,0	0,0	1,0	1,0	0,0	0,0
Tpa_5623_1	120,0	26,0	149,0	4,0	14,0	24,0	2,0	0,0	8,0	2,0	24,0	8,0	2,0	2,0	12,0	12,0	1,0	32,0	2,0	7,0	0,0	11,0	2,0	2,0	4,0	5,0	57,0	2,0	3,0	3,0	1,0	0,0
Tpa_5636_1	0,1	0,0	0,1	0,0	0,0	1,0	0,0	0,0	0,0	0,0	0,0	0,1	0,0	0,0	0,0	0,0	0,0	0,0	0,0	0,0	0,0	0,0	0,0	0,0	0,0	0,0	0,1	0,0	0,0	0,0	0,0	0,0
Tpa_5651_1	0,6	0,1	0,7	0,0	0,2	0,2	0,0	0,0	0,0	0,0	0,0	0,0	0,0	0,0	0,0	0,0	0,0	0,0	0,0	0,0	0,0	0,1	0,0	0,0	0,1	0,0	0,1	0,0	0,0	0,0	0,1	0,0
Tpa_5679_1	0,9	1,2	0,9	0,2	0,4	0,3	0,0	0,0	0,0	0,1	0,2	0,1	0,0	1,0	0,1	0,0	0,0	0,1	0,0	0,0	0,0	0,0	0,0	0,0	0,0	0,1	0,5	0,0	0,0	0,2	0,0	0,0
Tpa_5741_1	8,0	0,2	12,0	2,0	2,0	2,0	0,0	0,0	0,0	0,0	2,0	2,0	0,0	0,0	2,0	1,0	1,0	8,0	0,0	1,0	0,0	1,0	0,0	0,0	0,0	1,0	9,0	2,0	1,0	2,0	0,0	0,0
Tpa_5761_1	0,3	0,1	0,8	0,0	0,1	0,5	0,0	0,0	0,0	0,0	0,1	0,0	0,0	0,0	0,0	0,0	0,0	0,1	0,0	0,0	0,0	0,0	0,0	0,0	0,0	1,0	0,4	0,0	0,0	0,0	0,0	0,0
Tpa_5774_1	0,3	0,2	0,27	0,0	0,1	0,6	0,0	0,0	0,0	0,0	0,0	0,1	0,0	0,0	0,0	0,2	0,0	0,1	0,0	0,1	0,0	0,1	0,1	0,0	0,0	0,0	0,1	0,0	0,0	0,3	0,1	0,0
Tpa_5795_1	0,0	0,0	0,0	0,0	0,0	0,0	0,0	0,0	0,0	0,0	0,0	0,0	0,0	0,0	0,0	0,0	0,0	0,0	0,0	0,0	0,0	0,0	0,0	0,0	0,0	0,0	0,0	0,0	0,0	0,0	0,0	0,0
Tpa_5796_1	12,0	3,0	59,0	0,0	0,2	4,9	0,0	0,0	0,0	1,0	2,0	0,2	0,0	1,0	0,3	1,0	0,0	5,0	0,0	1,0	0,0	0,0	0,0	0,0	0,0	0,0	6,2	0,0	1,0	0,0	0,0	0,0
Tpa_5823_1	0,15	0,1	0,46	0,0	0,0	0,16	0,0	0,0	0,0	1,0	0,0	0,2	0,0	0,1	0,0	0,2	0,0	0,1	0,0	0,1	0,0	0,1	0,0	0,0	0,0	0,1	0,2	0,0	0,0	0,0	0,0	0,0
Tpa_5827_1	0,13	0,3	0,26	0,0	0,2	5,0	0,0	0,0	0,0	0,0	0,1	0,0	0,1	2,0	0,0	0,0	0,0	0,2	0,0	1,0	0,0	0,2	0,1	0,0	0,1	0,0	0,4	0,0	0,1	0,0	0,0	0,0
Tpa_5829_1	0,0	0,0	1,1	0,0	0,0	0,0	0,0	0,0	0,0	0,0	0,0	0,0	0,0	0,0	0,0	0,0	0,0	0,0	0,0	0,0	0,0	0,0	0,0	0,0	0,0	0,0	0,0	0,0	0,0	0,0	0,0	0,0
Tpa_5838_1	96,0	8,0	54,50	1,0	5,0	63,0	0,0	1,0	3,0	0,0	4,0	23,0	0,0	4,0	1,0	5,0	0,0	6,0	0,0	2,0	0,0	2,0	0,0	1,0	0,0	0,0	12,0	0,0	0,0	0,0	0,0	0,0
Tpa_5854_1	0,0	0,0	0,0	0,0	0,0	0,0	0,0	0,0	0,0	0,0	0,0	0,0	0,0	0,0	0,0	0,0	0,0	0,0	0,0	0,0	0,0	0,0	0,0	0,0	0,0	0,0	0,0	0,0	0,0	0,0	0,0	0,0
Tpa_5856_1	0,8	0,0	3,0	0,1	0,0	0,2	0,0	0,0	0,0	0,0	0,0	0,0	0,0	0,0	0,1	0,2	0,0	0,0	0,0	0,1	0,0	0,0	0,0	0,1	0,0	0,0	2,0	0,0	0,0	0,0	0,0	0,0
Tpa_5863_1	0,15	0,2	0,23	0,0	0,2	1,1	0,0	0,0	0,0	0,0	0,1	0,4	0,0	0,0	0,1	0,0	0,0	2,2	0,0	0,1	0,0	0,0	0,1	0,0	0,0	0,0	0,8	0,0	0,0	0,1	0,0	0,0
Tpa_5868_1	0,0	0,0	1,0	0,0	0,0	0,0	0,0	0,0	0,0	0,0	0,0	0,0	0,0	0,0	0,0	0,0	0,0	0,0	0,0	0,0	0,0	0,0	0,0	0,0	0,0	0,0	0,0	0,0	0,0	0,0	0,0	0,0
Tpa_5878_1	8,8	1,0	68,0	0,0	5,0	8,5	0,0	0,0	1,0	0,0	4,0	5,0	0,0	1,0	0,0	7,0	1,0	9,0	0,0	0,0	0,0	3,0	0,0	1,0	0,0	0,0	0,0	0,0	0,0	2,0	0,0	0,0
Tpa_5913_1	13,18	3,6	55,0	0,0	0,5	16,28	0,0	0,0	2,0	0,0	0,1	4,9	0,0	3,0	1,0	3,3	0,0	2,3	0,0	0,6	1,0	2,0	0,1	2,0	0,0	1,0	7,0	0,0	1,0	1,0	0,0	0,0
Tpa_5917_1	11,18	0,3	24,40	0,1	4,0	0,16	0,0	0,0	0,1	0,0	0,1	0,10	0,0	0,2	1,0	0,2	0,0	0,2	0,0	0,3	0,0	0,2	0,0	0,0	0,0	0,0	0,6	0,0	0,0	0,0	0,0	0,0
Tpa_5942_1	0,0	0,0	0,0	0,0	0,0	0,0	0,0	0,0	0,0	0,0	0,0	0,0	0,0	0,0	0,0	0,0	0,0	0,0	0,0	0,0	0,0	0,0	0,0	0,0	0,0	0,0	0,0	0,0	0,0	0,0	0,0	0,0
Tpa_5951_1	0,7	0,1	0,2	0,0	0,2	0,3	0,0	0,0	0,0	0,0	0,0	0,0	0,0	0,0	0,1	0,0	0,0	0,1	0,0	0,1	0,0	0,3	0,1	0,0	0,1	0,0	0,2	0,1	0,0	0,0	0,0	0,0
Tpa_5961_1	0,0	0,0	0,0	0,0	0,0	0,0	0,0	0,0	0,0	0,0	0,0	0,0	0,0	0,0	0,0	0,0	0,0	0,0	0,0	0,0	0,0	0,0	0,0	0,0	0,0	0,0	0,0	1,0	0,0	0,0	0,0	0,0
Tpa_5978_1	0,43	0,14	0,53	0,5	0,14	0,5	0,0	0,0	0,11	0,2	0,10	0,13	0,0	0,4	0,8	0,6	0,0	0,24	0,2	0,17	0,1	0,9	0,2	0,2	0,3	1,0	0,27	0,1	0,6	0,5	0,0	0,0
Tpa_5980_1	12,6	1,0	31,14	0,0	1,0	2,0	1,0	0,0	0,0	0,0	2,0	1,0	0,0	0,0	0,0	1,0	0,0	4,2	0,0	0,0	0,0	1,0	0,0	0,0	0,0	1,0	0,3	0,0	1,0	0,0	0,0	0,0
Tpa_6016_1	48,0	0,0	0,86	1,0	2,0	6,0	0,0	0,0	2,0	0,0	0,0	10,0	0,0	2,0	1,0	0,2	0,0	1,1	0,0	0,1	1,0	1,0	0,0	0,0	0,0	0,0	3,1	0,0	0,0	4,0	0,0	0,0
Tpa_6076_1	1,0	0,0	0,4	0,0	0,0	0,0	0,0	0,0	0,0	0,0	0,0	0,0	0,0	0,0	0,0	0,0	0,0	0,0	0,0	0,0	0,1	0,0	0,0	0,0	0,0	1,0	0,0	0,0	0,0	0,0	0,0	0,0
Tpa_6083_1	11,0	6,0	51,0	5,0	14,0	11,0	0,0	0,0	10,0	3,0	16,0	9,0	2,0	2,0	4,0	0,0	1,0	18,0	0,0	14,0	0,0	16,0	5,0	1,0	1,0	2,0	19,0	1,0	3,0	2,0	0,0	0,0
Tpa_6137_1	0,4	0,0	2,3	0,0	0,0	0,2	0,0	0,0	0,0	0,0	0,0	0,0	0,0	0,0	0,0	0,0	0,0	0,2	0,0	0,0	0,0	0,0	0,0	0,0	0,0	0,0	0,2	0,0	0,0	0,0	0,0	0,0
Tpa_6139_1	26,0	6,0	50,0	0,0	2,1	6,7	0,0	0,0	2,0	1,0	2,0	6,0	0,0	4,0	2,0	2,0	0,0	7,0	0,0	2,0	0,0	3,0	3,0	0,0	1,0	0,0	3,0	1,0	0,0	0,0	1,0	0,0
Tpa_6150_1	6,0	2,0	6,0	1,0	5,0	3,1	0,0	0,0	4,0	0,0	3,0	2,0	0,0	5,0	2,0	3,0	0,0	2,8	1,0	2,4	0,0	4,0	0,0	0,0	0,0	1,0	13,0	0,0	0,0	1,2	0,0	0,0
Tpa_6158_1	32,24	16,0	78,0	9,0	21,0	14,0	0,0	0,0	11,0	0,0	12,0	13,0	1,0	6,0	9,0	5,1	3,0	22,0	0,0	15,0	0,0	6,0	1,0	0,0	5,0	4,0	57,0	0,0	1,0	1,2	0,0	1,0
Tpa_6169_1	0,55	0,12	0,127	0,2	0,17	0,16	0,1	0,0	2,4	0,0	0,8	0,10	0,0	0,1	0,8	0,10	0,0	0,14	0,1	0,3	0,0	2,4	0,2	0,1	0,1	0,1	12,15	0,1	0,6	0,0	0,1	0,0
Tpa_6172_1	0,22	0,10	0,68	0,0	0,2	0,16	0,0	0,0	0,0	0,0	0,2	0,7	0,0	0,3	0,1	0,5	0,0	0,4	0,1	1,0	0,1	0,2	0,0	0,0	0,1	0,1	0,12	0,0	0,4	0,0	0,0	0,0
Tpa_6204_1	0,0	0,0	0,0	0,0	0,2	0,0	0,0	0,0	0,1	0,0	0,0	0,0	0,0	0,0	0,0	0,0	0,0	0,0	0,0	1,1	0,0	0,0	0,0	0,1	0,0	0,0	1,1	0,0	0,0	0,0	0,0	0,0
Tpa_6220_1	7,12	2,3	27,61	1,0	8,0	7,0	1,0	0,1	3,0	0,1	8,0	4,0	1,0	1,3	0,0	0,5	0,0	6,1	0,0	4,0	0,0	1,0	0,0	2,0	0,0	2,0	6,14	1,0	5,0	0,0	1,0	0,0
Tpa_6222_1	0,0	0,0	0,6	0,0	0,0	0,0	0,0	0,0	0,0	0,0	0,1	0,0	0,0	0,1	0,0	0,0	0,0	0,0	0,0	0,0	0,0	0,0	0,0	0,0	0,0	0,0	0,1	0,0	0,0	0,0	0,0	0,0
Tpa_6224_1	0,15	0,2	0,17	0,0	1,1	0,4	0,1	0,0	0,1	0,0	0,1	0,2	0,0	0,2	0,3	0,1	0,0	0,5	0,0	1,0	0,2	0,0	0,0	0,0	0,1	0,0	0,3	0,0	0,0	0,1	0,0	0,0
Tpa_6265_1	5,0	5,0	3,0	8,0	19,0	3,0	0,0	0,0	1,0	0,0	6,0	0,2	1,0	0,0	4,0	0,0	0,0	6,0	3,0	4,1	1,0	0,2	1,0	3,0	1,3	1,0	2,7	2,0	1,0	1,1	0,0	0,0
Tpa_6270_1	4,3	1,0	12,0	0,0	0,0	0,0	0,0	0,0	0,0	0,0	1,0	2,0	0,0	0,0	0,0	2,1	0,0	1,1	0,0	0,0	0,0	1,0	0,0	0,0	0,0	0,0	0,0	1,0	1,0	0,0	0,0	0,0
Tpa_6321_1	0,0	0,0	0,0	0,0	0,0	0,0	0,0	0,0	0,0	0,0	0,0	0,0	0,0	0,0	0,0	0,0	0,0	0,0	0,0	0,0	0,0	0,0	0,0	0,0	0,0	0,0	0,0	0,0	0,0	0,0	0,0	0,0
Tpa_6352_1	0,0	0,1	0,0	0,0	0,3	0,0	0,0	0,0	0,2	0,0	0,1	0,2	0,0	0,0	0,0	0,0	0,0	1,0	0,0	0,0	0,0	0,1	0,0	0,0	0,0	0,0	0,0	0,0	0,0	0,0	0,0	0,0
Tpa_6355_1	0,1	0,0	0,0	0,0	0,0	0,0	0,0	0,0	0,0	0,0	0,0	0,0	0,0	0,0	0,0	0,0	0,0	0,0	0,0	0,0	0,1	0,0	0,0	0,0	0,0	0,0	0,1	0,0	0,0	0,0	0,0	0,0
Tpa_6384_1	0,0	0,1	0,0	0,1	0,0	0,0	0,0	0,0	0,0	0,0	0,0	0,0	0,0	0,0	0,0	0,0	0,0	0,1	0,0	0,0	0,0	0,0	0,0	0,0	0,0	0,0	0,0	0,0	0,0	0,0	0,0	0,0
Tpa_6385_1	0,0	1,0	5,0	0,0	0,0	1,0	0,0	0,0	1,0	0,0	0,0	0,0	0,0	0,0	0,0	0,0	0,0	0,0	0,0	1,0	0,0	1,0	0,0	0,0	0,0	0,0	1,0	0,0	1,0	0,0	0,0	0,0
Tpa_6388_1	0,1	0,0	0,5	0,0	0,0	0,1	0,0	0,0	0,0	0,0	0,0	0,0	0,0	0,0	0,1	0,0	0,0	0,0	0,0	0,0	0,0	0,0	0,0	0,0	0,0	0,0	0,0	0,0	0,0	0,0	0,0	0,0
Tpa_6391_1	7,0	1,2	27,0	0,0	0,1	0,1	0,0	0,0	0,0	0,0	0,0	0,0	0,0	0,0	0,0	0,2	0,0	1,0	1,0	1,0	0,0	0,0	0,0	0,0	0,0	0,0	0,1	0,0	0,0	0,0	0,0	0,0
Tpa_6411_1	0,0	0,0	0,0	0,0	0,0	0,0	0,0	0,0	0,0	0,0	0,0	0,0	0,0	0,0	0,0	0,0	0,0	0,0	0,0	0,0	0,0	0,0	0,0	0,0	0,0	0,0	0,0	0,0	0,0	0,0	0,0	0,0
Tpa_6422_1	51,0	9,0	52,0	9,1	19,0	52,0	0,0	1,0	4,0	0,0	90,0	130,0	0,0	5,0	10,0	3,0	1,0	28,0	0,0	0,0	0,0	22,0	9,0	1,0	1,0	0,0	69,0	14,0	15,0	0,0	0,0	0,0
Tpa_6442_1	15,7	0,4	0,35	0,1	0,0	0,10	1,0	0,0	0,1	0,0	0,2	0,0	0,0	0,0	0,0	1,0	0,0	0,1	0,0	0,0	0,0	0,0	0,0	0,0	0,0	0,0	0,1	0,0	0,0	0,0	0,0	0,0
Tpa_6449_1	0,0	0,0	0,0	0,0	0,0	0,0	0,0	0,0	0,0	0,0	0,0	0,0	0,0	0,0	0,0	0,0	0,0	0,0	0,0	0,0	0,0	0,0	0,0	0,0	0,0	0,0	0,0	0,0	0,0	0,0	0,0	0,0
Tpa_6451_1	0,5	0,9	0,3	0,2	0,6	0,3	0,1	0,0	0,5	0,2	0,4	0,2	0,1	0,4	0,6	0,3	0,1	0,13	0,0	0,11	0,1	0,4	0,0	0,1	0,0	0,1	2,4	0,2	0,1	0,4	0,0	0,0
Tpa_6453_1	3,0	1,0	6,0	0,0	2,0	0,0	0,0	0,0	0,0	0,0	0,0	0,0	0,0	0,0	0,0	0,0	0,0	3,0	0,0	0,0	0,0	0,0	0,0	0,0	0,0	0,0	2,2	0,0	0,0	0,0	0,0	0,0
Tpa_6487_1	13,0	5,0	28,0	5,0	13,0	13,0	0,0	0,0	5,0	0,0	4,0	3,0	0,0	3,0	1,0	3,0	0,0	12,0	1,0	4,0	0,0	4,0	3,0	0,0	2,0	1,0	17,0	2,0	4,0	0,0	0,0	0,0
Tpa_6493_1	10,0	1,0	10,0	2,0	1,0	2,0	0,0	0,0	2,0	0,0	2,0	0,0	0,0	3,0	1,0	2,0	0,0	12,0	0,0	5,0	0,0	1,0	0,0	0,0	0,0	0,0	6,0	3,0	1,0	1,0	0,0	0,0
Tpa_6511_1	2,718	0,218	404,401	3,241	0,408	0,323	0,92	0,3	0,370	0,98	0,583	2,884	0,114	0,424	0,401	0,201	0,32	1,319	0,72	423,386	0,38	0,495	1,104	0,6	1,90	0,205	1,1078	78,147	0,295	1,308	11,23	1,1
Tpa_6543_1	8,0	2,0	36,0	0,0	2,0	1,0	0,0	0,0	0,0	0,0	4,0	0,1	0,0	0,0	2,0	2,0	0,0	3,0	0,0	1,0	0,0	0,0	0,0	0,0	0,0	0,1	1,0	0,0	0,0	2,0	0,0	0,0
Tpa_6562_1	1,0	0,0	0,0	0,0	0,0	0,0	0,0	0,0	0,0	0,0	0,0	0,0	0,0	0,0	0,0	0,0	0,0	0,0	0,0	0,0	0,0	0,0	0,0	0,0	0,0	0,0	0,0	0,0	0,0	0,0	0,0	0,0
Tpa_6565_1	1,214	0,77	1,203	0,38	0,156	0,133	0,13	0,1	1,185	0,111	0,215	177,152	0,61	0,174	0,187	0,74	0,23	0,151	0,121	0,376	0,39	0,220	0,67	0,3	0,96	0,80	0,399	1,62	0,95	0,91	0,11	0,0
Tpa_6586_1	0,0	0,1	0,5	0,0	0,0	0,0	0,0	0,0	0,0	0,0	0,0	0,1	0,0	0,0	0,0	0,0	0,0	0,0	0,0	0,0	0,0	0,1	0,0	0,0	0,0	0,0	0,0	0,0	0,0	0,0	0,0	0,0
Tpa_6591_1	0,0	0,0	0,3	0,0	0,0	0,0	0,0	0,0	0,0	0,0	0,1	0,0	0,0	0,0	0,0	0,0	0,0	0,0	0,0	0,0	0,0	0,1	0,0	0,0	0,0	0,0	0,0	0,0	0,0	0,0	0,0	0,0
Tpa_6604_1	0,0	0,0	0,0	0,0	0,0	0,0	0,0	0,0	0,0	0,0	0,0	0,0	0,0	0,0	0,0	0,0	0,0	0,0	0,0	0,0	0,0	0,0	0,0	0,0	0,0	0,0	0,0	0,0	0,0	0,0	0,0	0,0
Tpa_6611_1	1,0	1,0	1,0	1,0	0,0	0,0	0,0	0,0	0,0	0,0	0,0	0,0	0,0	1,0	0,0	0,0	0,0	1,0	0,0	3,0	0,0	0,0	0,0	0,0	0,0	0,0	1,0	2,0	0,0	1,0	0,0	0,0
Tpa_6630_1	11,18	5,0	38,0	0,2	9,0	6,9	0,0	0,0	1,5	0,1	1,0	8,11	0,0	0,1	3,0	3,0	0,0	0,7	0,0	4,0	0,0	6,0	3,0	1,0	0,0	1,0	10,6	0,0	0,3	1,1	0,1	0,0
Tpa_6654_1	6,0	9,0	3,0	21,0	29,0	4,0	0,0	0,0	15,0	0,0	29,0	5,0	0,0	2,0	3,3	1,0	2,0	25,0	1,0	19,0	0,0	6,0	1,0	1,0	2,0	0,0	23,0	6,0	11,0	3,0	0,0	0,0
Tpa_6683_1	0,0	0,0	0,0	0,0	0,0	0,0	0,0	0,0	0,0	0,0	0,0	0,0	0,0	0,0	0,0	0,0	0,0	0,0	0,0	0,0	0,0	0,0	0,0	0,0	0,0	0,0	0,0	0,0	0,0	0,0	0,0	0,0
Tpa_6687_1	0,1	0,0	0,0	2,0	0,0	0,0	0,0	0,0	1,0	0,0	0,0	1,0	0,0	0,0	2,0	0,1	0,0	1,0	0,0	0,0	0,0	0,0	0,0	0,0	0,0	0,0	2,0	0,0	0,0	1,0	0,0	0,0
Tpa_6713_1	0,0	0,0	0,0	0,0	0,0	0,0	0,0	0,0	0,0	0,0	0,0	0,0	0,0	0,0	0,0	0,0	0,0	0,0	0,0	0,0	0,0	0,0	0,0	0,0	0,0	0,0	0,0	0,0	0,0	0,0	0,0	0,0
Tpa_6733_1	2,0	4,0	6,0	0,0	6,0	3,0	0,0	0,0	0,0	1,0	0,0	1,0	0,0	1,0	2,4	0,0	0,0	5,0	0,0	2,1	0,0	1,0	0,0	0,0	0,0	0,0	9,0	0,0	2,0	0,0	1,0	0,0
Tpa_6768_1	0,67	0,26	0,60	0,2	0,4	0,43	0,0	0,0	0,1	0,0	0,2	2,3	0,0	0,1	0,2	0,6	0,1	0,8	0,0	0,2	0,0	0,2	0,0	0,1	0,0	0,3	0,13	0,0	0,0	0,0	0,0	0,0
Tpa_6773_1	0,3	0,0	0,16	0,0	0,1	0,2	0,0	0,0	0,0	0,0	0,2	0,1	0,0	0,0	0,0	0,2	0,0	0,1	0,0	0,0	0,0	0,0	0,0	0,0	0,1	0,0	0,3	0,0	0,1	0,0	0,0	0,0
Tpa_6774_1	2,0	0,0	21,0	0,0	0,0	0,0	0,0	0,0	0,0	0,0	0,0	0,0	0,0	0,0	0,0	0,0	0,0	0,0	0,0	0,0	0,0	0,0	0,0	0,0	0,0	0,0	1,0	0,0	0,0	0,0	0,0	0,0
Tpa_6786_1	0,0	0,0	0,0	0,0	0,0	1,0	0,0	0,0	0,0	0,0	0,0	0,0	0,0	0,0	0,0	0,0	0,0	0,0	0,0	1,0	0,0	0,0	0,0	0,0	0,0	0,0	0,0	0,0	0,0	0,0	0,0	0,0
Tpa_6814_1	0,97	0,17	0,177	0,12	0,18	0,12	0,0	0,0	10,9	0,0	0,20	13,17	1,0	0,10	0,14	0,16	0,0	0,18	0,3	0,19	0,2	0,8	0,6	0,1	0,0	0,0	1,61	0,6	0,8	0,8	1,0	0,0
Tpa_6816_1	12,5	0,3	0,30	0,0	1,1	9,0	1,0	0,0	0,0	0,0	1,0	0,4	0,0	0,1	0,0	0,1	0,1	0,3	0,0	0,0	0,0	0,2	0,0	1,0	0,0	0,0	0,6	0,0	0,0	0,0	0,0	0,0
Tpa_6853_1	40,0	7,0	71,0	3,0	8,0	15,0	0,0	0,0	6,0	1,0	14,0	4,3	1,0	5,0	4,0	10,0	0,0	27,0	3,0	23,0	0,0	8,0	4,0	0,0	1,0	3,0	39,0	2,0	6,0	1,0	0,0	0,0
Tpa_6887_1	15,0	2,0	32,0	1,0	6,0	3,0	0,0	0,0	3,2	0,0	4,0	4,0	0,0	1,0	3,0	1,0	0,0	6,0	0,0	5,0	0,0	2,0	0,0	1,0	1,0	0,0	7,0	1,0	3,0	2,0	0,0	0,0
Tpa_6922_1	7,0	6,0	13,0	0,0	1,0	4,0	0,0	0,0	1,0	0,0	1,0	0,0	0,0	0,0	2,0	0,0	0,0	1,1	0,0	1,0	0,0	0,0	0,0	0,0	0,0	0,0	1,0	1,0	1,0	1,0	0,0	0,0
Tpa_6937_1	119,0	32,0	192,0	3,0	13,0	47,0	3,0	0,0	8,0	2,0	16,0	41,0	2,0	8,0	5,0	12,0	0,0	21,0	2,0	13,0	1,0	10,0	3,0	2,0	1,0	5,0	32,0	2,0	6,0	4,0	1,0	0,0
Tpa_6963_1	6,0	2,0	37,0	0,0	2,0	5,0	0,0	0,0	0,0	0,0	1,0	4,0	0,0	4,0	0,0	0,0	0,0	0,0	0,0	0,0	0,0	3,0	0,0	1,0	0,0	1,0	3,0	0,0	1,0	0,0	0,0	0,0
Tpa_6973_1	39,0	4,0	45,0	0,0	3,0	22,0	0,0	1,0	0,0	0,0	2,0	2,0	0,0	2,0	3,0	1,0	0,0	0,0	0,0	2,0	0,0	0,0	0,0	0,0	0,0	0,0	4,0	0,0	0,1	0,0	0,0	0,0
Tpa_7007_1	0,5	0,0	0,3	0,0	1,1	0,0	0,0	0,0	0,0	0,0	0,0	0,0	0,0	0,1	0,0	1,0	0,0	0,1	0,0	0,0	0,0	1,0	1,0	0,0	0,0	0,0	1,0	0,0	1,0	1,0	0,0	0,0
Tpa_7010_1	0,8	0,2	0,18	0,2	0,4	0,11	0,0	0,0	0,0	0,0	1,0	0,0	0,0	0,1	0,0	0,1	0,0	0,0	0,0	0,1	0,0	0,0	0,0	0,0	0,0	0,1	0,1	0,0	0,0	0,0	0,0	0,0
Tpa_7018_1	0,0	0,0	0,1	0,0	0,0	0,0	0,0	0,0	0,0	0,0	0,0	0,0	0,0	0,0	1,0	0,0	0,0	0,0	0,0	0,0	0,0	0,0	0,0	0,0	0,0	0,0	0,0	0,0	0,0	0,0	0,0	0,0
Tpa_7052_1	45,0	12,0	95,0	3,0	20,0	88,0	8,0	5,0	1,0	0,0	2,1	19,0	0,0	3,0	11,0	3,0	0,0	19,0	1,0	5,8	2,0	8,0	3,0	8,0	7,0	3,0	22,0	3,0	5,0	1,0	0,0	0,0
Tpa_7058_1	5,9	2,0	47,0	0,0	0,0	5,0	0,0	0,0	4,0	0,0	3,0	5,0	0,0	1,0	2,0	2,0	1,0	10,0	0,0	4,0	1,0	4,0	0,0	0,0	0,0	1,0	6,0	1,0	0,0	1,0	0,0	0,0
Tpa_7062_1	10,1	1,1	20,21	0,0	3,0	11,0	0,0	0,0	0,0	0,0	2,0	2,0	0,0	2,0	2,0	3,0	0,0	4,0	0,0	3,0	0,0	1,0	0,0	0,0	0,0	0,0	5,0	0,0	0,0	0,0	0,0	0,0
Tpa_7080_1	0,9	0,2	0,21	0,0	0,1	0,6	0,0	0,0	0,1	0,0	0,0	0,0	0,0	0,1	0,0	0,1	0,0	0,0	0,0	0,0	0,0	0,0	0,0	0,0	0,0	0,0	0,5	0,0	0,0	0,0	0,0	0,0
Tpa_7082_1	0,0	0,1	0,0	0,0	0,0	0,0	0,0	0,0	0,0	0,0	0,0	0,0	0,0	0,0	0,0	0,0	0,0	0,0	0,0	0,0	0,0	0,0	0,0	0,0	0,0	0,0	0,0	0,0	0,0	0,0	0,0	0,0
Tpa_7090_1	0,50	0,9	74,51	0,2	0,3	0,6	0,0	0,0	0,5	0,0	0,8	0,5	0,0	0,2	0,2	0,4	0,0	1,7	0,1	0,5	0,1	0,2	0,0	0,0	0,1	0,1	0,23	0,2	0,2	0,2	0,0	0,0
Tpa_7153_1	1,0	1,0	0,0	2,0	3,0	0,0	0,0	1,0	1,0	0,0	0,0	0,0	0,0	0,0	0,0	0,0	0,0	1,0	0,0	0,0	0,0	0,0	0,0	1,0	0,0	0,0	1,0	0,0	0,0	0,0	0,0	0,0
Tpa_7157_1	0,0	0,0	5,0	0,0	0,0	0,0	0,0	0,0	0,0	0,0	1,0	0,0	0,0	0,0	0,0	0,0	0,0	0,0	0,0	0,0	0,0	1,0	0,0	0,0	0,0	0,1	0,0	0,0	0,0	0,0	0,0	0,0
Tpa_7201_1	0,113	0,31	86,78	2,2	0,4	13,9	0,1	0,0	0,5	0,1	2,4	0,10	0,0	0,4	0,7	0,11	0,0	6,4	0,0	0,6	0,0	0,1	0,1	0,3	0,2	1,0	1,38	0,0	3,1	0,0	0,1	0,0
Tpa_7204_1	0,4	0,1	0,24	0,0	0,1	0,0	0,0	0,0	0,1	0,0	0,1	0,0	0,0	0,1	0,0	0,0	0,0	0,0	0,0	0,1	0,0	0,1	0,0	0,0	0,0	0,1	0,2	0,0	0,0	0,0	0,0	0,0
Tpa_7210_1	0,2	0,1	0,5	0,1	0,0	0,0	0,0	0,0	0,0	0,0	0,1	0,1	0,0	0,0	0,0	0,0	0,0	0,1	0,0	0,0	0,0	0,0	0,0	0,0	0,0	0,0	0,2	0,0	0,0	0,0	0,0	0,0
Tpa_7213_1	0,112	0,41	0,106	0,13	0,34	0,63	0,10	0,3	0,33	0,9	0,74	0,20	0,3	0,10	0,37	0,10	0,1	0,1	0,3	0,55	0,3	0,33	0,12	0,1	0,11	0,20	0,175	0,10	0,21	0,12	0,1	0,0
Tpa_7221_1	1,0	0,4	0,15	0,0	1,0	2,2	0,0	0,0	0,0	0,0	0,2	0,1	0,0	0,0	0,0	0,0	0,0	0,1	0,0	0,1	0,0	0,0	0,0	0,0	0,0	0,0	2,1	0,0	0,0	0,0	0,0	0,0
Tpa_7240_1	0,21	0,8	35,14	0,21	0,19	0,4	0,8	0,0	0,14	0,2	0,4	0,6	0,0	0,20	0,14	0,8	0,1	1,13	0,3	0,41	0,3	0,14	0,5	0,0	0,7	0,3	1,40	0,7	0,12	0,6	0,1	0,0
Tpa_7289_1	0,0	0,0	0,0	0,0	0,0	1,0	0,0	0,0	0,0	0,0	0,0	0,0	0,0	0,0	0,0	1,0	0,0	0,0	0,0	0,0	0,0	0,0	0,0	1,0	0,0	0,0	0,0	1,0	0,0	0,0	0,0	0,0
Tpa_7291_1	0,0	0,0	0,0	0,0	0,0	0,1	0,0	0,0	0,0	0,0	0,0	0,0	0,0	0,0	0,0	0,0	0,0	0,0	0,0	1,0	0,0	0,0	0,0	0,0	0,0	0,0	1,0	0,0	0,0	0,0	0,0	0,0
Tpa_7293_1	0,0	0,0	0,0	0,0	0,0	0,0	0,0	0,0	0,0	0,0	0,0	0,0	0,0	0,0	0,0	0,0	0,0	0,0	0,0	0,0	0,0	0,0	0,0	0,0	0,0	0,0	0,0	0,0	0,0	0,0	0,0	0,0
Tpa_7331_1	0,0	0,0	0,0	0,0	0,0	0,0	0,0	0,0	0,0	0,0	0,0	0,0	0,0	0,0	0,0	0,0	0,0	0,0	0,0	0,0	0,0	0,0	0,0	0,0	0,0	0,0	0,0	0,0	0,0	0,0	0,0	0,0
Tpa_7348_1	33,0	9,0	60,0	11,0	7,0	6,0	1,0	0,0	16,0	2,0	44,0	12,0	0,0	11,0	6,0	7,3	0,0	16,0	3,0	17,0	0,0	13,0	1,1	1,0	1,0	2,0	20,0	11,0	13,0	14,0	1,0	1,0
Tpa_7352_1	0,0	0,0	0,0	0,0	0,0	0,0	0,0	0,0	0,0	0,0	0,0	0,0	0,0	0,0	0,0	0,0	0,0	0,0	0,0	0,0	0,0	0,0	0,0	0,0	0,0	0,0	0,0	0,0	0,0	0,0	0,0	0,0
Tpa_7367_1	0,122	9,7	0,167	0,1	0,39	0,40	0,2	0,2	0,2	0,1	0,10	4,4	0,3	0,8	0,11	0,9	0,1	0,32	0,1	0,9	0,0	0,4	2,0	1,1	0,4	0,0	0,80	0,0	0,6	0,5	0,1	0,0
Tpa_7375_1	60,0	7,11	58,0	0,0	0,0	21,0	1,0	0,0	4,0	0,0	2,2	5,3	0,1	1,2	3,0	0,7	0,0	7,0	0,0	3,0	0,0	1,0	1,0	0,0	0,0	1,0	5,0	0,0	0,0	0,0	0,0	0,0
Tpa_7406_1	0,0	0,0	0,0	0,0	0,0	0,0	0,0	0,0	0,0	0,0	0,0	0,0	0,0	0,0	0,0	0,0	0,0	0,0	0,0	0,0	0,0	0,0	0,0	0,0	0,0	0,0	0,0	0,0	0,0	0,0	0,0	0,0
Tpa_7413_1	0,0	0,0	0,131	0,0	0,0	0,0	0,0	0,0	0,0	0,0	0,0	0,0	0,0	0,0	0,1	0,0	0,0	0,4	0,0	0,0	0,0	0,0	0,0	0,0	0,0	0,0	0,0	0,0	0,0	0,0	0,0	0,0
Tpa_7417_1	0,2	0,0	0,4	0,0	0,0	0,0	0,0	0,0	0,0	0,0	0,0	0,0	0,0	0,0	0,0	0,0	0,0	0,0	0,1	0,0	0,0	0,0	0,0	0,0	0,0	0,0	0,0	0,0	0,0	0,1	0,0	0,0
Tpa_7425_1	0,35	0,7	0,55	0,4	0,18	0,15	0,0	0,1	0,3	0,0	0,9	0,9	0,1	0,7	0,5	3,1	0,0	0,21	0,3	3,1	0,0	0,13	0,1	0,0	0,0	0,0	0,44	1,0	0,1	0,6	0,1	0,0
Tpa_7447_1	0,0	0,0	0,0	0,0	0,2	0,0	0,0	0,0	0,0	0,0	0,0	0,0	0,0	0,0	0,2	0,2	0,0	0,4	0,0	0,0	0,0	0,0	0,0	0,0	0,0	0,0	0,0	0,0	0,0	0,0	0,0	0,0
Tpa_7450_1	0,0	0,0	0,0	0,0	0,0	0,0	0,0	0,0	0,0	0,0	0,0	0,0	0,0	0,0	0,0	0,0	0,0	0,0	0,0	0,0	0,0	0,0	0,0	0,0	0,0	0,0	0,0	0,0	0,0	0,0	0,0	0,0
Tpa_7452_1	51,71	53,0	211,0	60,0	103,0	16,20	1,0	2,0	55,0	6,0	78,0	8,0	5,0	64,0	24,0	16,0	1,0	102,0	8,0	81,0	0,0	74,0	14,0	0,4	10,0	9,0	186,0	8,0	28,0	13,0	1,0	0,0
Tpa_7454_1	0,0	0,0	0,0	0,0	0,0	0,0	0,0	0,0	0,0	0,0	0,0	0,0	0,0	0,0	0,0	0,0	0,0	0,0	0,0	0,0	0,0	0,0	0,0	0,0	0,0	0,0	0,0	0,0	0,0	0,0	0,0	0,0
Tpa_7461_1	0,1	0,0	0,4	0,0	0,0	0,0	0,0	0,0	0,0	0,0	0,0	0,0	0,0	0,0	0,0	0,1	0,0	0,0	0,0	0,0	0,0	0,0	0,0	0,0	0,0	0,0	0,0	0,0	0,0	0,0	0,0	0,0
Tpa_7477_1	9,7	18,0	9,9	0,0	5,0	9,15	0,0	0,0	2,0	0,0	3,0	22,0	1,0	0,0	2,0	5,0	0,0	5,0	1,0	1,0	0,0	1,0	0,0	0,0	0,0	0,0	5,0	0,0	0,0	0,0	0,0	0,0
Tpa_7479_1	0,122	0,24	0,79	0,1	0,5	0,51	0,0	0,0	0,1	0,1	0,3	0,1	0,1	0,1	0,3	0,5	0,0	0,0	0,2	0,1	0,2	0,1	0,0	0,0	0,1	0,1	0,5	0,0	0,0	0,0	0,1	0,0
Tpa_7483_1	0,34	0,3	0,35	0,0	0,0	0,14	0,0	0,0	0,1	0,0	0,1	0,8	0,0	0,1	0,0	0,1	0,0	0,2	0,0	0,0	0,0	0,1	0,1	0,1	0,0	0,0	0,2	0,0	0,0	0,2	0,0	0,0
Tpa_7495_1	0,111	0,35	0,88	0,50	0,61	0,19	0,3	0,0	0,57	0,4	0,43	0,47	0,6	0,70	0,32	0,27	0,3	0,57	1,2	0,116	0,2	0,19	0,12	0,0	3,4	0,12	0,85	0,23	0,38	0,7	0,6	0,0
Tpa_7533_1	144,0	47,0	83,60	17,9	93,0	36,0	5,0	2,0	42,0	2,0	0,50	14,0	1,0	60,0	27,7	8,0	2,0	66,0	1,0	105,0	3,0	46,0	18,0	3,0	1,4	5,6	152,0	14,0	18,0	27,0	2,0	0,0
Tpa_7540_1	0,0	0,0	1,0	0,0	0,0	0,0	0,0	0,0	0,0	0,0	1,0	0,0	0,0	0,0	0,0	0,0	0,0	0,0	0,0	0,0	0,0	0,0	0,0	0,0	0,0	0,0	0,0	0,0	0,0	0,0	0,0	0,0
Tpa_7553_1	17,21	18,0	119,0	4,0	13,0	28,0	0,0	0,0	6,0	1,0	8,0	10,0	2,0	0,1	7,0	6,0	0,0	11,0	1,1	8,0	0,0	3,0	1,0	2,0	0,0	1,0	28,1	0,0	1,0	2,0	1,0	0,0
Tpa_7560_1	0,30	0,2	0,69	0,0	0,2	0,21	0,0	0,0	0,1	0,2	0,1	0,0	0,0	0,0	0,1	0,2	0,1	0,6	0,0	0,3	0,0	0,1	0,2	0,0	0,0	0,1	5,4	0,0	0,0	0,0	0,0	0,0
Tpa_7566_1	74,0	34,0	69,0	3,0	9,0	50,0	3,0	0,0	0,1	2,0	1,0	21,16	2,0	10,0	3,0	10,0	0,1	1,2	3,0	3,4	2,0	4,0	0,0	0,0	0,0	2,5	16,0	0,0	2,0	2,0	0,0	0,0
Tpa_7567_1	167,153	61,18	354,0	80,116	236,0	41,9	24,0	2,1	92,101	0,22	96,2	80,53	9,2	133,0	86,84	0,74	1,12	95,108	21,1	264,1	8,4	0,188	38,10	2,0	27,8	29,29	110,114	74,2	81,47	74,0	7,2	0,0
Tpa_7571_1	0,130	0,24	0,139	1,1	0,14	23,33	0,0	0,0	0,3	7,3	0,17	0,33	0,0	0,7	0,11	10,12	0,2	3,10	0,1	0,9	0,3	0,7	9,0	0,1	1,0	0,11	0,23	0,2	0,2	0,2	0,0	0,0
Tpa_7586_1	175,0	0,60	0,149	0,2	9,7	0,93	0,3	0,1	2,2	0,3	0,9	0,28	0,0	0,4	3,1	0,6	2,0	0,17	4,0	0,13	3,0	0,1	0,1	3,0	1,1	0,3	14,15	0,3	0,3	0,1	0,0	0,0
Tpa_7594_1	588,0	200,0	614,0	121,83	503,0	404,0	77,0	8,0	490,0	89,71	672,1	446,265	82,1	453,0	247,192	181,0	40,0	365,0	147,0	1013,0	30,17	359,0	78,58	9,0	112,0	340,0	1242,0	123,0	233,0	90,44	19,1	2,0
Tpa_7597_1	0,325	0,89	0,241	0,265	0,189	0,157	0,224	0,26	0,318	0,134	0,413	0,419	0,126	0,239	134,118	0,101	0,108	0,166	0,168	0,492	0,89	0,382	1,99	0,13	0,195	0,136	0,605	0,113	0,291	0,248	0,92	0,0
Tpa_7601_1	0,0	0,0	0,0	0,0	0,0	0,0	0,0	0,0	0,0	0,0	0,0	0,0	0,0	0,0	0,0	0,0	0,0	0,0	0,0	0,0	0,0	0,0	0,0	0,0	0,0	0,0	0,0	0,0	0,0	0,0	0,0	0,0
Tpa_7604_1	550,0	14,0	256,0	137,0	459,0	119,0	124,0	2,0	512,1	75,0	489,0	0,0	68,1	258,0	16,0	0,0	1,0	154,0	181,0	519,2	50,0	0,0	0,0	3,0	6,0	0,0	1,0	117,0	298,1	132,0	7,0	0,0
Tpa_7605_1	0,0	0,1	2,5	0,0	0,0	0,0	0,0	0,0	0,0	0,0	0,1	1,0	0,0	0,0	0,0	0,0	0,0	0,0	0,0	0,0	0,0	0,0	0,0	0,0	0,0	0,0	0,0	0,0	0,0	0,0	0,0	0,0
Tpa_7615_1	2,0	0,0	5,0	1,0	0,0	0,0	0,0	0,0	0,0	0,0	0,0	0,0	0,0	0,0	2,0	0,0	0,0	1,0	0,0	1,0	0,0	0,0	0,0	0,0	0,0	0,0	0,0	0,0	0,0	1,0	0,0	0,0
Tpa_7652_1	0,586	0,190	3,595	0,234	1,407	163,139	55,31	0,1	2,355	0,46	0,459	1,634	0,33	320,229	0,352	0,197	0,5	0,340	0,92	0,706	0,13	2,275	0,104	0,4	0,51	0,142	4,994	0,119	2,237	0,151	0,14	0,1
Tpa_7653_1	251,186	124,0	0,464	149,116	0,241	139,1	0,68	0,3	1,365	22,20	249,184	0,366	44,27	0,308	0,273	62,71	0,21	0,195	1,128	301,309	1,48	157,138	37,42	0,4	0,69	0,208	316,317	100,116	149,158	0,162	45,1	0,3
Tpa_7657_1	0,20	0,0	0,11	0,0	0,1	0,4	0,0	0,0	0,1	0,0	0,3	0,1	0,0	0,0	0,0	0,0	0,2	0,1	0,0	0,0	0,0	0,0	0,0	0,0	0,0	0,0	0,1	0,0	0,0	0,0	0,0	0,0
Tpa_7665_1	0,0	0,0	0,0	0,0	0,0	0,0	0,0	0,0	0,0	0,0	0,0	0,0	0,0	0,0	0,0	0,0	0,0	0,0	0,0	0,0	0,0	0,0	0,0	0,0	0,0	0,0	0,0	0,0	0,0	0,0	0,0	0,0
Tpa_7686_1	100,176	0,104	0,324	20,49	78,138	83,102	14,35	0,41	0,91	0,108	0,273	79,171	10,20	58,0	104,1	0,122	0,32	57,103	8,16	48,94	12,17	67,0	0,68	0,12	17,23	0,70	122,315	6,13	9,24	6,20	2,5	0,0
Tpa_7690_1	170,0	52,0	240,0	2,1	20,0	124,0	6,0	3,0	8,3	4,1	12,10	37,0	3,0	9,0	23,0	32,0	1,1	36,0	3,0	14,8	2,0	10,0	4,0	6,0	5,0	6,6	72,0	2,0	8,0	0,0	0,0	0,0
Tpa_7691_1	0,3	0,5	52,4	0,0	0,5	0,1	0,0	0,0	0,2	0,0	0,4	0,2	0,0	0,1	0,1	0,0	0,0	0,3	0,1	0,5	0,0	0,1	0,1	0,0	0,1	0,0	0,2	0,1	0,1	1,2	0,1	0,0
Tpa_7703_1	209,0	31,0	264,0	7,0	14,0	58,0	2,0	0,0	12,0	3,0	45,1	134,0	1,0	12,0	12,0	34,1	2,0	10,6	0,2	20,0	2,0	17,0	2,0	1,0	3,0	9,0	57,0	5,0	9,0	2,0	1,0	0,0
Tpa_7757_1	0,0	0,0	0,0	0,0	0,0	0,0	0,0	0,0	0,0	0,0	0,0	0,0	0,0	0,0	0,0	0,0	0,0	0,0	0,0	0,0	0,0	0,0	0,0	0,0	0,0	0,0	0,0	0,0	0,0	0,0	0,0	0,0
Tpa_7764_1	0,29	0,5	22,17	0,0	0,2	0,9	0,1	0,0	0,3	0,1	0,2	2,3	0,0	0,3	0,2	4,2	0,1	3,2	1,1	0,1	0,0	0,0	0,2	0,1	0,2	0,0	3,4	0,2	0,2	0,0	0,0	0,0
Tpa_7765_1	0,4	0,2	0,10	0,0	0,2	0,2	0,0	0,0	2,1	0,0	0,2	0,5	0,0	0,1	0,0	0,2	0,0	0,0	1,0	0,0	0,0	0,0	0,0	0,1	0,0	0,0	0,10	0,1	0,0	0,1	0,0	0,0
Tpa_7769_1	0,1	0,0	0,0	0,0	0,0	0,0	0,0	0,0	0,0	0,0	0,0	0,0	0,0	0,0	0,0	0,0	0,0	0,0	0,0	0,0	0,0	0,0	0,0	0,0	0,0	0,0	0,0	0,0	0,0	0,0	0,0	0,0
Tpa_7772_1	0,0	0,0	0,0	0,0	0,0	0,0	0,0	0,0	0,0	0,0	0,0	0,0	0,0	0,0	0,0	0,0	0,0	0,0	0,0	0,0	0,0	0,0	0,0	0,0	0,0	0,0	0,0	0,0	0,0	0,0	0,0	0,0
Tpa_7798_1	8,6	1,0	42,0	0,0	0,0	0,0	0,0	0,0	0,0	0,0	0,0	2,0	0,1	0,0	0,0	0,0	0,0	0,0	0,0	0,0	0,0	0,0	0,0	0,0	0,0	0,0	0,0	0,0	0,0	1,0	0,0	0,0
Tpa_7799_1	3,0	1,0	9,0	0,0	0,0	0,0	0,0	0,0	1,0	0,0	3,0	1,0	0,0	0,0	1,0	0,0	0,0	3,0	0,0	1,0	0,0	2,0	0,0	0,0	0,0	0,0	0,1	0,0	1,0	0,0	0,0	0,0
Tpa_7805_1	0,0	0,0	0,4	1,0	0,2	0,1	0,0	0,0	0,3	0,0	0,0	0,0	0,0	0,1	0,0	0,0	0,0	0,5	0,0	0,0	0,1	0,0	0,0	0,2	0,0	0,0	0,1	0,0	0,2	0,0	0,1	0,0
Tpa_7807_1	3,0	0,0	1,0	0,0	0,0	0,0	0,0	0,0	0,0	0,0	0,0	0,0	0,0	0,0	0,0	0,0	1,0	1,0	0,0	0,0	0,0	0,0	0,0	1,0	0,0	1,0	1,0	1,0	1,0	0,0	0,0	0,0
Tpa_7814_1	10,0	2,0	15,0	0,0	3,0	5,0	0,0	0,0	0,0	0,0	2,0	2,0	0,0	1,0	0,0	0,3	0,0	1,0	0,0	0,0	0,0	1,0	0,0	0,0	0,0	0,1	5,0	0,0	0,0	0,0	0,0	0,0
Tpa_7825_1	0,71	0,34	0,69	0,12	0,19	0,28	0,1	0,0	0,22	0,2	0,26	0,42	0,3	0,29	0,14	0,21	0,0	0,37	0,5	0,32	0,2	0,11	0,5	0,3	0,14	0,4	0,107	0,7	0,15	0,0	0,1	0,0
Tpa_7848_1	22,0	16,0	38,0	5,0	7,0	2,0	0,0	0,0	12,0	1,0	7,0	3,0	0,0	7,0	7,0	5,0	0,0	11,0	0,0	14,0	0,0	8,0	0,0	0,0	2,0	1,0	24,0	1,0	2,0	3,0	0,0	0,0
Tpa_7910_1	7,0	1,1	28,0	1,0	0,1	2,0	0,0	0,0	0,0	0,0	0,0	3,0	0,0	1,0	1,0	2,0	0,0	2,0	0,0	2,0	0,0	1,1	1,0	0,0	0,1	2,0	3,10	1,0	0,0	0,0	0,0	0,0
