Locus_ID	AvgReadDepth	GenotypeRate	minAF	majAF	alleles	allFreqs	conScore
1	Tpa_0010_1	11.5384615384615	0.247368421052632	0.202127659574468	0.797872340425532	A,G	0.8,0.2	0.0666666666666667
2	Tpa_0012_1	25.1397058823529	0.405263157894737	0.012987012987013	0.987012987012987	C,A	0.01,0.99	0
3	Tpa_0024_1	1.8	0.00526315789473684	0	1	A,C	1,0	NA
4	Tpa_0035_1	10.7638888888889	0.2	0	1	T,C	0,1	NA
5	Tpa_0037_1	5.67307692307692	0.126315789473684	0.333333333333333	0.666666666666667	A,C	0.67,0.33	0
6	Tpa_0095_1	156.866666666667	0.878947368421053	0.0718562874251497	0.92814371257485	G,A	0.07,0.93	0.15
7	Tpa_0151_1	388.472826086957	0.931578947368421	0.0338983050847458	0.966101694915254	G,A	0.03,0.97	0
8	Tpa_0183_1	200.758169934641	0.626315789473684	0.19327731092437	0.80672268907563	C,A	0.81,0.19	0.138888888888889
9	Tpa_0186_1	16.8488372093023	0.247368421052632	0.0638297872340425	0.936170212765957	C,A	0.06,0.94	0
10	Tpa_0215_1	1	0	NA	NA	A,C	NaN,NaN	NA
11	Tpa_0226_1	3.30555555555556	0.0263157894736842	0.1	0.9	C,A	0.1,0.9	0
12	Tpa_0228_1	3.42222222222222	0.0631578947368421	0.0833333333333333	0.916666666666667	T,A	0.08,0.92	0
13	Tpa_0263_1	13.7682926829268	0.263157894736842	0.24	0.76	C,G	0.24,0.76	0
14	Tpa_0269_1	8.40625	0.168421052631579	0.28125	0.71875	G,A	0.28,0.72	0
15	Tpa_0272_1	4.28571428571429	0.0105263157894737	0	1	A,C	1,0	NA
16	Tpa_0301_1	209.117647058824	0.926315789473684	0.0198863636363636	0.980113636363636	G,T	0.98,0.02	0.714285714285714
17	Tpa_0342_1	31.7922077922078	0.631578947368421	0.241666666666667	0.758333333333333	C,T	0.76,0.24	0.0217391304347826
18	Tpa_0346_1	15.1515151515152	0.215789473684211	0.109756097560976	0.890243902439024	A,C	0.89,0.11	0.111111111111111
19	Tpa_0358_1	19.4607843137255	0.3	0.0526315789473684	0.947368421052632	A,C	0.95,0.05	0
20	Tpa_0366_1	15.0128205128205	0.531578947368421	0.0594059405940594	0.940594059405941	T,C	0.94,0.06	0
21	Tpa_0367_1	12.5760869565217	0.226315789473684	0.0348837209302326	0.965116279069767	C,T	0.97,0.03	0
22	Tpa_0371_1	31.5808823529412	0.421052631578947	0.025	0.975	C,T	0.98,0.03	0
23	Tpa_0395_1	28.5245901639344	0.4	0.0131578947368421	0.986842105263158	G,A	0.01,0.99	0
24	Tpa_0409_1	5.825	0.0894736842105263	0.235294117647059	0.764705882352941	T,C	0.76,0.24	0
25	Tpa_0427_1	17	0.352631578947368	0.470149253731343	0.529850746268657	C,T	0.53,0.47	0.0810810810810811
26	Tpa_0429_1	10.6944444444444	0.2	0	1	G,C	0,1	NA
27	Tpa_0438_1	8.3421052631579	0.178947368421053	0.102941176470588	0.897058823529412	A,C	0.1,0.9	0
28	Tpa_0439_1	167.110344827586	0.621052631578947	0.258474576271186	0.741525423728814	G,C	0.74,0.26	0.0930232558139535
29	Tpa_0474_1	3.75	0.0105263157894737	0	1	A,T	1,0	NA
30	Tpa_0492_1	10.1774193548387	0.173684210526316	0	1	C,G	1,0	NA
31	Tpa_0500_1	6.68085106382979	0.0894736842105263	0.205882352941176	0.794117647058823	A,C	0.79,0.21	0
32	Tpa_0540_1	6.78260869565217	0.105263157894737	0.225	0.775	G,C	0.22,0.78	0
33	Tpa_0547_1	45.0300751879699	0.463157894736842	0.0454545454545455	0.954545454545455	G,A	0.05,0.95	0
34	Tpa_0556_1	6.02	0.0947368421052632	0	1	C,T	1,0	NA
35	Tpa_0569_1	25.0214285714286	0.510526315789474	0.298969072164948	0.701030927835051	A,G	0.7,0.3	0.166666666666667
36	Tpa_0584_1	31.9157894736842	0.357894736842105	0.0441176470588235	0.955882352941177	C,G	0.96,0.04	0
37	Tpa_0592_1	153.261363636364	0.863157894736842	0.0945121951219512	0.905487804878049	A,G	0.91,0.09	0.111111111111111
38	Tpa_0650_1	7.07547169811321	0.121052631578947	0.0652173913043478	0.934782608695652	G,A	0.07,0.93	1
39	Tpa_0671_1	25.2	0.405263157894737	0.136363636363636	0.863636363636364	C,G	0.86,0.14	0.176470588235294
40	Tpa_0678_1	2.07692307692308	0.0157894736842105	0.333333333333333	0.666666666666667	G,A	0.33,0.67	NA
41	Tpa_0687_1	28.79	0.363157894736842	0.123188405797101	0.876811594202899	C,T	0.88,0.12	0.0769230769230769
42	Tpa_0730_1	12.6538461538462	0.221052631578947	0.178571428571429	0.821428571428571	G,C	0.18,0.82	0.111111111111111
43	Tpa_0743_1	13.1130434782609	0.315789473684211	0	1	C,A	0,1	NA
44	Tpa_0763_1	27.5405405405405	0.357894736842105	0.125	0.875	C,A	0.12,0.88	0.0666666666666667
45	Tpa_0768_1	2.40816326530612	0.0842105263157895	0	1	G,A	0,1	NA
46	Tpa_0791_1	37.2222222222222	0.452631578947368	0.0523255813953488	0.947674418604651	G,A	0.05,0.95	0.222222222222222
47	Tpa_0826_1	2.66101694915254	0.0789473684210526	0.1	0.9	G,C	0.1,0.9	0
48	Tpa_0866_1	355.764705882353	0.952631578947368	0.0801104972375691	0.919889502762431	C,T	0.92,0.08	0.52
49	Tpa_0868_1	1.14285714285714	0.00526315789473684	0.5	0.5	A,T	0.5,0.5	0
50	Tpa_0882_1	4.375	0.0263157894736842	0.5	0.5	A,T	0.5,0.5	0
51	Tpa_0888_1	23.6412213740458	0.4	0.0197368421052632	0.980263157894737	G,A	0.02,0.98	0
52	Tpa_0895_1	13.3285714285714	0.189473684210526	0.0138888888888889	0.986111111111111	G,A	0.01,0.99	0
53	Tpa_0905_1	27.1904761904762	0.447368421052632	0.0882352941176471	0.911764705882353	T,C	0.91,0.09	0
54	Tpa_0912_1	3.15384615384615	0.0210526315789474	0	1	C,A	0,1	NA
55	Tpa_0929_1	5.78571428571429	0.0947368421052632	0	1	G,A	0,1	NA
56	Tpa_0936_1	13.8169014084507	0.215789473684211	0.0731707317073171	0.926829268292683	C,T	0.93,0.07	0
57	Tpa_0953_1	97.1931818181818	0.868421052631579	0.0818181818181818	0.918181818181818	C,T	0.92,0.08	0.111111111111111
58	Tpa_0970_1	2	0.0105263157894737	0	1	A,C	1,0	NA
59	Tpa_0973_1	2.41666666666667	0.0105263157894737	0	1	T,G	0,1	NA
60	Tpa_0979_1	37.0365853658537	0.294736842105263	0.0535714285714286	0.946428571428571	C,G	0.95,0.05	0
61	Tpa_1007_1	21.7432432432432	0.247368421052632	0.340425531914894	0.659574468085106	T,C	0.66,0.34	0
62	Tpa_1022_1	32.1	0.347368421052632	0	1	G,A	0,1	NA
63	Tpa_1042_1	9.4375	0.0894736842105263	0.0294117647058824	0.970588235294118	G,A	0.03,0.97	0
64	Tpa_1071_1	11.7166666666667	0.2	0.184210526315789	0.815789473684211	A,C	0.82,0.18	0
65	Tpa_1077_1	14.5692307692308	0.452631578947368	0.11046511627907	0.88953488372093	C,T	0.89,0.11	0.0588235294117647
66	Tpa_1082_1	363.679144385027	0.968421052631579	0.0896739130434783	0.910326086956522	C,T	0.91,0.09	0.545454545454545
67	Tpa_1098_1	2.41666666666667	0.0210526315789474	0.125	0.875	A,C	0.88,0.12	0
68	Tpa_1112_1	30.8617021276596	0.310526315789474	0.110169491525424	0.889830508474576	G,A	0.11,0.89	0.0769230769230769
69	Tpa_1136_1	1.25	0	NA	NA	T,G	NaN,NaN	NA
70	Tpa_1144_1	18.196261682243	0.321052631578947	0.131147540983607	0.868852459016393	G,T	0.87,0.13	0
71	Tpa_1154_1	32.6371681415929	0.373684210526316	0.288732394366197	0.711267605633803	C,T	0.29,0.71	0.16
72	Tpa_1156_1	1.25	0.00526315789473684	0	1	G,A	0,1	NA
73	Tpa_1187_1	16.8045977011494	0.284210526315789	0.0740740740740741	0.925925925925926	C,T	0.93,0.07	0
74	Tpa_1268_1	19.6826923076923	0.326315789473684	0.032258064516129	0.967741935483871	T,A	0.03,0.97	0
75	Tpa_1290_1	NA	0	NA	NA	C,T	NaN,NaN	NA
76	Tpa_1304_1	34.4578313253012	0.305263157894737	0.181034482758621	0.818965517241379	A,G	0.18,0.82	0.0476190476190476
77	Tpa_1305_1	1.66666666666667	0	NA	NA	A,T	NaN,NaN	NA
78	Tpa_1310_1	16.0757575757576	0.236842105263158	0.0555555555555556	0.944444444444444	C,T	0.94,0.06	0
79	Tpa_1312_1	30.1654676258993	0.463157894736842	0.0227272727272727	0.977272727272727	C,T	0.98,0.02	0
80	Tpa_1320_1	17.1666666666667	0.0263157894736842	0	1	T,C	0,1	NA
81	Tpa_1341_1	6.25531914893617	0.110526315789474	0.0476190476190476	0.952380952380952	C,T	0.95,0.05	0
82	Tpa_1357_1	34.974358974359	0.378947368421053	0.0277777777777778	0.972222222222222	G,C	0.03,0.97	0
83	Tpa_1359_1	8.34090909090909	0.242105263157895	0.0978260869565217	0.902173913043478	A,G	0.9,0.1	0.111111111111111
84	Tpa_1394_1	5.18604651162791	0.0736842105263158	0.214285714285714	0.785714285714286	G,A	0.21,0.79	0.166666666666667
85	Tpa_1404_1	3.20689655172414	0.0368421052631579	0	1	C,T	1,0	NA
86	Tpa_1443_1	2.42857142857143	0.0368421052631579	0.285714285714286	0.714285714285714	A,G	0.29,0.71	0
87	Tpa_1486_1	17.7102803738318	0.326315789473684	0.0967741935483871	0.903225806451613	T,C	0.1,0.9	0
88	Tpa_1515_1	10.4347826086957	0.257894736842105	0.193877551020408	0.806122448979592	A,C	0.81,0.19	0.181818181818182
89	Tpa_1528_1	7.53424657534247	0.163157894736842	0.209677419354839	0.790322580645161	G,T	0.79,0.21	0
90	Tpa_1542_1	36.1968503937008	0.463157894736842	0.0170454545454545	0.982954545454545	C,G	0.98,0.02	0
91	Tpa_1548_1	6.16	0.1	0.263157894736842	0.736842105263158	T,G	0.26,0.74	0
92	Tpa_1550_1	22.2137931034483	0.531578947368421	0.0297029702970297	0.97029702970297	C,G	0.97,0.03	0.333333333333333
93	Tpa_1585_1	285.347593582888	0.963157894736842	0.0710382513661202	0.92896174863388	T,C	0.93,0.07	0.1875
94	Tpa_1593_1	12.1358024691358	0.236842105263158	0.266666666666667	0.733333333333333	G,A	0.27,0.73	0
95	Tpa_1606_1	7.825	0.189473684210526	0.0833333333333333	0.916666666666667	T,G	0.08,0.92	0
96	Tpa_1638_1	6.89655172413793	0.142105263157895	0.0925925925925926	0.907407407407407	C,G	0.91,0.09	0
97	Tpa_1646_1	11.9370078740157	0.415789473684211	0.0506329113924051	0.949367088607595	C,T	0.95,0.05	0.25
98	Tpa_1662_1	33.969465648855	0.452631578947368	0.0872093023255814	0.912790697674419	G,A	0.09,0.91	0.0769230769230769
99	Tpa_1678_1	56.8	0.747368421052632	0.0598591549295775	0.940140845070423	C,T	0.94,0.06	0.0588235294117647
100	Tpa_1689_1	14.4473684210526	0.3	0.157894736842105	0.842105263157895	C,T	0.84,0.16	0.0833333333333333
101	Tpa_1703_1	1	0	NA	NA	A,G	NaN,NaN	NA
102	Tpa_1731_1	37.5950920245399	0.636842105263158	0.0206611570247934	0.979338842975207	C,A	0.02,0.98	0
103	Tpa_1774_1	34.6111111111111	0.478947368421053	0.010989010989011	0.989010989010989	C,T	0.99,0.01	0
104	Tpa_1775_1	10.8510638297872	0.163157894736842	0.225806451612903	0.774193548387097	C,T	0.77,0.23	NA
105	Tpa_1804_1	57.6645962732919	0.636842105263158	0.21900826446281	0.78099173553719	C,G	0.78,0.22	0.142857142857143
106	Tpa_1818_1	7.38181818181818	0.136842105263158	0.211538461538462	0.788461538461538	G,A	0.79,0.21	0
107	Tpa_1831_1	27.7517730496454	0.415789473684211	0.0632911392405063	0.936708860759494	G,T	0.94,0.06	0
108	Tpa_1832_1	12.5857142857143	0.189473684210526	0.0277777777777778	0.972222222222222	A,G	0.97,0.03	0
109	Tpa_1843_1	14.5232558139535	0.257894736842105	0.0612244897959184	0.938775510204082	C,T	0.94,0.06	0
110	Tpa_1847_1	1	0	NA	NA	T,A	NaN,NaN	NA
111	Tpa_1891_1	19.1666666666667	0.363157894736842	0.0289855072463768	0.971014492753623	C,A	0.03,0.97	0
112	Tpa_1896_1	9.91954022988506	0.252631578947368	0.0520833333333333	0.947916666666667	A,G	0.05,0.95	0
113	Tpa_1917_1	6.04255319148936	0.131578947368421	0.38	0.62	C,T	0.62,0.38	0
114	Tpa_1930_1	13.1553398058252	0.284210526315789	0.259259259259259	0.740740740740741	A,G	0.26,0.74	0
115	Tpa_1966_1	42.0943396226415	0.163157894736842	0.193548387096774	0.806451612903226	C,T	0.19,0.81	0.5
116	Tpa_2006_1	71.7919075144509	0.821052631578947	0.108974358974359	0.891025641025641	C,T	0.89,0.11	0.125
117	Tpa_2010_1	31.3655913978495	0.331578947368421	0	1	C,G	1,0	NA
118	Tpa_2021_1	47.8086419753086	0.647368421052632	0.0650406504065041	0.934959349593496	C,T	0.93,0.07	0
119	Tpa_2034_1	25.3333333333333	0.289473684210526	0	1	A,T	1,0	NA
120	Tpa_2040_1	63.7919075144509	0.763157894736842	0.155172413793103	0.844827586206897	T,A	0.16,0.84	0.0285714285714286
121	Tpa_2041_1	32.1309523809524	0.636842105263158	0.00826446280991736	0.991735537190083	C,A	0.01,0.99	NA
122	Tpa_2073_1	3.8	0.0368421052631579	0.142857142857143	0.857142857142857	G,A	0.14,0.86	0
123	Tpa_2076_1	9.91596638655462	0.247368421052632	0.0638297872340425	0.936170212765957	C,A	0.06,0.94	0
124	Tpa_2096_1	17.9294117647059	0.263157894736842	0.09	0.91	G,A	0.09,0.91	0
125	Tpa_2128_1	57.4086021505376	0.363157894736842	0.0797101449275362	0.920289855072464	G,T	0.92,0.08	0.181818181818182
126	Tpa_2157_1	22.2962962962963	0.473684210526316	0.05	0.95	A,C	0.95,0.05	0
127	Tpa_2180_1	12.4774774774775	0.315789473684211	0.0416666666666667	0.958333333333333	C,T	0.04,0.96	0.2
128	Tpa_2194_1	15.7875	0.247368421052632	0.319148936170213	0.680851063829787	A,G	0.68,0.32	0
129	Tpa_2207_1	18.3962264150943	0.294736842105263	0.214285714285714	0.785714285714286	G,T	0.79,0.21	0
130	Tpa_2254_1	21.1566265060241	0.273684210526316	0.125	0.875	C,G	0.88,0.12	0
131	Tpa_2278_1	24.4056603773585	0.3	0.131578947368421	0.868421052631579	G,A	0.13,0.87	0.0769230769230769
132	Tpa_2334_1	1.5	0.00526315789473684	0	1	C,T	1,0	NA
133	Tpa_2344_1	32.7594936708861	0.689473684210526	0.0305343511450382	0.969465648854962	G,A	0.03,0.97	0
134	Tpa_2353_1	14.0227272727273	0.431578947368421	0.128048780487805	0.871951219512195	C,G	0.87,0.13	0
135	Tpa_2368_1	48.6948051948052	0.642105263157895	0	1	A,G	0,1	NA
136	Tpa_2412_1	8.16666666666667	0.194736842105263	0.0135135135135135	0.986486486486487	G,A	0.01,0.99	0
137	Tpa_2417_1	10.1376146788991	0.278947368421053	0.0188679245283019	0.981132075471698	A,G	0.02,0.98	0
138	Tpa_2453_1	NA	0	NA	NA	T,C	NaN,NaN	NA
139	Tpa_2458_1	52.5982142857143	0.442105263157895	0.0238095238095238	0.976190476190476	C,T	0.98,0.02	0
140	Tpa_2460_1	5.7	0.0578947368421053	0	1	G,A	0,1	NA
141	Tpa_2470_1	13.3385826771654	0.378947368421053	0.0694444444444444	0.930555555555556	C,T	0.93,0.07	0
142	Tpa_2483_1	11.4634146341463	0.268421052631579	0.107843137254902	0.892156862745098	C,T	0.89,0.11	0
143	Tpa_2498_1	7.82692307692308	0.115789473684211	0.113636363636364	0.886363636363636	C,G	0.89,0.11	0
144	Tpa_2509_1	45.8538011695906	0.763157894736842	0.193103448275862	0.806896551724138	C,T	0.81,0.19	0.06
145	Tpa_2518_1	6.24	0.157894736842105	0.15	0.85	T,C	0.15,0.85	0
146	Tpa_2519_1	8.83050847457627	0.178947368421053	0.0294117647058824	0.970588235294118	A,T	0.97,0.03	0
147	Tpa_2523_1	3.5	0.0315789473684211	0.0833333333333333	0.916666666666667	A,G	0.92,0.08	0
148	Tpa_2581_1	59.8857142857143	0.557894736842105	0.122641509433962	0.877358490566038	T,C	0.12,0.88	0.0833333333333333
149	Tpa_2601_1	89.1704545454545	0.826315789473684	0.404458598726115	0.595541401273885	T,C	0.6,0.4	0.113924050632911
150	Tpa_2608_1	23.2546583850932	0.631578947368421	0.208333333333333	0.791666666666667	A,C	0.79,0.21	0.0294117647058824
151	Tpa_2636_1	6.13461538461539	0.105263157894737	0	1	A,T	1,0	NA
152	Tpa_2639_1	5.93877551020408	0.1	0.0526315789473684	0.947368421052632	G,A	0.05,0.95	0
153	Tpa_2664_1	6.31914893617021	0.0947368421052632	0.0277777777777778	0.972222222222222	C,T	0.97,0.03	0
154	Tpa_2702_1	36.7986577181208	0.552631578947368	0.0523809523809524	0.947619047619048	C,T	0.95,0.05	0
155	Tpa_2712_1	62.0670391061453	0.826315789473684	0.0414012738853503	0.95859872611465	G,A	0.04,0.96	0.153846153846154
156	Tpa_2734_1	71.0272727272727	0.4	0.190789473684211	0.809210526315789	T,G	0.81,0.19	0.538461538461538
157	Tpa_2741_1	2.81818181818182	0.0210526315789474	0.125	0.875	A,C	0.12,0.88	0
158	Tpa_2745_1	79.0611111111111	0.863157894736842	0.25	0.75	G,A	0.75,0.25	0
159	Tpa_2763_1	44.8214285714286	0.394736842105263	0.02	0.98	A,T	0.98,0.02	0
160	Tpa_2845_1	2.62962962962963	0.0157894736842105	0	1	T,G	0,1	NA
161	Tpa_2854_1	5.87096774193548	0.0631578947368421	0.125	0.875	C,T	0.88,0.12	0
162	Tpa_2856_1	12.9154929577465	0.189473684210526	0.138888888888889	0.861111111111111	C,T	0.86,0.14	0
163	Tpa_2861_1	8.08888888888889	0.136842105263158	0.0192307692307692	0.980769230769231	G,A	0.02,0.98	0
164	Tpa_2868_1	6.29411764705882	0.068421052631579	0.0384615384615385	0.961538461538462	C,T	0.96,0.04	0
165	Tpa_2900_1	39.9350649350649	0.647368421052632	0.040650406504065	0.959349593495935	G,A	0.04,0.96	0.125
166	Tpa_2907_1	7.64	0.126315789473684	0.1875	0.8125	T,C	0.19,0.81	0
167	Tpa_2961_1	12.6530612244898	0.147368421052632	0.0357142857142857	0.964285714285714	A,G	0.96,0.04	0
168	Tpa_2970_1	6.47368421052632	0.173684210526316	0.0909090909090909	0.909090909090909	C,T	0.91,0.09	0
169	Tpa_3004_1	41.1656441717791	0.742105263157895	0.131205673758865	0.868794326241135	A,G	0.13,0.87	0.103448275862069
170	Tpa_3011_1	8.41666666666667	0.0789473684210526	0.0666666666666667	0.933333333333333	G,A	0.07,0.93	0
171	Tpa_3018_1	16.3942307692308	0.278947368421053	0.00943396226415094	0.990566037735849	G,T	0.99,0.01	0
172	Tpa_3047_1	8.7	0.147368421052632	0.107142857142857	0.892857142857143	C,G	0.89,0.11	0.5
173	Tpa_3055_1	8.41379310344828	0.142105263157895	0.0555555555555556	0.944444444444444	T,C	0.94,0.06	0
174	Tpa_3063_1	3.04878048780488	0.0368421052631579	0.214285714285714	0.785714285714286	A,T	0.79,0.21	0
175	Tpa_3129_1	32.1875	0.431578947368421	0.134146341463415	0.865853658536585	G,A	0.13,0.87	0
176	Tpa_3149_1	114.120218579235	0.910526315789474	0.109826589595376	0.890173410404624	A,G	0.89,0.11	0
177	Tpa_3193_1	1.5	0	NA	NA	G,C	NaN,NaN	NA
178	Tpa_3197_1	85.8444444444444	0.873684210526316	0.0391566265060241	0.960843373493976	T,C	0.04,0.96	0
179	Tpa_3200_1	27.8145695364238	0.552631578947368	0.114285714285714	0.885714285714286	C,T	0.89,0.11	0
180	Tpa_3235_1	14.6451612903226	0.189473684210526	0.0833333333333333	0.916666666666667	C,T	0.92,0.08	0.166666666666667
181	Tpa_3248_1	15.1655629139073	0.552631578947368	0.171428571428571	0.828571428571429	C,T	0.17,0.83	0.166666666666667
182	Tpa_3254_1	16.6588235294118	0.268421052631579	0.0392156862745098	0.96078431372549	G,T	0.96,0.04	0
183	Tpa_3262_1	32.5194805194805	0.568421052631579	0.217592592592593	0.782407407407407	G,T	0.78,0.22	0.171428571428571
184	Tpa_3263_1	4.84782608695652	0.0894736842105263	0.117647058823529	0.882352941176471	A,G	0.88,0.12	0
185	Tpa_3310_1	22.4689655172414	0.494736842105263	0.0585106382978723	0.941489361702128	C,T	0.94,0.06	0
186	Tpa_3347_1	4.44186046511628	0.0631578947368421	0.416666666666667	0.583333333333333	C,T	0.42,0.58	0
187	Tpa_3354_1	8.31944444444444	0.126315789473684	0.0625	0.9375	T,C	0.06,0.94	0
188	Tpa_3364_1	25.7053571428571	0.342105263157895	0.461538461538462	0.538461538461538	A,G	0.46,0.54	0
189	Tpa_3385_1	7.06122448979592	0.0842105263157895	0.0625	0.9375	C,T	0.94,0.06	0.5
190	Tpa_3414_1	1.72727272727273	0.0105263157894737	0	1	A,C	1,0	NA
191	Tpa_3439_1	37.9054054054054	0.510526315789474	0.0309278350515464	0.969072164948454	G,T	0.97,0.03	NA
192	Tpa_3502_1	1.14285714285714	0	NA	NA	A,G	NaN,NaN	NA
193	Tpa_3561_1	4.41935483870968	0.0368421052631579	0.0714285714285714	0.928571428571429	G,A	0.07,0.93	0
194	Tpa_3569_1	16.05	0.231578947368421	0.0795454545454545	0.920454545454545	G,A	0.08,0.92	0
195	Tpa_3578_1	25.0472440944882	0.426315789473684	0.037037037037037	0.962962962962963	G,A	0.04,0.96	0.166666666666667
196	Tpa_3583_1	12.5945945945946	0.210526315789474	0.025	0.975	A,G	0.03,0.98	0
197	Tpa_3616_1	14.3513513513514	0.236842105263158	0	1	T,A	0,1	NA
198	Tpa_3674_1	47.9724137931034	0.531578947368421	0.0148514851485149	0.985148514851485	G,A	0.01,0.99	0
199	Tpa_3676_1	21.1237113402062	0.305263157894737	0.00862068965517241	0.991379310344828	C,T	0.99,0.01	0
200	Tpa_3679_1	8.70491803278689	0.210526315789474	0.1625	0.8375	C,T	0.84,0.16	0.0909090909090909
201	Tpa_3684_1	2.08333333333333	0.0105263157894737	0	1	T,C	0,1	NA
202	Tpa_3705_1	16.9397590361446	0.257894736842105	0.0306122448979592	0.969387755102041	G,T	0.97,0.03	0
203	Tpa_3723_1	3.27272727272727	0.0473684210526316	0.333333333333333	0.666666666666667	A,G	0.33,0.67	0
204	Tpa_3737_1	4.95	0.0631578947368421	0.125	0.875	G,A	0.12,0.88	0
205	Tpa_3745_1	76.2768361581921	0.831578947368421	0.0379746835443038	0.962025316455696	G,A	0.04,0.96	0
206	Tpa_3795_1	9.39240506329114	0.189473684210526	0.166666666666667	0.833333333333333	G,A	0.17,0.83	0
207	Tpa_3846_1	37.2690058479532	0.726315789473684	0.141304347826087	0.858695652173913	C,T	0.86,0.14	0.0810810810810811
208	Tpa_3862_1	3.94871794871795	0.0368421052631579	0.142857142857143	0.857142857142857	T,C	0.14,0.86	NA
209	Tpa_3871_1	20.5867768595041	0.415789473684211	0.0822784810126582	0.917721518987342	C,T	0.92,0.08	0
210	Tpa_3879_1	31.7245508982036	0.694736842105263	0.0151515151515152	0.984848484848485	T,A	0.02,0.98	0
211	Tpa_3905_1	6.14634146341463	0.0947368421052632	0	1	A,C	1,0	NA
212	Tpa_3926_1	10.5230769230769	0.152631578947368	0.0517241379310345	0.948275862068966	C,T	0.95,0.05	0
213	Tpa_3937_1	45.079754601227	0.673684210526316	0.1796875	0.8203125	G,A	0.18,0.82	0.025
214	Tpa_3962_1	95.1833333333333	0.91578947368421	0.137931034482759	0.862068965517241	C,G	0.86,0.14	0
215	Tpa_3974_1	15.2056737588652	0.447368421052632	0.247058823529412	0.752941176470588	G,T	0.25,0.75	0.0384615384615385
216	Tpa_4020_1	16.8243243243243	0.226315789473684	0.174418604651163	0.825581395348837	G,A	0.17,0.83	0
217	Tpa_4021_1	16.4393939393939	0.436842105263158	0.0481927710843374	0.951807228915663	C,T	0.95,0.05	0
218	Tpa_4022_1	30.0672268907563	0.405263157894737	0.298701298701299	0.701298701298701	G,A	0.3,0.7	0.125
219	Tpa_4055_1	7.0625	0.131578947368421	0.02	0.98	A,C	0.98,0.02	0
220	Tpa_4077_1	9.28205128205128	0.2	0.0789473684210526	0.921052631578947	A,T	0.92,0.08	0
221	Tpa_4120_1	34.625	0.442105263157895	0.148809523809524	0.851190476190476	C,T	0.85,0.15	0.0476190476190476
222	Tpa_4126_1	16.5047619047619	0.326315789473684	0.0725806451612903	0.92741935483871	G,C	0.93,0.07	0
223	Tpa_4137_1	43.1699346405229	0.521052631578947	0.0202020202020202	0.97979797979798	C,A	0.02,0.98	0
224	Tpa_4148_1	7.30612244897959	0.126315789473684	0.333333333333333	0.666666666666667	A,G	0.33,0.67	0
225	Tpa_4168_1	9.17543859649123	0.163157894736842	0.0161290322580645	0.983870967741935	C,T	0.98,0.02	0
226	Tpa_4176_1	13.7777777777778	0.189473684210526	0	1	C,G	1,0	NA
227	Tpa_4178_1	7.91071428571429	0.189473684210526	0.180555555555556	0.819444444444444	C,T	0.82,0.18	0
228	Tpa_4209_1	11.8785046728972	0.289473684210526	0.0636363636363636	0.936363636363636	G,A	0.06,0.94	0.285714285714286
229	Tpa_4221_1	2.85714285714286	0.0315789473684211	0.416666666666667	0.583333333333333	T,A	0.42,0.58	0
230	Tpa_4230_1	17.2380952380952	0.384210526315789	0.184931506849315	0.815068493150685	C,G	0.82,0.18	0.153846153846154
231	Tpa_4245_1	1.90909090909091	0.0105263157894737	0.5	0.5	G,C	0.5,0.5	0
232	Tpa_4246_1	40.0671641791045	0.468421052631579	0	1	T,C	0,1	NA
233	Tpa_4247_1	7.8099173553719	0.310526315789474	0.0593220338983051	0.940677966101695	T,A	0.94,0.06	0.142857142857143
234	Tpa_4268_1	1472.90526315789	0.984210526315789	0.0481283422459893	0.951871657754011	C,G	0.95,0.05	0.555555555555556
235	Tpa_4291_1	30.2706766917293	0.484210526315789	0.0869565217391304	0.91304347826087	C,T	0.91,0.09	0
236	Tpa_4295_1	14.960396039604	0.242105263157895	0	1	C,A	0,1	NA
237	Tpa_4310_1	22.4897959183673	0.3	0.0263157894736842	0.973684210526316	G,C	0.97,0.03	0
238	Tpa_4316_1	31.3082706766917	0.463157894736842	0.0340909090909091	0.965909090909091	C,T	0.97,0.03	0
239	Tpa_4353_1	21.4255319148936	0.489473684210526	0.0268817204301075	0.973118279569892	G,A	0.03,0.97	0
240	Tpa_4356_1	57.6279069767442	0.768421052631579	0.0753424657534247	0.924657534246575	C,T	0.92,0.08	0.166666666666667
241	Tpa_4380_1	58.6585365853659	0.684210526315789	0.0230769230769231	0.976923076923077	G,T	0.98,0.02	0
242	Tpa_4384_1	260.409574468085	0.963157894736842	0.0601092896174863	0.939890710382514	G,A	0.06,0.94	0.25
243	Tpa_4394_1	129.540880503145	0.684210526315789	0.00384615384615385	0.996153846153846	C,T	1,0	0
244	Tpa_4416_1	37.7426470588235	0.457894736842105	0.0574712643678161	0.942528735632184	G,A	0.06,0.94	0
245	Tpa_4425_1	4.74468085106383	0.0894736842105263	0.117647058823529	0.882352941176471	G,A	0.12,0.88	0
246	Tpa_4443_1	33.6041666666667	0.484210526315789	0.0108695652173913	0.989130434782609	C,T	0.99,0.01	0
247	Tpa_4454_1	24.4722222222222	0.389473684210526	0.155405405405405	0.844594594594595	G,A	0.16,0.84	0.217391304347826
248	Tpa_4467_1	13.7903225806452	0.2	0.0921052631578947	0.907894736842105	G,C	0.09,0.91	0
249	Tpa_4495_1	61.1111111111111	0.857894736842105	0.122699386503067	0.877300613496933	T,C	0.12,0.88	0.0294117647058824
250	Tpa_4506_1	7.08108108108108	0.0631578947368421	0.0833333333333333	0.916666666666667	C,G	0.92,0.08	0
251	Tpa_4511_1	49.5757575757576	0.363157894736842	0.0434782608695652	0.956521739130435	G,A	0.04,0.96	0.333333333333333
252	Tpa_4549_1	4.97058823529412	0.0789473684210526	0.2	0.8	A,G	0.8,0.2	0
253	Tpa_4556_1	11.3040540540541	0.473684210526316	0.0444444444444444	0.955555555555556	A,C	0.96,0.04	0
254	Tpa_4569_1	20.9834710743802	0.389473684210526	0.364864864864865	0.635135135135135	A,C	0.64,0.36	0.0263157894736842
255	Tpa_4582_1	29.952380952381	0.421052631578947	0.05	0.95	A,T	0.95,0.05	0
256	Tpa_4590_1	363.78835978836	0.973684210526316	0.0486486486486487	0.951351351351351	G,T	0.95,0.05	0.642857142857143
257	Tpa_4591_1	38.7987421383648	0.663157894736842	0.0238095238095238	0.976190476190476	C,T	0.98,0.02	0
258	Tpa_4592_1	16.0138888888889	0.257894736842105	0.102040816326531	0.897959183673469	G,C	0.1,0.9	0
259	Tpa_4593_1	19.416	0.363157894736842	0.0507246376811594	0.949275362318841	C,T	0.95,0.05	0
260	Tpa_4595_1	24.2923076923077	0.221052631578947	0	1	G,A	0,1	NA
261	Tpa_4599_1	1289.04761904762	0.989473684210526	0.074468085106383	0.925531914893617	C,T	0.93,0.07	0.178571428571429
262	Tpa_4633_1	26.4328358208955	0.478947368421053	0.0659340659340659	0.934065934065934	A,C	0.07,0.93	0.166666666666667
263	Tpa_4637_1	5.22222222222222	0.110526315789474	0.119047619047619	0.880952380952381	C,A	0.12,0.88	0
264	Tpa_4668_1	6.11267605633803	0.157894736842105	0.183333333333333	0.816666666666667	C,A	0.82,0.18	0
265	Tpa_4678_1	58.7570621468927	0.831578947368421	0.00316455696202532	0.996835443037975	T,A	0,1	0
266	Tpa_4697_1	49.6604938271605	0.668421052631579	0.0275590551181102	0.97244094488189	T,C	0.03,0.97	0
267	Tpa_4713_1	124.707182320442	0.868421052631579	0.0606060606060606	0.939393939393939	G,A	0.06,0.94	0.05
268	Tpa_4731_1	9.92424242424242	0.221052631578947	0.0714285714285714	0.928571428571429	C,A	0.07,0.93	0
269	Tpa_4747_1	6.13253012048193	0.205263157894737	0.0384615384615385	0.961538461538462	C,T	0.96,0.04	0.333333333333333
270	Tpa_4749_1	8.67415730337079	0.226315789473684	0.0581395348837209	0.941860465116279	G,T	0.94,0.06	0
271	Tpa_4804_1	14.05	0.242105263157895	0.304347826086957	0.695652173913043	G,C	0.3,0.7	0
272	Tpa_4849_1	22.9873417721519	0.284210526315789	0.0833333333333333	0.916666666666667	T,C	0.08,0.92	0
273	Tpa_4862_1	44.224358974359	0.684210526315789	0.188461538461538	0.811538461538462	C,G	0.81,0.19	0.111111111111111
274	Tpa_4885_1	4.4	0.0526315789473684	0.3	0.7	T,G	0.7,0.3	0
275	Tpa_4886_1	8.77358490566038	0.136842105263158	0	1	A,T	1,0	NA
276	Tpa_4900_1	38.6666666666667	0.368421052631579	0.0571428571428571	0.942857142857143	C,T	0.94,0.06	0
277	Tpa_4920_1	2	0.0157894736842105	0	1	G,C	0,1	NA
278	Tpa_4928_1	116.646408839779	0.873684210526316	0.159638554216867	0.840361445783133	C,T	0.84,0.16	0.27906976744186
279	Tpa_4936_1	73.6704545454545	0.794736842105263	0.105960264900662	0.894039735099338	C,T	0.89,0.11	0.142857142857143
280	Tpa_4985_1	9.75438596491228	0.152631578947368	0.0862068965517241	0.913793103448276	A,G	0.09,0.91	0
281	Tpa_5002_1	56.8651685393258	0.815789473684211	0.0193548387096774	0.980645161290323	C,T	0.98,0.02	0
282	Tpa_5015_1	4.44827586206897	0.0578947368421053	0	1	A,G	1,0	NA
283	Tpa_5022_1	17.9803921568627	0.568421052631579	0.037037037037037	0.962962962962963	C,T	0.96,0.04	0.125
284	Tpa_5057_1	54.9302325581395	0.515789473684211	0.0408163265306122	0.959183673469388	T,G	0.96,0.04	0.5
285	Tpa_5069_1	18.4961832061069	0.436842105263158	0.0602409638554217	0.939759036144578	C,A	0.06,0.94	0.333333333333333
286	Tpa_5075_1	33.3103448275862	0.373684210526316	0.267605633802817	0.732394366197183	A,G	0.73,0.27	0.0833333333333333
287	Tpa_5104_1	4.42105263157895	0.147368421052632	0.0178571428571429	0.982142857142857	G,A	0.02,0.98	0
288	Tpa_5106_1	48.5176470588235	0.726315789473684	0.358695652173913	0.641304347826087	C,G	0.64,0.36	0.0491803278688525
289	Tpa_5118_1	3.11111111111111	0.0736842105263158	0.178571428571429	0.821428571428571	C,T	0.82,0.18	0
290	Tpa_5138_1	103.706896551724	0.826315789473684	0.0318471337579618	0.968152866242038	C,T	0.97,0.03	0.1
291	Tpa_5144_1	21.5301204819277	0.294736842105263	0.0535714285714286	0.946428571428571	T,G	0.05,0.95	0
292	Tpa_5167_1	28.2972972972973	0.305263157894737	0.163793103448276	0.836206896551724	C,T	0.84,0.16	0
293	Tpa_5196_1	9.1	0.147368421052632	0	1	G,A	0,1	NA
294	Tpa_5205_1	44.0113636363636	0.336842105263158	0	1	G,T	1,0	NA
295	Tpa_5206_1	17.2291666666667	0.321052631578947	0.155737704918033	0.844262295081967	G,A	0.16,0.84	0
296	Tpa_5218_1	49.0555555555556	0.594736842105263	0.482300884955752	0.517699115044248	C,G	0.52,0.48	0.0909090909090909
297	Tpa_5222_1	52.7657142857143	0.821052631578947	0.0448717948717949	0.955128205128205	G,A	0.04,0.96	0
298	Tpa_5228_1	9.61458333333333	0.205263157894737	0.0769230769230769	0.923076923076923	C,T	0.92,0.08	0
299	Tpa_5241_1	30.9701492537313	0.468421052631579	0.0617977528089888	0.938202247191011	C,T	0.94,0.06	0
300	Tpa_5242_1	35.2679738562092	0.58421052631579	0.175675675675676	0.824324324324324	C,T	0.82,0.18	0.121212121212121
301	Tpa_5244_1	58.7151162790698	0.815789473684211	0.0741935483870968	0.925806451612903	A,C	0.93,0.07	0.0434782608695652
302	Tpa_5249_1	76.1987577639752	0.689473684210526	0.17175572519084	0.82824427480916	T,C	0.83,0.17	0.0465116279069767
303	Tpa_5270_1	6.15789473684211	0.068421052631579	0.0769230769230769	0.923076923076923	C,A	0.08,0.92	0
304	Tpa_5278_1	63.112676056338	0.536842105263158	0.142156862745098	0.857843137254902	G,A	0.14,0.86	0.0769230769230769
305	Tpa_5279_1	16.8962264150943	0.284210526315789	0.0462962962962963	0.953703703703704	C,T	0.95,0.05	0
306	Tpa_5292_1	54.2947976878613	0.789473684210526	0.13	0.87	C,T	0.13,0.87	0.0344827586206897
307	Tpa_5298_1	36.6410256410256	0.394736842105263	0.08	0.92	G,A	0.08,0.92	0
308	Tpa_5327_1	44.0240963855422	0.689473684210526	0.0381679389312977	0.961832061068702	C,G	0.96,0.04	0
309	Tpa_5360_1	31.6728395061728	0.647368421052632	0.0894308943089431	0.910569105691057	G,A	0.09,0.91	0.25
310	Tpa_5361_1	26.8424242424242	0.573684210526316	0.160550458715596	0.839449541284404	A,C	0.84,0.16	0.0909090909090909
311	Tpa_5373_1	16.7524752475248	0.310526315789474	0.0423728813559322	0.957627118644068	C,T	0.96,0.04	0
312	Tpa_5379_1	1397.54736842105	0.994736842105263	0.0317460317460317	0.968253968253968	C,G	0.97,0.03	0.416666666666667
313	Tpa_5382_1	239.882352941176	0.947368421052632	0	1	A,G	1,0	NA
314	Tpa_5418_1	35.0727272727273	0.721052631578947	0.0912408759124088	0.908759124087591	C,T	0.91,0.09	0.08
315	Tpa_5441_1	31.7911392405063	0.652631578947368	0.00806451612903226	0.991935483870968	G,A	0.01,0.99	0
316	Tpa_5445_1	21.7407407407407	0.694736842105263	0.454545454545455	0.545454545454545	T,C	0.45,0.55	0.0166666666666667
317	Tpa_5446_1	12.7105263157895	0.321052631578947	0.040983606557377	0.959016393442623	G,T	0.96,0.04	0.4
318	Tpa_5454_1	202.814814814815	0.952631578947368	0.287292817679558	0.712707182320442	A,G	0.29,0.71	0.0810810810810811
319	Tpa_5471_1	33.1931034482759	0.6	0	1	G,T	1,0	NA
320	Tpa_5485_1	7.21311475409836	0.121052631578947	0	1	A,C	1,0	NA
321	Tpa_5501_1	59.8806818181818	0.842105263157895	0.10625	0.89375	G,A	0.11,0.89	0.0666666666666667
322	Tpa_5525_1	28.74	0.557894736842105	0.10377358490566	0.89622641509434	T,A	0.1,0.9	0
323	Tpa_5538_1	7	0.0631578947368421	0.125	0.875	C,T	0.12,0.88	0
324	Tpa_5540_1	72.0348837209302	0.789473684210526	0.266666666666667	0.733333333333333	A,G	0.73,0.27	0.0740740740740741
325	Tpa_5542_1	50.4585987261147	0.615789473684211	0.111111111111111	0.888888888888889	C,T	0.89,0.11	0.0384615384615385
326	Tpa_5563_1	15.28	0.315789473684211	0.00833333333333333	0.991666666666667	G,A	0.01,0.99	0
327	Tpa_5565_1	318.608695652174	0.926315789473684	0.153409090909091	0.846590909090909	G,T	0.85,0.15	0.133333333333333
328	Tpa_5570_1	5.14285714285714	0.0421052631578947	0	1	G,A	0,1	NA
329	Tpa_5574_1	6.42553191489362	0.0842105263157895	0.03125	0.96875	C,T	0.97,0.03	0
330	Tpa_5588_1	8.91269841269841	0.352631578947368	0.0746268656716418	0.925373134328358	C,T	0.93,0.07	0
331	Tpa_5594_1	31.5657894736842	0.631578947368421	0.00416666666666667	0.995833333333333	G,A	1,0	0
332	Tpa_5601_1	65.375	0.694736842105263	0.0757575757575758	0.924242424242424	C,A	0.08,0.92	0.285714285714286
333	Tpa_5609_1	6.78181818181818	0.110526315789474	0.142857142857143	0.857142857142857	A,G	0.86,0.14	0.25
334	Tpa_5623_1	20.922480620155	0.410526315789474	0	1	C,T	1,0	NA
335	Tpa_5636_1	30.1279069767442	0.257894736842105	0.0510204081632653	0.948979591836735	A,G	0.05,0.95	0
336	Tpa_5651_1	34.3677419354839	0.615789473684211	0.128205128205128	0.871794871794872	T,C	0.13,0.87	0.1
337	Tpa_5679_1	14.1052631578947	0.263157894736842	0.04	0.96	G,A	0.04,0.96	0
338	Tpa_5741_1	7.1304347826087	0.205263157894737	0.0256410256410256	0.974358974358974	C,T	0.97,0.03	0
339	Tpa_5747_1	486.367021276596	0.978947368421053	0.158602150537634	0.841397849462366	G,C	0.84,0.16	0.11864406779661
340	Tpa_5761_1	71.0584795321637	0.810526315789474	0.0422077922077922	0.957792207792208	G,A	0.04,0.96	0
341	Tpa_5774_1	70.355421686747	0.747368421052632	0.00704225352112676	0.992957746478873	T,C	0.01,0.99	0
342	Tpa_5786_1	33.8394160583942	0.494736842105263	0.0319148936170213	0.968085106382979	G,C	0.03,0.97	0.25
343	Tpa_5795_1	3.25	0.0105263157894737	0.5	0.5	G,T	0.5,0.5	0
344	Tpa_5796_1	27.0813008130081	0.421052631578947	0.1875	0.8125	A,G	0.81,0.19	0
345	Tpa_5823_1	275.505319148936	0.952631578947368	0.0331491712707182	0.966850828729282	A,G	0.03,0.97	0.166666666666667
346	Tpa_5827_1	49.5402298850575	0.8	0.115131578947368	0.884868421052632	T,G	0.12,0.88	0.0526315789473684
347	Tpa_5829_1	71.7883211678832	0.552631578947368	0.114285714285714	0.885714285714286	C,T	0.89,0.11	0
348	Tpa_5838_1	39.8652482269504	0.515789473684211	0.0153061224489796	0.98469387755102	T,C	0.98,0.02	0
349	Tpa_5854_1	1.5	0	NA	NA	T,G	NaN,NaN	NA
350	Tpa_5856_1	16.8448275862069	0.389473684210526	0.108108108108108	0.891891891891892	C,T	0.11,0.89	0.0714285714285714
351	Tpa_5863_1	31.625	0.731578947368421	0.273381294964029	0.726618705035971	G,A	0.27,0.73	0.0869565217391304
352	Tpa_5868_1	29.8646616541353	0.468421052631579	0.202247191011236	0.797752808988764	C,G	0.8,0.2	0.0357142857142857
353	Tpa_5878_1	24.1269841269841	0.410526315789474	0.198717948717949	0.801282051282051	G,C	0.8,0.2	0.0689655172413793
354	Tpa_5913_1	216.262569832402	0.873684210526316	0.397590361445783	0.602409638554217	G,A	0.6,0.4	0.142857142857143
355	Tpa_5916_1	72.2280701754386	0.810526315789474	0.0974025974025974	0.902597402597403	A,G	0.1,0.9	0
356	Tpa_5917_1	32.4552845528455	0.442105263157895	0.154761904761905	0.845238095238095	T,G	0.15,0.85	0
357	Tpa_5942_1	28.5	0.594736842105263	0.238938053097345	0.761061946902655	G,T	0.76,0.24	0.138888888888889
358	Tpa_5951_1	NA	0	NA	NA	T,A	NaN,NaN	NA
359	Tpa_5961_1	4.71739130434783	0.0947368421052632	0.0555555555555556	0.944444444444444	T,G	0.06,0.94	0
360	Tpa_5978_1	8.85576923076923	0.278947368421053	0.0377358490566038	0.962264150943396	G,A	0.04,0.96	0
361	Tpa_5980_1	12.1975308641975	0.236842105263158	0.144444444444444	0.855555555555556	T,C	0.86,0.14	0
362	Tpa_6003_1	171.411392405063	0.7	0.0338345864661654	0.966165413533835	T,C	0.03,0.97	0.111111111111111
363	Tpa_6016_1	7.31428571428571	0.178947368421053	0.191176470588235	0.808823529411765	C,T	0.81,0.19	0
364	Tpa_6076_1	26.5866666666667	0.257894736842105	0.193877551020408	0.806122448979592	A,G	0.19,0.81	0
365	Tpa_6083_1	43.646017699115	0.415789473684211	0.0822784810126582	0.917721518987342	A,G	0.92,0.08	0.153846153846154
366	Tpa_6137_1	11.5555555555556	0.210526315789474	0.2125	0.7875	A,G	0.21,0.79	0.0588235294117647
367	Tpa_6139_1	52.2674418604651	0.757894736842105	0.0729166666666667	0.927083333333333	C,G	0.93,0.07	0
368	Tpa_6150_1	5.43333333333333	0.147368421052632	0.125	0.875	A,G	0.88,0.12	0
369	Tpa_6158_1	22.8661971830986	0.5	0.0842105263157895	0.91578947368421	C,T	0.92,0.08	0
370	Tpa_6169_1	28.2183098591549	0.452631578947368	0.0406976744186047	0.959302325581395	A,G	0.04,0.96	0
371	Tpa_6172_1	22.8333333333333	0.473684210526316	0.0166666666666667	0.983333333333333	G,A	0.02,0.98	0
372	Tpa_6204_1	2.45454545454545	0.0157894736842105	0	1	T,C	0,1	NA
373	Tpa_6220_1	NA	0	NA	NA	A,G	NaN,NaN	NA
374	Tpa_6222_1	21.054347826087	0.289473684210526	0.209090909090909	0.790909090909091	G,A	0.21,0.79	0.0526315789473684
375	Tpa_6224_1	93.3244680851064	0.936842105263158	0.0140449438202247	0.985955056179775	G,A	0.01,0.99	0.2
376	Tpa_6265_1	3.29411764705882	0.0789473684210526	0.2	0.8	A,C	0.8,0.2	0
377	Tpa_6270_1	13.0344827586207	0.257894736842105	0.153061224489796	0.846938775510204	C,T	0.85,0.15	0
378	Tpa_6285_1	3.88571428571429	0.0631578947368421	0.125	0.875	A,C	0.88,0.12	0
379	Tpa_6321_1	NA	0	NA	NA	G,A	NaN,NaN	NA
380	Tpa_6352_1	1.75	0.0105263157894737	0	1	G,C	0,1	NA
381	Tpa_6355_1	43.7664670658683	0.726315789473684	0.152173913043478	0.847826086956522	T,G	0.15,0.85	0
382	Tpa_6384_1	3.68181818181818	0.0421052631578947	0	1	G,A	0,1	NA
383	Tpa_6385_1	13.7901234567901	0.226315789473684	0.0116279069767442	0.988372093023256	C,T	0.99,0.01	0
384	Tpa_6388_1	6.64444444444444	0.105263157894737	0.05	0.95	C,A	0.05,0.95	0
385	Tpa_6391_1	27.7863247863248	0.347368421052632	0.0984848484848485	0.901515151515151	C,T	0.9,0.1	0.0769230769230769
386	Tpa_6411_1	3.3125	0.0157894736842105	0	1	T,C	0,1	NA
387	Tpa_6422_1	13.4830508474576	0.336842105263158	0	1	C,T	1,0	NA
388	Tpa_6442_1	174.517045454545	0.836842105263158	0.0377358490566038	0.962264150943396	T,C	0.04,0.96	0.25
389	Tpa_6445_1	2.88888888888889	0.0105263157894737	0	1	G,A	0,1	NA
390	Tpa_6449_1	4.75757575757576	0.0631578947368421	0	1	T,C	0,1	NA
391	Tpa_6451_1	5.60294117647059	0.115789473684211	0.0454545454545455	0.954545454545455	C,A	0.05,0.95	0
392	Tpa_6453_1	24.9021739130435	0.310526315789474	0.110169491525424	0.889830508474576	C,T	0.89,0.11	0.142857142857143
393	Tpa_6487_1	29.5449101796407	0.694736842105263	0.0303030303030303	0.96969696969697	A,C	0.97,0.03	0
394	Tpa_6493_1	18.9917355371901	0.405263157894737	0.051948051948052	0.948051948051948	T,C	0.95,0.05	0.125
395	Tpa_6511_1	27.7596153846154	0.315789473684211	0.0666666666666667	0.933333333333333	G,A	0.07,0.93	0
396	Tpa_6528_1	9.21428571428571	0.168421052631579	0.03125	0.96875	T,A	0.03,0.97	0
397	Tpa_6543_1	4.44117647058824	0.0578947368421053	0.227272727272727	0.772727272727273	C,T	0.77,0.23	0
398	Tpa_6562_1	25.5714285714286	0.357894736842105	0	1	C,T	1,0	NA
399	Tpa_6565_1	44.3136094674556	0.752631578947368	0.027972027972028	0.972027972027972	G,A	0.03,0.97	0
400	Tpa_6586_1	13.9090909090909	0.336842105263158	0.0078125	0.9921875	G,A	0.01,0.99	0
401	Tpa_6591_1	35.1411764705882	0.705263157894737	0.126865671641791	0.873134328358209	G,C	0.13,0.87	0.0357142857142857
402	Tpa_6604_1	1.88888888888889	0.0105263157894737	0	1	C,A	0,1	NA
403	Tpa_6611_1	NA	0	NA	NA	C,T	NaN,NaN	NA
404	Tpa_6630_1	34.3809523809524	0.557894736842105	0.254716981132075	0.745283018867924	C,T	0.75,0.25	0.0952380952380952
405	Tpa_6654_1	3.93150684931507	0.105263157894737	0.15	0.85	G,T	0.85,0.15	0
406	Tpa_6683_1	2.63636363636364	0.0263157894736842	0	1	C,A	1,0	NA
407	Tpa_6687_1	10.1408450704225	0.210526315789474	0.225	0.775	C,T	0.78,0.22	0
408	Tpa_6689_1	48.5241935483871	0.463157894736842	0.0965909090909091	0.903409090909091	C,T	0.9,0.1	0.153846153846154
409	Tpa_6713_1	48.511811023622	0.442105263157895	0.130952380952381	0.869047619047619	C,T	0.87,0.13	0
410	Tpa_6733_1	35.3815789473684	0.568421052631579	0.0601851851851852	0.939814814814815	G,T	0.94,0.06	0
411	Tpa_6768_1	155.038043478261	0.921052631578947	0.04	0.96	T,C	0.04,0.96	0.571428571428571
412	Tpa_6773_1	138.335164835165	0.910526315789474	0.0202312138728324	0.979768786127168	G,A	0.02,0.98	0.714285714285714
413	Tpa_6774_1	53.4767441860465	0.394736842105263	0	1	T,C	1,0	NA
414	Tpa_6786_1	96.7916666666667	0.615789473684211	0.0213675213675214	0.978632478632479	C,T	0.98,0.02	0
415	Tpa_6814_1	32.5633802816901	0.536842105263158	0.102941176470588	0.897058823529412	G,A	0.1,0.9	0
416	Tpa_6816_1	48.4943820224719	0.789473684210526	0.37	0.63	T,G	0.37,0.63	0.0632911392405063
417	Tpa_6853_1	13.4893617021277	0.284210526315789	0.037037037037037	0.962962962962963	A,G	0.96,0.04	0
418	Tpa_6887_1	20.8780487804878	0.394736842105263	0.0333333333333333	0.966666666666667	C,T	0.97,0.03	0
419	Tpa_6922_1	78.4662921348315	0.836842105263158	0.059748427672956	0.940251572327044	T,G	0.94,0.06	0.0588235294117647
420	Tpa_6937_1	114.232044198895	0.9	0.0116959064327485	0.988304093567251	A,G	0.99,0.01	0
421	Tpa_6963_1	133.563218390805	0.847368421052632	0.0372670807453416	0.962732919254658	C,T	0.96,0.04	0.25
422	Tpa_6973_1	60.0516129032258	0.647368421052632	0.113821138211382	0.886178861788618	C,T	0.89,0.11	0.125
423	Tpa_7007_1	2.38235294117647	0.0631578947368421	0.416666666666667	0.583333333333333	A,G	0.42,0.58	0
424	Tpa_7010_1	146.837837837838	0.905263157894737	0.0813953488372093	0.918604651162791	T,C	0.08,0.92	0.125
425	Tpa_7018_1	35.054347826087	0.357894736842105	0.198529411764706	0.801470588235294	G,C	0.8,0.2	0
426	Tpa_7052_1	392.61170212766	0.984210526315789	0.0481283422459893	0.951871657754011	A,T	0.95,0.05	0.214285714285714
427	Tpa_7058_1	30.8671875	0.4	0.0263157894736842	0.973684210526316	C,T	0.97,0.03	0
428	Tpa_7062_1	27.7042253521127	0.489473684210526	0.182795698924731	0.817204301075269	C,T	0.82,0.18	0
429	Tpa_7080_1	148.75	0.863157894736842	0	1	G,C	0,1	NA
430	Tpa_7082_1	17.9767441860465	0.263157894736842	0.09	0.91	G,A	0.09,0.91	0
431	Tpa_7090_1	26.8266666666667	0.58421052631579	0.0630630630630631	0.936936936936937	T,C	0.06,0.94	0
432	Tpa_7106_1	14.0089285714286	0.315789473684211	0.108333333333333	0.891666666666667	G,A	0.11,0.89	0.153846153846154
433	Tpa_7153_1	5.01851851851852	0.0842105263157895	0.0625	0.9375	G,A	0.94,0.06	0
434	Tpa_7157_1	84.4189944134078	0.836842105263158	0.283018867924528	0.716981132075472	T,G	0.72,0.28	0
435	Tpa_7201_1	179.743169398907	0.91578947368421	0.0804597701149425	0.919540229885057	G,A	0.08,0.92	0.107142857142857
436	Tpa_7204_1	73.3583815028902	0.805263157894737	0.042483660130719	0.957516339869281	G,A	0.04,0.96	0.153846153846154
437	Tpa_7210_1	85.8851351351351	0.6	0.0657894736842105	0.934210526315789	T,A	0.07,0.93	0
438	Tpa_7213_1	814.798850574713	0.889473684210526	0	1	T,G	0,1	NA
439	Tpa_7221_1	25.5075757575758	0.415789473684211	0.183544303797468	0.816455696202532	G,A	0.18,0.82	0
440	Tpa_7240_1	35.8571428571429	0.747368421052632	0.0704225352112676	0.929577464788732	T,C	0.07,0.93	0.0833333333333333
441	Tpa_7289_1	49.3391812865497	0.789473684210526	0	1	C,T	1,0	NA
442	Tpa_7291_1	8.18461538461538	0.142105263157895	0.462962962962963	0.537037037037037	A,G	0.54,0.46	0.0588235294117647
443	Tpa_7293_1	6.74074074074074	0.152631578947368	0.0862068965517241	0.913793103448276	A,C	0.91,0.09	0
444	Tpa_7331_1	1.88888888888889	0.0105263157894737	0	1	G,T	1,0	NA
445	Tpa_7348_1	15.8484848484848	0.410526315789474	0	1	A,T	1,0	NA
446	Tpa_7352_1	2.5	0.00526315789473684	0	1	G,A	0,1	NA
447	Tpa_7367_1	53.6467065868263	0.768421052631579	0.0821917808219178	0.917808219178082	G,A	0.08,0.92	0.05
448	Tpa_7375_1	98.876404494382	0.863157894736842	0.246951219512195	0.753048780487805	C,T	0.75,0.25	0
449	Tpa_7391_1	752.377659574468	0.978947368421053	0.0645161290322581	0.935483870967742	G,A	0.06,0.94	0.416666666666667
450	Tpa_7406_1	1	0	NA	NA	G,A	NaN,NaN	NA
451	Tpa_7413_1	7.34	0.105263157894737	0.025	0.975	T,C	0.03,0.98	0
452	Tpa_7417_1	96.3853211009174	0.426315789473684	0.0493827160493827	0.950617283950617	G,A	0.05,0.95	0
453	Tpa_7425_1	36.0506329113924	0.705263157894737	0.0223880597014925	0.977611940298508	G,A	0.02,0.98	0
454	Tpa_7447_1	4.4	0.0368421052631579	0	1	G,A	0,1	NA
455	Tpa_7450_1	3.4	0.0105263157894737	0	1	A,C	0,1	NA
456	Tpa_7452_1	17.9230769230769	0.389473684210526	0.135135135135135	0.864864864864865	C,G	0.86,0.14	0
457	Tpa_7454_1	81.7207792207792	0.673684210526316	0.05859375	0.94140625	T,G	0.94,0.06	0
458	Tpa_7461_1	29.6363636363636	0.3	0	1	T,C	0,1	NA
459	Tpa_7477_1	39.536231884058	0.536842105263158	0.21078431372549	0.78921568627451	C,T	0.79,0.21	0.111111111111111
460	Tpa_7479_1	113.701754385965	0.773684210526316	0.0136054421768707	0.986394557823129	G,A	0.01,0.99	0
461	Tpa_7483_1	225.167567567568	0.905263157894737	0.061046511627907	0.938953488372093	G,A	0.06,0.94	0.19047619047619
462	Tpa_7495_1	13.1016949152542	0.305263157894737	0.0344827586206897	0.96551724137931	C,A	0.03,0.97	0
463	Tpa_7496_1	3.34146341463415	0.0315789473684211	0.0833333333333333	0.916666666666667	C,T	0.92,0.08	0
464	Tpa_7533_1	62.9147727272727	0.815789473684211	0.158064516129032	0.841935483870968	A,G	0.84,0.16	0.0697674418604651
465	Tpa_7540_1	102.175757575758	0.747368421052632	0.0176056338028169	0.982394366197183	G,T	0.98,0.02	0
466	Tpa_7553_1	87.1828571428571	0.847368421052632	0.0714285714285714	0.928571428571429	T,C	0.93,0.07	0.0869565217391304
467	Tpa_7560_1	32.6503067484663	0.673684210526316	0.078125	0.921875	T,C	0.08,0.92	0.1
468	Tpa_7566_1	685.326203208556	0.978947368421053	0.150537634408602	0.849462365591398	C,T	0.85,0.15	0.15
469	Tpa_7567_1	12.7014925373134	0.468421052631579	0.308988764044944	0.691011235955056	A,G	0.69,0.31	0.0909090909090909
470	Tpa_7571_1	54.4850299401198	0.721052631578947	0.0839416058394161	0.916058394160584	G,A	0.08,0.92	0.0526315789473684
471	Tpa_7586_1	568.037234042553	0.978947368421053	0.276881720430108	0.723118279569892	A,C	0.28,0.72	0.168674698795181
472	Tpa_7594_1	26.6470588235294	0.273684210526316	0.153846153846154	0.846153846153846	T,G	0.85,0.15	0.0833333333333333
473	Tpa_7597_1	353.968421052632	0.978947368421053	0.010752688172043	0.989247311827957	T,G	0.01,0.99	0.25
474	Tpa_7601_1	NA	0	NA	NA	C,A	NaN,NaN	NA
475	Tpa_7604_1	25.7348484848485	0.531578947368421	0	1	C,T	1,0	NA
476	Tpa_7605_1	100.733333333333	0.452631578947368	0.122093023255814	0.877906976744186	A,G	0.88,0.12	0
477	Tpa_7615_1	89.0670391061452	0.852631578947368	0.00308641975308642	0.996913580246914	C,G	1,0	0
478	Tpa_7652_1	8.48387096774194	0.136842105263158	0.0384615384615385	0.961538461538462	G,A	0.04,0.96	0
479	Tpa_7653_1	11.2596153846154	0.257894736842105	0.306122448979592	0.693877551020408	C,T	0.31,0.69	0
480	Tpa_7657_1	66.344262295082	0.426315789473684	0.0308641975308642	0.969135802469136	G,A	0.03,0.97	0
481	Tpa_7665_1	1.69230769230769	0.00526315789473684	0	1	A,T	1,0	NA
482	Tpa_7686_1	1066.53439153439	0.989473684210526	0.281914893617021	0.718085106382979	A,C	0.28,0.72	0.6625
483	Tpa_7690_1	809.089947089947	0.978947368421053	0.112903225806452	0.887096774193548	T,G	0.89,0.11	0.647058823529412
484	Tpa_7691_1	7.8433734939759	0.215789473684211	0.158536585365854	0.841463414634146	T,G	0.16,0.84	0
485	Tpa_7703_1	22.3255813953488	0.257894736842105	0.0510204081632653	0.948979591836735	G,T	0.95,0.05	0.4
486	Tpa_7755_1	31.8344370860927	0.594736842105263	0.0176991150442478	0.982300884955752	C,T	0.98,0.02	0.25
487	Tpa_7757_1	3.2	0.0157894736842105	0	1	A,T	0,1	NA
488	Tpa_7764_1	179.852459016393	0.9	0.128654970760234	0.871345029239766	C,A	0.13,0.87	0.34375
489	Tpa_7765_1	10.3736263736264	0.236842105263158	0.0888888888888889	0.911111111111111	A,T	0.09,0.91	0
490	Tpa_7769_1	131.758426966292	0.878947368421053	0.317365269461078	0.682634730538922	C,T	0.32,0.68	0.1
491	Tpa_7772_1	1	0	NA	NA	A,G	NaN,NaN	NA
492	Tpa_7798_1	53.3609022556391	0.489473684210526	0.21505376344086	0.78494623655914	C,T	0.78,0.22	0.0909090909090909
493	Tpa_7799_1	8.85849056603774	0.215789473684211	0.0609756097560976	0.939024390243902	A,G	0.94,0.06	0
494	Tpa_7805_1	24.7254901960784	0.357894736842105	0.102941176470588	0.897058823529412	G,A	0.1,0.9	0.0833333333333333
495	Tpa_7807_1	27.1157024793388	0.4	0.0263157894736842	0.973684210526316	C,T	0.97,0.03	0
496	Tpa_7814_1	101.076923076923	0.873684210526316	0.114457831325301	0.885542168674699	C,T	0.89,0.11	0.15625
497	Tpa_7825_1	227.313829787234	0.947368421052632	0.0388888888888889	0.961111111111111	G,A	0.04,0.96	0.6
498	Tpa_7848_1	21.341935483871	0.626315789473684	0.00420168067226891	0.995798319327731	T,C	1,0	0
499	Tpa_7871_1	10.5068493150685	0.173684210526316	0.0303030303030303	0.96969696969697	C,T	0.97,0.03	0
500	Tpa_7910_1	21.7622950819672	0.4	0.171052631578947	0.828947368421053	C,T	0.83,0.17	0
