	90763_231B_S33_L001_R1_001	90763_232B_S34_L001_R1_001	90763_236B_S35_L001_R1_001	90763_237B_S36_L001_R1_001	90763_238B_S37_L001_R1_001	90768_005B_S38_L001_R1_001	90768_009B_S39_L001_R1_001	90768_014B_S40_L001_R1_001	90768_015B_S41_L001_R1_001	90768_018B_S42_L001_R1_001	90768_027B_S43_L001_R1_001	90768_029B_S44_L001_R1_001	90768_034B_S45_L001_R1_001	90768_040B_S46_L001_R1_001	90768_042B_S47_L001_R1_001	90768_044B_S48_L001_R1_001	90768_054B_S49_L001_R1_001	90768_055B_S50_L001_R1_001	90768_056B_S51_L001_R1_001	90768_057B_S52_L001_R1_001	90768_061B_S53_L001_R1_001	90768_064B_S54_L001_R1_001	90768_067B_S55_L001_R1_001	90768_075B_S56_L001_R1_001	90768_076B_S57_L001_R1_001	90768_077B_S58_L001_R1_001	90768_078B_S59_L001_R1_001	90768_083B_S60_L001_R1_001	90768_084B_S61_L001_R1_001	90768_088B_S62_L001_R1_001	90768_090B_S63_L001_R1_001	90768_104B_S64_L001_R1_001
Tpa_0010_1	3,0	1,3	126,0	5,0	13,0	1,0	0,0	0,0	1,0	0,0	1,1	4,0	0,0	5,0	3,0	7,0	0,0	4,0	1,0	0,3	1,0	0,0	4,0	0,0	0,0	4,0	2,0	0,0	0,0	0,0	0,0	0,0
Tpa_0012_1	0,5	0,0	0,284	0,0	0,1	0,0	0,0	0,0	0,0	0,0	0,0	0,0	0,0	0,3	0,0	0,1	0,0	0,0	0,1	0,0	0,0	0,1	0,0	0,0	0,0	0,0	0,0	0,0	0,0	0,0	0,0	0,0
Tpa_0024_1	0,0	0,0	0,0	0,0	0,0	0,0	0,0	0,0	0,0	0,0	0,0	0,0	0,0	0,0	0,0	0,0	0,0	0,0	0,0	0,0	0,0	0,0	0,0	0,0	0,0	0,0	0,0	0,0	0,0	0,0	0,0	0,0
Tpa_0035_1	0,8	0,6	242,93	0,0	0,4	0,3	0,0	0,0	0,2	0,0	0,1	0,0	0,0	0,1	0,3	0,4	0,0	0,2	0,0	0,0	0,0	0,0	0,0	0,0	0,0	0,0	0,0	0,0	0,2	0,0	0,0	0,0
Tpa_0037_1	0,0	1,0	7,6	0,0	4,14	0,0	0,0	0,1	0,1	0,0	0,0	0,0	0,0	0,0	0,0	0,0	0,0	0,1	1,0	0,0	0,0	0,0	0,0	0,0	1,0	0,0	2,0	0,0	0,0	0,0	0,0	0,0
Tpa_0095_1	0,2	0,2	0,91	0,0	0,0	0,2	0,0	0,0	0,0	0,0	0,0	0,1	0,0	0,1	0,1	0,1	0,0	0,0	0,0	0,0	0,0	0,0	0,0	0,0	0,0	0,0	0,0	0,0	0,0	0,0	0,0	0,0
Tpa_0151_1	0,63	0,7	0,582	0,1	0,5	0,29	0,0	0,0	0,0	0,1	0,1	0,5	0,0	0,4	0,0	0,27	0,0	0,1	0,0	0,1	0,0	0,1	0,0	0,0	0,0	0,0	0,3	0,0	0,0	0,0	0,0	0,0
Tpa_0183_1	6,1	0,0	250,0	0,0	0,0	1,2	0,0	0,0	0,0	1,0	1,0	1,0	0,0	0,0	1,0	1,0	0,0	0,0	0,0	0,0	0,0	0,0	0,0	0,0	0,0	0,0	1,0	0,0	0,0	0,0	0,0	0,0
Tpa_0186_1	0,1	0,3	0,202	0,0	0,1	1,0	0,0	0,1	0,1	0,0	0,1	0,1	0,0	0,0	0,0	0,1	0,0	0,0	0,0	0,0	0,0	0,0	0,0	0,0	0,0	0,0	0,1	0,0	0,1	0,0	0,0	0,0
Tpa_0215_1	0,0	0,0	0,0	0,0	0,0	0,0	0,0	0,0	0,0	0,0	0,0	0,0	0,0	0,0	0,0	0,0	0,0	0,0	0,0	0,0	0,0	0,0	0,0	0,0	0,0	0,0	0,0	0,0	0,0	0,0	0,0	0,0
Tpa_0226_1	0,4	0,4	103,0	0,6	0,28	0,1	0,0	0,4	0,7	0,0	0,5	0,1	0,0	0,5	0,6	0,2	0,0	0,2	0,0	0,2	0,0	0,0	0,1	0,0	0,2	0,1	0,6	0,1	0,1	0,1	0,0	0,0
Tpa_0228_1	0,1	0,2	0,11	0,5	0,49	0,0	0,0	0,0	0,1	0,1	1,0	0,0	0,0	0,1	0,2	0,0	0,0	0,3	0,0	0,3	0,0	0,0	0,0	0,0	0,1	0,1	0,3	0,0	0,1	0,0	0,1	0,0
Tpa_0263_1	25,0	10,0	281,352	1,0	0,13	4,5	0,0	0,2	3,0	0,2	0,1	1,0	0,0	2,2	0,7	0,21	0,0	0,8	0,0	0,1	0,0	0,0	0,0	0,0	2,0	0,2	0,10	0,1	0,1	0,0	0,0	0,0
Tpa_0269_1	0,1	2,1	0,97	0,0	0,1	0,1	0,0	0,0	0,0	0,0	0,0	0,0	0,0	0,0	1,0	2,0	0,0	0,0	0,0	0,0	0,0	0,0	0,0	0,0	0,0	0,0	0,0	0,0	0,0	0,0	0,0	0,0
Tpa_0272_1	0,0	0,0	0,0	0,0	1,1	0,0	0,0	0,0	0,0	0,0	0,0	0,0	0,0	0,0	0,0	0,0	0,0	0,0	0,0	0,0	0,0	0,0	0,0	0,0	0,0	0,0	0,0	0,0	0,0	0,0	0,0	0,0
Tpa_0301_1	18,0	5,0	426,0	0,0	1,0	10,0	0,0	0,0	0,0	0,0	1,0	0,0	0,0	5,0	0,0	4,0	0,0	0,0	0,0	0,0	0,0	0,0	1,0	0,0	0,0	0,0	2,0	0,0	0,0	0,0	0,0	0,0
Tpa_0342_1	8,7	0,0	160,157	0,0	1,0	3,0	0,0	0,0	0,0	0,0	0,0	0,1	0,0	5,0	0,1	4,0	0,0	1,0	0,0	0,0	0,0	0,0	0,0	0,0	0,0	0,0	0,0	0,0	1,0	0,0	0,0	0,0
Tpa_0346_1	45,0	4,0	426,0	0,0	24,0	21,0	0,0	0,0	6,0	1,0	4,0	17,0	0,0	5,0	12,0	14,0	0,0	2,0	0,0	3,0	0,0	0,0	0,0	0,0	0,0	0,0	5,1	0,0	1,0	0,0	0,0	0,0
Tpa_0358_1	5,0	5,0	490,0	1,0	5,0	4,0	0,0	0,0	0,0	0,0	1,0	1,0	0,0	8,0	0,0	3,0	0,0	3,0	0,0	0,0	0,0	0,0	0,0	0,0	0,0	0,0	1,0	0,0	0,0	0,0	0,0	0,0
Tpa_0366_1	0,0	0,0	40,0	0,0	0,0	0,0	0,0	0,0	0,0	0,0	0,0	0,0	0,0	0,0	0,0	0,0	0,0	0,0	0,0	0,0	0,0	0,0	0,0	0,0	0,0	0,0	0,0	0,0	0,0	0,0	0,0	0,0
Tpa_0367_1	10,0	2,0	549,0	0,0	5,0	2,0	0,0	0,0	1,0	2,0	1,0	3,0	0,0	1,0	2,0	2,0	0,0	0,0	0,0	0,0	0,0	1,0	0,0	0,0	0,0	0,0	4,0	0,0	0,0	1,0	0,0	0,0
Tpa_0371_1	2,0	0,0	24,0	0,0	0,0	0,0	0,0	0,0	1,0	0,0	0,0	0,0	0,0	0,0	0,0	0,0	0,0	0,0	0,0	0,0	0,0	0,0	0,0	0,0	0,0	0,0	0,0	0,0	0,0	0,0	0,0	0,0
Tpa_0395_1	0,0	0,0	0,11	0,0	0,0	0,0	0,0	0,0	0,0	0,0	0,0	0,0	0,0	0,0	0,0	0,0	0,0	0,0	0,0	0,0	0,0	0,0	0,0	0,0	0,0	0,0	0,0	0,0	0,0	0,0	0,0	0,0
Tpa_0409_1	0,0	0,0	12,0	0,0	0,0	1,0	0,0	0,0	0,0	0,0	0,0	0,0	0,0	0,0	0,0	0,0	0,0	0,0	0,0	0,0	0,0	0,0	0,0	0,0	0,0	0,0	0,0	0,0	0,0	0,0	0,0	0,0
Tpa_0427_1	0,52	19,0	238,365	1,1	35,0	0,17	0,0	0,0	6,1	6,0	2,0	20,0	0,0	19,0	6,1	28,4	0,0	0,5	0,0	0,1	2,0	0,0	4,1	0,0	1,0	3,0	1,8	2,0	4,0	0,0	0,0	0,0
Tpa_0429_1	0,0	0,0	0,38	0,0	0,1	0,0	0,0	0,0	0,0	0,0	0,0	0,1	0,0	0,1	0,1	0,1	0,0	0,0	0,0	0,0	0,0	0,0	0,0	0,0	0,0	0,0	0,0	0,0	0,0	0,0	0,0	0,0
Tpa_0438_1	0,2	0,1	0,72	0,0	0,2	0,1	0,0	0,0	0,1	0,0	0,1	0,0	0,0	0,1	0,0	0,3	0,0	0,2	0,0	0,0	0,0	0,1	0,0	0,0	0,0	0,0	0,2	0,0	0,0	0,0	0,0	0,0
Tpa_0439_1	1,0	0,0	20,0	0,0	0,0	0,0	0,0	0,0	0,0	0,0	0,0	0,0	0,0	1,0	0,0	0,0	0,0	0,0	0,0	0,0	0,0	0,0	0,0	0,0	0,0	0,0	1,0	0,0	0,0	0,0	0,0	0,0
Tpa_0474_1	0,0	2,0	7,0	1,0	2,0	0,0	0,0	0,0	0,0	0,0	1,0	0,0	0,0	0,0	0,0	0,0	0,0	0,0	0,0	0,0	0,0	0,0	0,0	0,0	0,0	0,0	2,0	0,0	0,0	0,0	0,0	0,0
Tpa_0492_1	0,0	0,0	17,0	0,0	0,0	0,0	0,0	0,0	0,0	0,0	0,0	0,0	0,0	0,0	1,0	0,0	0,0	0,0	0,0	0,0	0,0	0,0	0,0	0,0	0,0	0,0	0,0	0,0	0,0	0,0	0,0	0,0
Tpa_0500_1	0,0	0,0	59,0	0,0	0,2	0,0	0,0	0,0	0,0	0,0	0,1	0,0	0,0	0,0	0,0	0,0	0,0	0,0	0,0	0,0	0,0	0,0	0,0	0,0	0,0	0,0	0,0	0,0	0,0	0,0	0,0	0,0
Tpa_0540_1	0,30	9,6	0,694	3,2	43,27	3,4	1,1	1,0	0,3	0,2	0,5	0,0	0,1	0,9	0,5	0,14	0,0	0,5	0,0	0,0	0,1	0,0	0,1	0,0	0,1	0,1	14,5	0,1	3,0	0,0	0,1	0,0
Tpa_0547_1	0,0	0,0	0,9	0,0	0,0	0,0	0,0	0,0	0,0	0,0	0,0	0,0	0,0	0,0	0,0	0,0	0,0	0,0	0,0	1,0	0,0	0,0	0,0	0,0	0,0	0,0	0,0	0,0	0,0	0,0	0,0	0,0
Tpa_0556_1	27,0	8,0	1128,0	5,0	38,0	14,0	0,0	0,0	2,0	1,0	3,0	2,0	0,0	7,0	6,0	31,0	0,0	8,0	0,0	3,0	0,0	3,0	4,0	0,0	2,0	3,0	9,0	0,0	2,0	0,0	0,0	0,0
Tpa_0569_1	0,0	0,0	0,20	0,0	0,0	0,0	0,0	0,0	0,0	0,0	0,0	0,0	0,0	0,0	0,0	0,0	0,0	0,0	0,0	0,0	0,0	0,0	0,0	0,0	0,0	0,0	0,0	0,0	0,0	0,0	0,0	0,0
Tpa_0592_1	7,0	1,0	79,75	0,0	0,0	0,0	0,0	0,0	0,0	1,0	0,0	2,0	0,0	1,0	0,0	4,0	0,0	1,0	0,0	0,0	0,0	0,0	0,0	0,0	0,0	0,0	0,0	0,0	0,0	0,0	0,0	0,0
Tpa_0650_1	0,14	0,1	0,15	0,0	0,1	0,0	0,1	0,0	0,0	0,1	0,0	0,2	0,0	0,3	0,3	0,1	0,0	0,3	0,0	0,0	0,0	0,0	0,0	0,0	0,0	0,3	0,2	0,0	0,0	0,0	0,0	0,0
Tpa_0671_1	1,0	0,0	47,0	0,0	0,0	0,0	0,0	0,0	0,0	0,0	0,0	0,0	0,0	0,0	0,0	0,0	0,0	0,0	0,0	0,0	0,0	0,0	0,0	0,0	0,0	0,0	0,0	0,0	0,0	0,0	0,0	0,0
Tpa_0678_1	0,0	0,0	0,9	0,0	0,2	0,1	0,0	0,0	0,0	0,0	0,0	0,0	0,0	0,1	0,0	0,2	0,0	0,0	0,0	0,0	0,4	0,0	0,0	0,0	0,0	0,0	0,1	0,0	0,0	0,0	0,0	0,0
Tpa_0730_1	19,7	0,5	0,674	0,3	4,7	0,11	0,0	0,1	0,2	1,0	0,2	0,1	0,1	0,6	0,4	0,21	0,0	0,2	0,0	0,2	0,1	0,0	0,1	0,0	0,1	0,2	0,5	0,0	0,1	0,0	0,0	0,1
Tpa_0743_1	0,59	0,6	0,661	0,3	0,24	0,16	0,1	0,0	0,2	0,0	0,1	0,13	0,0	0,6	0,8	0,15	0,0	0,6	0,0	0,2	0,0	0,2	0,0	0,0	0,0	0,1	0,3	0,0	0,0	0,0	0,0	0,0
Tpa_0763_1	0,0	0,0	1,0	0,0	0,0	0,0	0,0	0,0	0,0	0,0	0,0	0,0	0,0	0,0	0,0	0,0	0,0	0,0	0,0	0,0	0,0	0,0	0,0	0,0	0,0	0,0	0,0	0,0	0,0	0,0	0,0	0,0
Tpa_0768_1	1,16	0,14	0,551	0,23	0,128	0,9	0,3	0,3	0,9	0,4	0,16	0,0	0,1	0,9	0,6	0,18	0,0	0,4	0,0	0,4	0,1	0,3	0,1	0,0	0,7	0,3	0,19	0,0	0,10	0,0	0,0	0,0
Tpa_0826_1	1,2	0,2	0,253	0,0	0,9	0,0	0,0	0,0	0,0	0,0	0,1	0,0	0,0	0,1	0,0	0,1	0,0	0,0	0,0	0,0	0,0	0,0	0,1	0,0	0,1	0,0	0,3	0,0	0,0	0,0	0,0	0,0
Tpa_0866_1	28,0	4,4	416,0	0,0	1,0	6,0	0,0	0,0	0,0	1,0	0,0	2,6	0,0	8,0	0,0	4,0	0,0	0,0	1,0	0,0	0,0	0,0	0,0	0,0	0,1	0,0	0,0	0,0	1,0	0,0	0,0	0,0
Tpa_0868_1	0,0	0,0	12,0	0,0	2,0	0,0	0,0	1,0	0,0	0,0	0,0	0,0	0,0	0,0	0,0	0,0	0,1	0,0	0,0	0,0	0,0	0,0	0,0	0,0	0,0	0,0	0,0	0,0	0,0	0,0	0,0	0,0
Tpa_0882_1	0,0	0,0	2,2	2,0	3,1	0,0	0,0	0,0	0,0	0,0	0,1	0,0	0,0	0,0	1,0	1,0	0,0	0,0	0,0	0,0	0,0	0,0	0,0	0,0	1,0	0,0	2,0	0,0	1,0	0,0	0,0	0,0
Tpa_0888_1	0,0	0,0	0,27	0,0	0,1	0,0	0,0	0,0	0,0	0,0	0,0	0,0	0,0	0,0	0,0	0,0	0,0	0,0	0,0	0,0	0,0	0,0	0,0	0,0	0,0	0,0	0,0	0,0	0,0	0,0	0,0	0,0
Tpa_0895_1	0,2	0,0	0,155	0,0	0,0	0,4	0,0	0,0	0,0	0,0	0,0	0,0	0,0	0,2	0,2	0,3	0,0	0,1	0,0	0,0	0,0	0,0	0,2	0,0	0,0	0,0	0,1	0,0	0,0	0,0	0,0	0,0
Tpa_0905_1	0,0	0,0	27,0	0,0	0,0	0,0	0,0	0,0	1,0	0,0	0,0	0,0	0,0	0,0	0,0	0,0	0,0	0,0	0,0	0,0	0,0	0,0	0,0	0,0	0,0	0,0	0,0	0,0	0,0	0,0	0,0	0,0
Tpa_0912_1	0,1	0,1	0,26	0,1	0,9	0,0	0,0	0,0	0,1	0,0	0,0	0,0	0,0	0,0	0,1	0,0	0,0	0,1	0,0	0,1	0,0	0,0	0,0	0,0	0,0	0,1	0,0	0,0	0,0	0,0	0,0	0,0
Tpa_0929_1	0,0	0,0	0,16	0,0	0,0	0,0	0,0	0,0	0,0	0,0	0,0	0,1	0,0	0,0	0,0	0,0	0,0	0,0	0,0	0,0	0,0	0,0	0,0	0,0	0,0	0,0	0,0	0,0	0,0	0,0	0,0	0,0
Tpa_0936_1	25,0	6,0	489,0	0,0	0,0	0,0	1,0	0,0	0,0	0,0	1,0	1,0	0,0	6,0	2,0	5,0	0,0	4,0	1,0	1,0	0,0	0,0	1,0	0,0	0,0	1,0	0,0	1,0	0,0	0,0	0,0	0,0
Tpa_0953_1	55,0	10,0	529,0	2,1	24,0	27,0	1,0	2,0	0,3	5,0	9,0	15,0	1,0	11,0	2,0	24,0	1,0	7,0	0,0	2,0	0,1	2,0	4,0	0,0	0,0	2,0	5,0	0,0	2,0	0,0	0,0	0,0
Tpa_0970_1	0,0	0,0	0,0	0,0	0,0	0,0	0,0	0,0	0,0	0,0	0,0	0,0	0,0	0,0	0,0	0,0	0,0	0,0	0,0	0,0	0,0	0,0	0,0	0,0	0,0	0,0	0,0	0,0	0,0	0,0	0,0	0,0
Tpa_0973_1	0,0	0,0	0,0	0,0	0,0	0,0	0,0	0,0	0,0	0,0	0,0	0,0	0,0	0,0	0,0	0,0	0,0	0,0	0,0	0,0	0,0	0,0	0,0	0,0	0,0	0,0	0,0	0,0	0,0	0,0	0,0	0,0
Tpa_0979_1	0,0	0,0	1,0	0,0	0,0	0,0	0,0	0,0	0,0	0,0	0,0	0,0	0,0	0,0	0,0	0,0	0,0	0,0	0,0	0,0	0,0	0,0	0,0	0,0	0,0	0,0	0,0	0,0	0,0	0,0	0,0	0,0
Tpa_1007_1	5,0	0,0	100,1	0,0	1,0	0,0	0,0	1,0	0,0	0,0	0,0	0,0	0,0	0,0	0,0	1,0	0,0	0,0	0,0	0,0	0,0	0,0	0,0	0,0	0,0	0,0	0,0	0,0	0,0	0,0	0,0	0,0
Tpa_1022_1	0,0	0,0	0,0	0,0	0,0	0,0	0,0	0,0	0,0	0,1	0,0	0,0	0,0	0,0	0,0	0,0	0,0	0,0	0,0	0,0	0,0	0,0	0,0	0,0	0,0	0,0	0,0	0,0	0,0	0,0	0,0	0,0
Tpa_1042_1	0,0	0,0	0,2	0,0	0,0	0,0	0,0	0,0	0,0	0,0	0,0	0,0	0,0	0,0	0,0	0,0	0,0	0,0	0,0	0,0	0,0	0,0	0,0	0,0	0,0	0,0	0,0	0,0	0,0	0,0	0,0	0,0
Tpa_1071_1	4,0	0,0	143,141	0,0	0,1	0,0	0,0	0,0	0,0	0,0	0,0	0,0	0,0	0,1	0,0	2,0	0,0	0,0	0,0	0,0	0,0	0,0	0,0	0,0	0,0	0,0	0,0	0,0	0,1	0,0	0,0	0,0
Tpa_1077_1	0,0	0,0	28,0	0,0	0,0	0,0	0,0	0,0	0,0	0,0	1,0	0,0	0,0	0,0	0,0	0,0	0,0	0,0	0,0	0,0	0,0	0,0	0,0	0,0	0,0	0,0	0,0	0,0	0,0	0,0	0,0	0,0
Tpa_1082_1	23,0	11,0	101,0	1,0	1,0	12,0	0,0	0,0	1,0	1,0	0,0	0,1	0,0	4,3	1,0	8,0	0,0	0,0	0,0	0,0	0,0	0,0	0,1	0,0	2,0	0,0	0,0	1,0	0,0	0,0	0,0	0,0
Tpa_1098_1	0,0	0,0	4,0	0,0	0,0	0,0	0,0	0,0	0,0	0,0	0,0	0,0	0,0	0,0	0,0	0,0	0,0	0,0	0,0	0,0	0,0	0,0	0,0	0,0	0,0	0,0	0,0	0,0	0,0	0,0	0,0	0,0
Tpa_1112_1	0,0	0,0	0,1	0,0	0,0	0,0	0,0	0,0	0,0	0,0	0,0	0,0	0,0	0,0	0,0	0,0	0,0	0,0	0,0	0,0	0,0	0,0	0,0	0,0	0,0	0,0	0,0	0,0	0,0	0,0	0,0	0,0
Tpa_1136_1	0,0	0,0	0,0	0,0	0,1	0,0	0,0	0,0	0,0	0,0	0,0	0,0	0,0	0,0	0,0	0,0	0,0	0,0	0,0	0,0	0,0	0,0	0,0	0,0	0,0	0,0	0,0	0,0	0,0	0,0	0,0	0,0
Tpa_1144_1	0,0	0,0	3,0	0,0	0,0	0,0	0,0	0,0	0,0	0,0	0,0	0,0	0,0	0,0	0,0	0,0	0,0	0,0	0,0	0,0	0,0	0,0	0,0	0,0	0,0	0,0	0,0	0,0	0,0	0,0	0,0	0,0
Tpa_1154_1	0,0	0,0	0,2	0,0	0,0	0,0	0,0	0,0	0,0	0,0	0,0	0,0	0,0	0,0	0,0	0,0	0,0	0,0	0,0	0,0	0,0	0,0	0,0	0,0	0,0	0,0	0,0	0,0	0,0	0,0	0,0	0,0
Tpa_1156_1	0,0	0,0	0,1	0,0	0,0	0,0	0,0	0,0	0,0	0,0	0,0	0,0	0,0	0,0	0,0	0,0	0,0	0,0	0,0	0,0	0,0	0,0	0,0	0,0	0,0	0,0	0,0	0,0	0,0	0,0	0,0	0,0
Tpa_1187_1	1,0	1,2	113,1	1,0	2,0	1,0	0,0	1,0	1,0	0,0	0,0	0,0	0,0	2,0	0,0	1,0	0,0	1,0	0,0	1,0	0,0	0,0	0,0	0,0	0,0	0,0	0,0	0,0	0,0	0,0	0,0	0,0
Tpa_1268_1	0,1	0,0	0,12	0,0	0,0	0,0	0,0	0,0	0,0	0,0	0,0	0,0	0,0	0,0	0,0	0,1	0,0	0,0	0,0	0,0	0,0	0,0	0,0	0,0	0,0	0,0	0,0	0,0	0,0	0,0	0,0	0,0
Tpa_1290_1	2,0	0,0	135,0	0,0	0,0	0,0	0,0	0,0	1,0	0,0	0,0	0,0	0,0	0,0	1,0	3,0	0,0	0,1	0,0	0,0	0,0	0,0	0,0	0,0	0,0	0,0	0,0	0,0	0,0	0,0	0,0	0,0
Tpa_1304_1	0,0	0,0	0,3	0,0	0,0	0,0	0,0	0,0	0,0	0,0	0,0	0,0	0,0	0,0	0,0	0,0	0,0	0,0	0,0	0,0	0,0	0,0	0,0	0,0	0,0	0,0	0,0	0,0	0,0	0,0	0,0	0,0
Tpa_1305_1	0,0	0,0	0,0	0,0	0,0	0,0	0,0	0,0	0,0	0,0	0,0	0,0	0,0	0,0	0,0	0,0	0,0	0,0	0,0	0,0	0,0	0,0	0,0	0,0	0,0	0,0	0,0	0,0	0,0	0,0	0,0	0,0
Tpa_1310_1	2,0	0,0	121,1	0,0	0,0	0,0	0,0	0,0	0,0	0,0	0,0	0,0	0,0	0,0	0,0	0,0	0,0	1,0	0,0	0,0	0,0	0,0	0,0	0,0	0,0	0,0	0,0	0,0	0,0	0,0	0,0	0,0
Tpa_1312_1	127,0	34,0	1134,2	2,0	38,0	48,0	1,0	2,0	8,0	6,0	8,0	22,0	1,0	25,0	12,0	101,0	0,0	15,0	0,0	3,0	0,0	5,0	5,0	0,0	3,0	1,2	23,0	1,0	2,0	2,0	1,0	0,0
Tpa_1320_1	0,0	0,0	0,1	0,0	0,0	0,0	0,0	0,0	0,1	1,58	0,1	0,113	0,0	0,0	0,0	0,0	0,0	0,0	0,0	0,0	0,1	0,4	0,0	0,0	0,0	0,52	0,101	0,0	0,0	0,0	0,0	0,0
Tpa_1341_1	0,0	0,0	7,0	0,0	0,0	0,0	0,0	0,0	0,0	0,0	0,0	0,0	0,0	0,0	0,0	0,0	0,0	0,0	0,0	0,0	0,0	0,0	0,0	0,0	0,0	0,0	0,0	0,0	0,0	0,0	0,0	0,0
Tpa_1357_1	0,1	0,0	0,35	0,0	0,0	0,0	0,0	0,0	0,0	0,0	0,0	0,0	0,0	0,0	0,0	0,0	0,0	0,0	0,0	0,0	0,0	0,0	0,0	0,0	0,0	0,1	0,0	0,0	0,0	0,0	0,0	0,0
Tpa_1359_1	49,0	14,27	298,0	86,0	466,0	23,0	1,0	11,0	61,0	2,5	15,20	12,0	7,0	19,0	54,0	63,0	0,1	21,0	4,2	19,0	0,7	5,0	17,0	0,0	16,0	10,0	62,0	3,0	42,0	2,1	2,0	0,0
Tpa_1394_1	0,2	0,4	344,326	2,0	10,11	0,7	0,0	1,0	0,7	0,0	0,1	0,2	0,0	0,14	0,3	0,9	0,0	0,6	0,1	0,1	0,0	0,1	0,3	0,0	0,1	0,1	2,2	0,1	0,1	0,0	0,0	0,0
Tpa_1443_1	0,5	3,1	128,0	0,0	3,12	0,0	0,0	0,0	0,0	0,0	0,0	0,0	0,0	0,0	0,0	0,3	0,0	0,0	0,0	1,0	0,0	0,0	0,0	0,0	0,0	0,0	0,1	0,0	0,0	0,0	0,0	0,0
Tpa_1486_1	0,0	0,0	0,19	0,0	0,0	0,0	0,0	0,0	0,0	0,0	0,0	0,0	0,0	0,0	0,0	0,0	0,0	0,0	0,0	0,0	0,0	0,0	0,0	0,0	0,0	0,0	0,0	0,0	0,0	0,0	0,0	0,0
Tpa_1515_1	1,0	1,0	23,0	0,2	2,0	0,0	0,0	0,0	0,0	0,0	0,0	0,0	0,0	0,0	2,0	0,0	0,0	0,3	0,0	0,0	0,0	0,0	0,0	0,0	0,0	0,0	2,0	0,0	0,0	0,0	0,0	0,0
Tpa_1528_1	0,0	1,0	18,0	0,1	8,0	1,0	0,0	0,0	0,0	0,0	0,0	0,0	0,0	1,0	0,0	0,0	0,0	0,0	0,0	0,0	0,0	0,0	0,0	0,0	0,0	0,0	0,0	0,0	0,0	0,0	0,0	0,0
Tpa_1542_1	0,0	0,0	11,0	0,0	1,0	0,0	0,0	0,0	0,0	0,0	0,0	0,0	0,0	0,0	0,0	1,0	0,0	0,0	0,0	0,0	0,0	0,0	0,0	0,0	0,0	0,0	1,0	0,0	0,0	0,0	0,0	0,0
Tpa_1548_1	3,12	0,9	0,815	3,0	27,15	0,1	0,0	0,1	1,3	0,1	0,2	0,5	0,1	0,5	0,7	0,12	0,0	5,1	0,1	0,1	0,2	1,1	0,0	0,0	0,0	0,0	0,8	1,0	0,1	0,0	0,0	0,0
Tpa_1550_1	14,0	2,0	165,0	0,0	1,0	1,0	0,0	0,0	0,0	0,0	0,0	0,0	0,0	2,0	0,0	0,0	0,0	0,0	0,0	0,0	0,0	1,0	0,0	0,0	0,0	0,0	0,0	0,0	0,0	0,0	0,0	0,0
Tpa_1585_1	16,0	2,0	235,261	1,0	1,0	7,0	0,0	0,0	1,0	0,0	2,0	1,0	0,0	16,0	0,0	4,4	0,0	3,0	0,0	1,0	0,0	1,0	1,0	0,0	2,0	2,0	0,0	0,0	0,0	1,0	0,0	0,0
Tpa_1593_1	0,9	0,1	0,289	0,0	3,8	1,2	0,0	0,0	0,0	0,0	0,0	0,1	0,0	0,3	0,0	0,1	0,0	1,1	0,0	1,0	0,0	0,0	1,0	0,0	0,0	0,0	0,0	0,0	0,0	0,0	0,0	0,0
Tpa_1606_1	0,144	0,37	0,1482	0,57	0,352	0,85	0,9	0,9	0,66	2,5	0,38	0,39	8,9	20,13	0,52	0,130	0,2	0,20	0,6	0,12	0,3	0,5	0,28	0,0	0,14	0,7	0,86	0,2	0,22	1,1	0,2	0,0
Tpa_1638_1	2,4	2,0	158,0	0,0	3,0	4,0	1,0	0,0	0,0	0,0	0,0	0,0	0,0	1,0	0,0	2,0	0,0	1,0	0,0	0,0	0,0	0,0	1,0	0,0	0,0	0,0	2,0	0,0	0,0	0,0	0,0	0,0
Tpa_1646_1	42,0	23,0	1011,0	9,0	51,0	4,0	0,0	3,0	1,0	2,0	2,0	1,0	1,0	13,0	3,0	34,0	0,0	5,0	0,0	3,0	0,0	2,0	7,0	0,0	1,0	2,0	3,0	0,0	0,0	1,0	0,0	0,0
Tpa_1662_1	0,3	0,0	24,18	0,0	0,0	0,0	0,0	0,0	0,0	0,0	0,0	0,0	0,0	0,0	0,0	0,0	0,0	0,0	0,0	0,0	0,0	0,0	0,0	0,0	0,0	0,0	0,0	0,0	0,0	0,0	0,0	0,0
Tpa_1678_1	2,0	0,0	57,0	0,1	0,0	2,0	0,0	0,0	0,0	0,0	0,0	0,0	0,0	1,0	0,0	1,0	0,0	0,0	0,0	0,0	0,0	0,0	0,0	0,0	0,0	0,0	0,0	0,0	0,0	0,0	0,0	0,0
Tpa_1689_1	0,0	0,0	9,0	0,0	0,0	0,0	0,0	0,0	0,0	0,0	0,0	0,0	0,0	0,0	0,0	0,0	0,0	0,0	0,0	0,0	0,0	0,0	0,0	0,0	0,0	0,0	0,0	0,0	0,0	0,0	0,0	0,0
Tpa_1703_1	0,0	0,0	0,0	0,0	0,0	0,0	0,0	0,0	0,0	0,0	0,0	0,0	0,0	0,0	0,0	0,0	0,0	0,0	0,0	0,0	0,0	0,0	0,0	0,0	0,0	0,0	0,0	0,0	0,0	0,0	0,0	0,0
Tpa_1731_1	0,97	0,20	0,976	0,5	0,41	0,29	0,0	0,1	0,13	0,1	0,4	0,15	0,0	0,17	0,13	0,51	0,0	4,5	0,1	0,6	0,0	0,1	0,4	0,0	0,0	0,2	0,15	0,2	0,2	0,1	0,0	0,0
Tpa_1774_1	0,0	0,0	5,0	0,0	0,0	0,0	0,0	0,0	0,0	0,0	0,0	0,0	0,0	0,0	0,0	0,0	0,0	0,0	0,0	0,0	0,0	0,0	0,0	0,0	0,0	0,0	0,0	0,0	0,0	0,0	0,0	0,0
Tpa_1775_1	1,0	0,0	5,0	0,0	0,0	12,139	0,0	37,0	6,86	1,0	0,0	0,0	1,0	68,0	103,0	296,0	8,1	1,0	5,0	39,0	0,0	0,0	101,0	0,0	0,0	63,0	120,1	1,0	0,0	13,0	8,0	0,0
Tpa_1818_1	0,0	0,1	86,0	0,1	0,1	1,0	0,0	0,0	0,0	1,0	0,0	0,0	0,0	0,0	1,0	2,1	0,0	1,0	0,0	1,1	0,0	0,0	0,0	0,0	0,0	0,0	0,0	0,0	1,0	0,0	0,0	0,0
Tpa_1831_1	11,0	1,0	531,0	0,0	1,0	1,0	0,0	0,0	0,0	0,0	0,0	2,0	0,0	29,0	1,0	4,0	0,0	0,0	0,0	0,0	0,0	0,0	0,0	0,0	1,0	0,0	0,0	0,0	0,0	0,0	0,0	0,0
Tpa_1832_1	0,1	3,0	95,0	7,0	51,0	1,0	0,0	0,0	0,0	1,0	0,0	0,0	0,0	1,5	4,0	0,0	1,0	4,0	0,0	2,0	0,0	2,0	1,0	0,0	0,0	2,0	5,0	1,0	2,0	0,0	0,0	0,0
Tpa_1843_1	25,0	1,0	209,146	1,0	3,0	7,0	0,0	0,0	1,0	0,0	0,0	5,0	0,0	4,0	0,0	8,0	0,0	0,0	0,0	1,0	0,0	0,0	0,0	0,0	0,0	1,0	1,0	0,0	0,0	0,0	0,0	0,0
Tpa_1891_1	0,25	0,2	0,636	0,1	0,7	0,8	0,0	0,0	0,1	0,0	0,1	0,4	0,0	0,4	0,2	0,10	0,0	0,1	0,0	0,4	0,0	0,0	0,1	0,0	0,1	0,0	0,3	0,0	0,1	0,0	0,0	0,0
Tpa_1896_1	0,4	0,4	0,350	0,2	0,7	0,1	0,0	0,0	0,4	0,0	0,0	0,0	0,0	0,1	0,3	2,1	0,0	0,1	0,0	0,1	0,1	0,1	0,0	0,0	0,0	0,1	0,2	0,0	0,0	0,0	0,0	0,0
Tpa_1917_1	0,0	0,0	32,0	0,0	0,0	0,0	0,0	0,0	0,0	0,0	0,0	0,0	0,0	0,0	1,0	0,0	0,0	0,0	0,0	0,0	0,0	0,0	0,0	0,0	0,0	0,0	0,0	0,0	0,0	0,0	0,0	0,0
Tpa_1930_1	8,7	1,0	0,386	0,0	8,0	0,3	0,0	0,0	0,1	0,0	1,0	0,1	0,0	0,3	0,1	6,0	0,0	0,0	1,0	0,1	0,0	0,0	0,0	0,0	0,0	0,0	0,1	0,1	0,0	0,0	0,0	0,0
Tpa_1966_1	0,0	0,0	0,8	0,0	0,0	0,0	0,0	0,0	0,0	0,0	0,0	0,0	0,0	0,0	0,0	0,0	0,0	0,0	0,0	0,0	0,0	0,0	0,0	0,0	0,0	0,0	0,0	0,0	0,0	0,0	0,0	0,0
Tpa_2006_1	0,0	0,0	11,6	1,0	0,0	0,0	0,0	0,0	0,0	0,0	0,0	0,0	0,0	1,0	0,0	0,0	0,0	0,0	0,0	0,0	0,0	0,0	0,0	0,0	0,0	0,0	0,0	0,0	0,0	0,0	0,0	0,0
Tpa_2010_1	1,0	0,0	110,0	0,0	2,0	0,0	0,0	0,0	0,0	0,0	0,0	0,0	0,0	0,0	1,0	1,0	0,0	0,0	0,0	0,0	0,0	0,0	0,0	0,0	0,0	0,0	0,0	0,0	0,0	0,0	0,0	0,0
Tpa_2021_1	0,0	0,0	2,0	0,0	0,0	0,0	0,0	0,0	0,0	0,0	0,0	0,0	0,0	0,0	0,0	0,0	0,0	0,0	0,0	0,0	0,0	0,0	0,0	0,0	0,0	0,0	0,0	0,0	0,0	0,0	0,0	0,0
Tpa_2034_1	1,0	0,0	20,0	0,0	0,0	0,0	0,0	0,0	0,0	0,0	0,0	0,0	0,0	0,0	0,0	0,0	0,0	0,0	0,0	0,0	0,0	0,0	0,0	0,0	0,0	0,0	0,0	0,0	0,0	0,0	0,0	0,0
Tpa_2040_1	1,3	0,0	0,123	0,0	0,0	0,1	0,0	0,0	0,0	0,0	0,0	0,0	0,0	0,0	0,0	0,0	0,0	0,0	0,0	0,0	0,0	0,0	0,1	0,0	0,0	0,0	0,0	0,0	0,0	0,0	0,0	0,0
Tpa_2041_1	0,0	0,0	0,51	0,0	0,0	0,0	0,0	0,0	0,0	0,0	0,0	0,0	0,0	0,0	0,0	0,0	0,0	0,0	0,0	0,0	0,0	0,0	0,0	0,0	0,0	0,0	0,0	0,0	0,0	0,0	0,0	0,0
Tpa_2073_1	0,6	0,0	0,129	0,1	0,10	0,1	0,0	0,0	0,3	0,0	0,0	0,0	0,0	0,5	0,0	0,1	0,0	0,0	0,0	0,0	0,0	0,0	0,0	0,0	0,0	0,0	0,1	0,0	0,0	0,0	0,0	0,0
Tpa_2076_1	0,7	3,2	0,354	0,0	0,11	0,2	0,1	0,0	1,0	0,0	0,2	0,2	0,0	0,7	4,0	0,4	0,0	0,7	0,0	0,1	0,0	0,1	0,0	0,0	0,1	0,1	0,4	0,0	0,0	0,1	0,0	0,0
Tpa_2096_1	4,0	0,1	0,279	0,0	1,0	0,0	0,0	0,0	0,0	0,0	0,0	0,1	0,0	0,3	0,0	0,3	0,0	0,0	0,0	0,0	0,0	0,0	0,0	0,0	0,0	0,1	1,0	0,0	0,0	0,0	0,0	0,0
Tpa_2128_1	0,0	0,0	6,0	0,0	0,0	0,0	0,0	0,0	0,0	0,0	0,0	0,0	0,0	0,0	0,0	0,0	0,0	0,0	0,0	0,0	0,0	0,0	0,0	0,0	0,0	0,0	0,0	0,0	0,0	0,0	0,0	0,0
Tpa_2157_1	69,0	14,0	846,0	4,0	18,0	27,0	0,0	0,0	3,0	0,0	0,0	1,0	0,0	2,0	4,0	13,15	0,0	9,0	0,0	1,0	0,0	1,0	4,0	0,0	2,0	1,0	14,0	0,0	2,0	0,0	0,0	0,0
Tpa_2180_1	0,1	0,0	0,95	0,0	0,0	0,0	0,0	0,0	0,0	0,0	0,0	0,0	0,0	0,0	0,0	0,1	0,0	0,0	0,0	0,0	0,0	0,0	0,0	0,0	0,0	0,0	0,1	0,0	0,0	0,0	0,0	0,0
Tpa_2194_1	0,2	0,0	75,0	0,0	0,0	0,0	0,0	0,0	0,0	0,0	1,1	0,0	0,0	0,0	0,0	0,0	0,0	0,0	0,0	0,0	0,0	0,0	0,0	0,0	0,0	0,0	0,0	0,0	0,0	0,0	0,0	0,0
Tpa_2207_1	25,0	4,0	660,0	2,0	6,0	27,0	0,0	1,0	2,0	1,0	1,0	9,0	0,0	11,0	7,0	30,0	0,0	5,0	0,0	0,0	1,0	0,0	2,0	0,0	1,0	1,0	3,0	0,0	0,0	0,0	0,0	0,0
Tpa_2254_1	1,0	0,0	0,53	0,0	0,0	1,0	0,0	0,0	0,0	0,0	0,0	0,0	0,0	1,0	0,0	0,0	0,0	0,0	0,0	0,0	0,0	0,0	0,0	0,0	0,0	0,0	0,0	0,0	0,0	0,0	0,0	0,0
Tpa_2278_1	0,5	0,0	0,231	0,0	0,1	0,3	0,0	0,0	0,0	0,0	0,0	0,0	0,0	0,2	0,1	3,0	0,0	0,0	0,0	0,0	0,0	0,0	0,0	0,0	0,0	0,0	0,0	0,0	0,0	0,0	0,0	0,0
Tpa_2334_1	0,0	0,0	0,0	0,0	0,0	0,0	0,0	0,0	0,0	0,0	0,0	0,0	0,0	0,0	0,0	0,0	0,0	0,0	0,0	0,0	0,0	0,0	0,0	0,0	0,0	0,0	0,0	0,0	0,0	0,0	0,0	0,0
Tpa_2344_1	49,51	0,6	2,1102	0,0	3,0	0,36	0,0	0,1	0,8	0,0	0,5	0,10	0,0	0,25	0,5	0,12	0,0	0,3	0,0	0,2	0,0	0,2	0,2	0,0	1,1	0,0	0,3	0,1	0,0	0,1	0,0	0,0
Tpa_2353_1	21,0	3,0	649,0	0,0	11,11	6,0	1,0	0,0	7,0	0,0	1,1	2,0	0,0	5,4	7,0	1,2	0,0	8,0	0,0	0,0	0,0	0,0	1,0	0,0	1,0	0,0	9,0	1,0	1,0	0,1	0,0	0,0
Tpa_2368_1	0,1	0,0	0,37	0,0	0,0	0,0	0,0	0,0	0,0	0,0	0,0	0,0	0,0	0,0	0,0	0,0	0,0	0,0	0,0	0,0	0,0	0,0	0,0	0,0	0,0	0,0	0,0	0,0	0,0	0,0	0,0	0,0
Tpa_2412_1	0,58	0,43	2,1357	0,48	0,260	0,35	0,2	0,3	0,54	0,8	8,5	0,12	0,5	8,11	0,38	0,89	0,0	0,30	0,2	0,20	0,2	0,4	0,17	0,1	0,8	0,7	0,28	0,0	0,22	0,4	0,2	0,0
Tpa_2417_1	0,8	0,3	0,326	0,0	0,2	0,2	0,1	0,0	0,0	0,0	0,0	0,1	0,0	0,4	0,0	0,5	0,0	0,1	0,0	0,0	0,0	0,0	0,0	0,0	0,0	0,0	0,0	0,0	0,1	0,0	0,0	0,0
Tpa_2453_1	0,0	0,0	0,0	0,0	0,0	0,0	0,0	0,0	0,0	0,0	0,0	0,0	0,0	0,0	0,0	0,0	0,0	0,0	0,0	0,0	0,0	0,0	0,0	0,0	0,0	0,0	0,0	0,0	0,0	0,0	0,0	0,0
Tpa_2458_1	0,0	1,0	18,0	0,0	0,0	1,0	0,0	0,0	0,0	0,0	0,0	0,0	0,0	0,0	0,0	0,0	0,0	0,0	0,0	0,0	0,0	0,0	0,0	0,0	0,0	0,0	0,0	0,0	0,0	0,0	0,0	0,0
Tpa_2460_1	0,2	0,0	1,177	0,0	0,1	0,1	0,0	0,0	0,0	0,0	0,0	0,0	0,0	0,0	0,1	0,4	0,0	0,0	0,0	0,0	0,0	0,0	0,0	0,0	0,1	0,0	0,1	0,0	0,0	0,0	0,0	0,0
Tpa_2470_1	1,0	2,0	148,0	2,0	19,0	3,0	1,0	0,0	2,0	0,0	4,0	0,0	0,0	1,0	2,0	4,0	0,0	6,0	0,0	0,0	0,0	0,0	1,0	0,0	2,0	0,0	4,0	0,0	2,0	0,0	0,0	0,0
Tpa_2483_1	38,0	2,0	269,266	1,0	15,0	11,0	0,0	0,0	2,0	0,0	2,0	2,0	0,0	1,1	6,0	20,0	0,0	2,0	0,0	0,0	0,0	0,0	3,0	0,0	0,0	0,0	6,0	0,0	0,0	0,0	0,0	0,0
Tpa_2498_1	0,0	0,0	47,0	0,0	0,0	0,0	0,0	0,0	0,0	0,0	0,0	0,0	0,0	0,0	0,0	0,0	0,0	0,0	0,0	0,0	0,0	0,0	0,0	0,0	0,0	0,0	0,0	0,0	0,0	0,0	0,0	0,0
Tpa_2509_1	0,0	0,0	38,32	0,0	0,0	0,0	0,0	0,0	0,0	0,0	0,0	0,0	0,0	0,0	0,0	0,0	0,0	1,0	0,0	0,0	0,0	0,0	0,0	0,0	0,0	0,0	0,0	0,0	0,0	0,0	0,0	0,0
Tpa_2518_1	3,4	0,7	0,217	0,5	37,20	0,2	0,1	0,0	3,2	2,0	0,0	0,1	0,2	0,2	3,0	0,2	0,0	0,1	0,0	1,0	0,0	0,2	0,1	0,0	0,0	1,0	3,1	0,0	0,1	0,0	0,0	0,0
Tpa_2519_1	3,0	0,0	20,0	0,0	0,0	0,0	0,0	0,0	0,0	0,0	0,0	0,0	0,0	0,0	0,0	0,0	0,0	0,0	0,0	0,0	0,0	0,0	0,0	0,0	0,0	0,0	0,0	0,0	0,0	0,0	0,0	0,0
Tpa_2523_1	0,0	0,0	20,0	0,0	1,0	0,0	0,0	0,0	0,0	0,0	0,0	0,0	0,0	0,0	1,0	0,0	0,0	0,0	0,0	0,0	0,0	0,0	0,0	0,0	0,0	0,0	0,0	0,0	0,0	0,0	0,0	0,0
Tpa_2581_1	0,25	0,5	126,547	0,0	0,17	0,9	0,0	0,0	0,1	0,1	0,1	0,0	0,0	0,3	0,1	1,0	0,0	0,1	0,0	0,1	0,0	0,1	0,1	0,0	0,0	0,1	1,0	0,0	0,0	0,0	0,0	0,0
Tpa_2601_1	0,214	7,11	1676,3	23,0	58,0	101,0	2,1	2,5	6,17	0,8	9,0	0,45	1,1	52,82	11,12	28,51	0,1	17,0	3,0	7,0	1,2	4,3	3,4	0,0	3,4	4,7	0,47	1,0	2,3	2,0	0,1	0,0
Tpa_2608_1	63,0	5,0	1019,0	1,0	9,8	7,0	0,0	1,0	1,0	1,0	1,1	0,0	2,0	4,2	5,0	16,0	0,0	3,0	1,0	1,0	0,0	0,0	2,0	0,0	2,0	0,0	4,4	0,0	0,0	0,0	0,0	0,0
Tpa_2636_1	3,0	8,0	151,0	13,0	66,0	3,0	2,0	0,0	8,0	2,0	5,0	0,0	2,0	1,0	8,0	8,0	0,0	9,0	0,0	2,0	0,0	3,0	1,0	0,0	1,0	3,0	16,0	1,0	1,0	0,0	0,0	0,0
Tpa_2639_1	0,0	0,0	0,10	0,0	0,0	0,0	0,0	0,0	0,0	0,0	0,0	0,0	0,0	0,0	0,0	0,1	0,0	0,0	0,0	0,0	0,0	0,0	0,0	0,0	0,0	0,0	0,0	0,0	0,0	0,0	0,0	0,0
Tpa_2664_1	1,0	2,0	69,0	0,0	1,0	1,0	0,0	0,0	0,0	0,0	0,0	0,0	0,0	0,0	1,0	0,0	0,0	1,0	0,0	0,0	0,0	0,0	0,0	0,0	0,0	0,0	0,0	0,0	0,0	0,0	0,0	0,0
Tpa_2702_1	0,0	0,0	11,0	0,0	0,0	0,0	0,0	0,0	0,0	0,0	0,0	0,0	0,0	0,0	0,0	0,0	0,0	0,0	0,0	0,0	0,0	0,0	0,0	0,0	0,0	0,0	0,0	0,0	0,0	0,0	0,0	0,0
Tpa_2712_1	0,0	0,0	0,17	0,0	0,1	0,0	0,0	0,0	0,0	0,0	0,0	0,0	0,0	0,0	0,1	0,0	0,0	0,0	0,0	0,0	0,0	0,0	0,0	0,0	0,0	0,0	0,0	0,0	0,0	0,0	0,0	0,0
Tpa_2734_1	2,0	0,0	51,0	0,0	1,0	1,0	0,0	0,0	0,12	0,0	0,1	1,0	0,0	1,0	0,0	0,0	0,1	0,0	0,0	0,0	0,0	0,0	0,0	0,0	0,0	0,0	0,0	0,0	0,0	0,0	0,0	0,0
Tpa_2741_1	0,0	0,0	0,0	0,0	0,0	0,0	0,0	0,0	0,0	0,0	0,0	0,0	0,0	0,0	0,0	0,0	0,0	0,0	0,0	0,0	0,0	0,0	0,0	0,0	0,0	0,0	0,0	0,0	0,0	0,0	0,0	0,0
Tpa_2745_1	7,0	2,0	266,0	0,0	0,0	1,0	0,0	0,0	0,1	0,0	1,0	1,0	0,0	0,0	1,1	2,0	0,0	1,0	0,0	0,0	0,0	0,0	0,0	0,0	0,0	0,0	0,0	0,0	0,0	0,0	0,0	0,0
Tpa_2763_1	6,0	2,0	232,0	0,0	0,0	5,0	0,0	0,0	0,0	0,0	0,0	1,0	0,0	0,0	0,0	1,0	0,0	0,0	0,0	0,0	0,0	0,0	0,0	0,0	0,0	1,0	1,0	0,0	0,0	0,0	0,0	0,0
Tpa_2845_1	0,1	0,1	0,14	0,0	0,4	0,0	0,0	0,0	0,2	0,0	0,0	0,0	0,0	0,0	0,1	0,0	0,0	0,0	0,0	0,0	0,0	0,0	0,1	0,0	0,0	0,0	0,1	0,0	0,1	0,0	0,0	0,0
Tpa_2854_1	13,0	0,3	135,0	0,0	3,0	3,4	0,0	0,0	2,0	0,0	0,0	0,0	0,0	3,2	2,0	0,3	1,0	1,0	0,0	0,0	0,0	0,0	0,0	0,0	0,0	1,0	0,0	0,0	0,0	0,0	0,0	0,0
Tpa_2856_1	4,0	7,0	35,21	16,0	64,0	1,0	1,0	0,1	2,4	2,0	2,0	0,0	1,0	2,1	8,0	0,5	0,0	4,2	0,0	1,0	0,0	0,0	0,0	0,0	1,0	0,0	5,0	0,0	4,0	1,0	0,0	0,0
Tpa_2861_1	0,10	0,1	1,699	0,0	1,1	0,11	0,0	0,0	0,0	0,0	1,2	0,1	0,0	0,3	2,0	0,11	0,0	0,0	0,0	0,0	0,1	0,0	0,0	0,0	0,0	0,0	0,1	0,0	0,0	0,0	0,0	0,0
Tpa_2868_1	8,0	1,0	160,0	0,0	3,3	1,1	0,0	0,0	2,0	0,0	2,0	0,0	0,0	0,0	1,0	8,0	0,0	1,0	0,0	0,0	0,0	0,0	0,0	0,0	0,0	0,0	2,0	0,0	0,0	0,0	0,0	0,0
Tpa_2900_1	0,0	0,0	0,20	0,0	0,0	0,0	0,0	0,0	0,0	0,0	0,0	0,0	0,0	0,0	0,0	0,0	0,0	0,0	0,0	0,0	0,0	0,0	0,0	0,0	0,0	0,0	0,0	0,0	0,0	0,0	0,0	0,0
Tpa_2907_1	3,0	0,1	141,147	0,0	0,0	0,1	0,0	0,0	0,0	0,0	0,0	0,0	0,0	0,2	0,0	0,0	0,0	0,0	0,0	0,0	0,0	0,0	0,0	0,0	0,0	0,1	1,0	0,0	0,0	0,0	0,0	0,0
Tpa_2961_1	0,0	1,0	399,0	0,0	4,0	4,0	0,0	0,0	0,0	0,0	0,0	1,0	1,0	9,0	0,0	0,0	0,0	0,0	0,0	0,0	1,0	2,0	0,0	0,0	0,0	2,0	0,0	0,0	0,0	0,0	0,0	0,0
Tpa_2970_1	1,0	0,0	9,9	0,0	0,0	0,0	0,0	0,0	0,0	0,0	0,0	0,0	0,0	0,0	0,0	0,0	0,0	0,0	0,0	0,0	0,0	0,0	0,0	0,0	0,0	0,0	0,0	0,0	0,0	0,0	0,0	0,0
Tpa_3004_1	0,3	0,0	0,78	0,0	0,0	0,0	0,0	0,0	0,0	0,0	0,0	0,0	0,0	0,0	0,0	0,1	0,0	0,0	0,0	0,0	0,0	0,0	0,0	0,0	0,0	0,0	0,0	0,0	0,0	0,0	0,0	0,0
Tpa_3011_1	0,2	0,0	0,186	0,0	0,5	0,1	0,0	0,0	0,1	0,0	0,0	0,0	0,0	0,1	0,0	0,0	0,0	0,0	0,0	0,0	0,0	0,0	0,0	0,0	0,0	0,0	0,0	0,0	0,0	0,0	0,0	0,0
Tpa_3018_1	0,0	0,0	0,0	0,0	0,0	0,0	0,0	0,0	0,0	0,0	0,0	0,0	0,0	0,0	0,0	0,0	0,0	0,0	0,0	0,0	0,0	0,0	0,0	0,0	0,0	0,0	0,0	0,0	0,0	0,0	0,0	0,0
Tpa_3047_1	27,0	5,0	138,0	1,0	2,0	13,0	0,0	0,0	2,0	0,0	1,0	16,0	2,0	2,5	2,0	8,0	0,0	0,0	0,0	1,0	0,0	1,0	2,0	0,0	0,0	0,1	1,0	0,0	1,0	0,0	0,0	0,0
Tpa_3055_1	0,0	0,0	24,0	0,0	0,0	0,0	0,0	0,0	0,0	0,0	0,0	0,0	0,0	0,0	0,0	0,0	0,0	0,0	0,0	0,0	0,0	0,0	0,0	0,0	0,0	0,0	0,0	0,0	0,0	0,0	0,0	0,0
Tpa_3063_1	0,1	1,0	16,0	0,0	4,0	0,0	0,0	0,0	1,0	0,0	1,0	0,0	0,0	0,0	1,0	1,0	0,0	0,0	0,0	0,0	0,0	0,0	0,0	0,0	0,0	0,0	0,0	0,0	0,0	1,0	0,0	0,0
Tpa_3129_1	0,0	0,0	0,8	0,0	0,0	0,0	0,0	0,0	0,0	0,0	0,0	0,0	0,0	0,0	0,0	0,0	0,0	0,0	0,0	0,0	0,0	0,0	0,0	0,0	0,0	0,0	0,0	0,0	0,0	0,0	0,0	0,0
Tpa_3149_1	2,0	0,0	195,0	0,0	1,0	1,0	0,0	0,0	2,0	0,0	0,0	0,0	0,0	0,0	0,0	3,0	0,0	0,0	1,0	0,0	0,0	1,0	0,0	0,0	0,0	0,0	2,0	0,0	0,0	0,0	0,0	0,0
Tpa_3193_1	0,0	0,0	0,0	0,0	0,0	0,0	0,0	0,0	0,0	0,0	0,0	0,0	0,0	0,0	0,0	0,0	0,0	0,0	0,0	0,0	0,0	0,0	0,0	0,0	0,0	0,0	0,0	0,0	0,0	0,0	0,0	0,0
Tpa_3197_1	0,3	0,0	0,121	0,0	0,0	2,0	0,0	0,0	0,0	0,0	0,0	0,2	0,0	0,3	0,0	0,2	0,0	0,0	0,0	0,1	0,0	0,0	0,0	0,0	0,0	0,0	0,0	0,0	0,0	0,0	0,0	0,0
Tpa_3200_1	1,0	0,0	54,0	0,0	0,0	1,0	0,0	0,0	0,0	0,0	0,0	0,0	0,0	0,0	0,0	0,0	0,0	0,0	0,0	0,0	0,0	0,0	0,0	0,0	0,0	0,0	0,0	0,0	0,0	0,0	0,0	0,0
Tpa_3248_1	0,32	0,1	6,34	0,0	0,4	0,26	0,0	0,0	0,0	0,1	0,1	0,26	0,1	0,3	0,7	0,2	0,0	0,0	0,2	0,4	0,0	0,0	0,0	0,0	0,0	0,1	0,0	0,0	0,1	0,0	0,0	0,0
Tpa_3254_1	3,0	0,0	50,0	0,0	0,0	0,0	0,0	0,0	0,0	0,0	0,0	0,0	0,0	0,0	0,0	0,0	0,0	0,0	0,0	0,0	0,0	0,0	0,0	0,0	0,0	0,0	0,0	0,0	0,0	0,0	0,0	0,0
Tpa_3262_1	72,0	6,8	476,375	1,0	10,0	42,0	0,0	0,0	0,3	1,0	0,0	11,0	0,0	3,0	5,0	31,0	0,0	1,0	1,0	0,0	0,0	0,0	1,0	0,0	0,0	2,0	1,1	0,0	2,0	0,0	0,0	0,0
Tpa_3263_1	4,0	6,0	115,0	2,0	54,0	1,0	0,0	0,0	1,0	0,0	1,0	1,0	0,0	0,0	3,0	3,0	0,0	4,0	0,0	1,0	1,0	0,0	0,0	0,0	1,0	0,0	3,2	0,0	0,0	0,0	0,0	0,0
Tpa_3310_1	2,0	1,0	175,0	0,0	1,0	2,0	0,0	0,0	0,0	1,0	1,0	0,0	0,0	1,0	0,0	1,0	0,0	0,0	0,0	0,0	0,0	0,0	0,0	0,0	0,0	0,0	0,0	0,0	1,0	0,0	0,0	0,0
Tpa_3347_1	1,0	2,0	7,0	2,0	6,4	0,0	0,1	0,0	2,2	0,0	3,1	0,0	1,0	0,0	3,0	1,0	0,0	1,0	0,0	0,0	0,0	0,0	0,1	0,0	0,0	0,0	1,0	0,0	1,0	0,0	0,0	0,0
Tpa_3354_1	0,9	0,16	0,335	0,10	0,63	0,6	0,0	0,0	0,2	0,0	0,4	0,2	0,2	6,1	0,5	0,10	0,0	1,9	0,3	0,2	0,0	0,2	0,2	0,0	0,3	0,0	0,6	1,0	0,3	0,0	0,0	0,0
Tpa_3364_1	0,3	0,0	140,157	0,0	0,5	2,0	0,0	0,0	0,0	0,1	0,0	1,0	0,0	1,1	0,0	0,3	0,0	0,0	0,0	1,0	0,0	0,0	0,0	0,0	0,0	0,0	0,1	0,0	0,0	0,0	0,0	0,0
Tpa_3385_1	0,0	0,0	3,0	0,0	0,0	0,0	0,0	0,0	0,0	0,0	0,0	0,0	0,0	0,0	0,0	0,0	0,0	0,0	0,0	0,0	0,0	0,0	0,0	0,0	0,0	0,0	0,0	0,0	0,0	0,0	0,0	0,0
Tpa_3439_1	0,0	0,0	11,0	0,0	0,0	0,0	0,0	0,0	0,0	0,0	0,0	0,0	0,0	0,0	0,0	0,0	0,0	0,0	0,0	0,0	0,0	0,0	0,0	0,0	0,0	0,0	0,0	0,0	0,0	0,0	0,0	0,0
Tpa_3502_1	0,0	0,0	2,0	0,0	0,0	0,0	0,0	0,0	0,0	0,0	0,0	0,0	0,0	0,0	0,0	0,0	0,0	0,0	0,0	0,0	0,0	0,0	0,0	0,0	0,0	0,0	0,0	0,0	0,0	0,0	0,0	0,0
Tpa_3561_1	0,0	0,0	0,5	0,0	0,1	0,0	0,0	0,0	0,0	0,0	0,0	0,0	0,0	0,0	0,0	0,0	0,0	0,0	0,0	0,0	0,0	0,0	0,0	0,0	0,0	0,0	0,0	0,0	0,0	0,0	0,0	0,0
Tpa_3569_1	0,1	0,0	0,22	0,0	0,0	0,0	0,0	0,0	0,1	0,0	0,0	0,0	0,0	0,0	0,0	0,0	0,0	0,0	0,0	0,0	0,0	0,0	0,0	0,0	0,0	0,0	0,0	0,0	0,1	0,0	0,0	0,0
Tpa_3583_1	0,2	0,0	0,164	0,0	0,0	0,0	0,0	0,0	0,0	0,1	0,0	0,0	0,0	0,0	0,1	0,1	0,0	0,0	0,0	0,0	0,0	0,0	0,0	0,0	0,0	0,0	0,0	0,0	0,2	0,0	0,0	0,0
Tpa_3616_1	1,52	0,12	0,1443	0,20	1,122	0,12	0,1	0,3	0,11	0,1	0,11	0,0	0,1	0,14	0,23	0,43	0,0	0,16	0,1	0,9	0,2	0,5	0,5	0,0	0,2	0,3	0,39	0,0	0,1	0,2	0,0	0,1
Tpa_3674_1	0,5	0,0	0,181	0,0	1,1	0,2	0,0	0,1	0,0	0,0	0,0	0,0	0,0	0,1	0,0	0,0	0,0	0,0	0,0	0,0	0,0	0,0	0,0	0,0	0,0	0,1	0,1	0,0	0,0	0,0	0,0	0,0
Tpa_3676_1	0,0	0,0	10,0	0,0	0,0	0,0	0,0	0,0	0,0	0,0	0,0	0,0	0,0	0,0	0,0	0,0	0,0	0,0	0,0	0,0	0,0	0,0	0,0	0,0	0,0	0,0	0,0	0,0	0,0	0,0	0,0	0,0
Tpa_3679_1	0,0	0,0	4,3	0,0	0,0	0,0	0,0	0,0	0,0	0,0	0,0	0,0	0,0	0,0	0,0	0,0	0,0	0,0	0,0	0,0	0,0	0,0	0,0	0,0	0,0	0,0	0,0	0,0	0,0	0,0	0,0	0,0
Tpa_3684_1	0,0	0,1	0,2	0,0	0,2	0,0	0,0	0,0	0,0	0,0	0,0	0,0	0,0	0,0	0,0	0,0	0,0	0,0	0,0	0,0	0,0	0,0	0,0	0,0	0,0	0,0	0,0	0,0	0,0	0,0	0,0	0,0
Tpa_3705_1	42,0	13,0	936,0	15,0	96,0	13,0	5,0	1,0	15,0	1,0	6,0	2,3	1,0	7,0	14,0	28,0	2,0	9,0	3,0	3,0	0,2	2,0	1,5	0,0	3,0	1,0	18,0	1,0	3,0	0,0	1,0	0,0
Tpa_3723_1	0,1	0,0	0,34	0,1	0,0	0,0	0,0	0,0	0,1	0,0	0,1	0,0	0,0	0,1	0,0	0,0	0,0	1,0	0,0	0,1	0,0	0,0	0,0	0,0	0,1	0,0	0,1	0,0	0,0	0,1	0,0	0,0
Tpa_3737_1	0,2	0,1	0,67	0,0	0,0	0,1	0,0	0,0	0,0	0,0	0,1	0,0	0,0	0,0	0,0	0,0	0,1	0,0	0,0	0,0	0,0	0,0	0,1	0,0	0,0	0,0	0,0	0,0	0,1	0,0	0,0	0,0
Tpa_3745_1	0,23	0,1	0,297	0,1	0,4	0,16	0,0	0,0	0,1	0,1	0,0	0,2	0,0	0,1	0,0	0,6	0,0	0,0	0,0	0,0	0,0	0,0	0,0	0,0	0,0	0,0	0,0	0,0	0,0	0,0	0,0	0,0
Tpa_3795_1	102,115	0,45	1,2114	5,2	0,38	0,72	0,3	0,4	0,14	0,15	0,16	0,38	0,0	0,24	0,29	0,136	0,0	0,21	0,2	7,0	0,4	0,2	0,18	0,0	0,6	1,2	0,29	0,3	0,5	0,1	0,0	0,0
Tpa_3846_1	2,3	0,0	38,35	0,0	0,0	1,0	0,0	1,0	0,0	0,0	0,0	0,0	0,0	0,0	1,0	0,0	0,0	0,0	0,0	0,0	0,0	0,0	0,0	0,0	0,0	0,0	0,0	0,0	0,0	0,0	0,0	0,0
Tpa_3862_1	0,0	0,0	0,0	0,0	0,0	0,0	0,0	0,0	0,0	0,0	0,0	0,0	0,0	0,0	0,0	0,0	0,0	0,0	0,0	0,0	0,0	0,0	0,0	0,0	0,0	0,0	0,0	0,0	0,0	0,0	0,0	0,0
Tpa_3871_1	40,0	3,0	558,0	0,0	5,0	7,0	0,0	0,0	1,0	0,0	1,0	1,0	1,0	3,0	2,0	6,0	0,0	4,0	0,0	0,0	1,0	0,0	0,0	0,0	0,1	1,0	2,0	1,0	1,0	0,0	0,0	0,0
Tpa_3879_1	0,91	0,13	1,755	0,5	0,43	0,41	0,2	0,1	0,3	0,4	0,1	0,20	0,1	0,8	0,16	0,31	0,0	6,5	0,1	0,1	0,1	0,3	0,9	0,0	0,2	0,3	0,15	0,1	0,3	0,1	0,0	0,0
Tpa_3905_1	7,0	3,0	38,143	1,0	6,0	6,0	0,0	1,0	1,0	2,0	0,1	0,0	0,0	0,0	3,0	10,0	0,0	3,0	0,0	0,0	0,0	0,0	0,0	0,0	0,0	0,0	0,0	0,0	0,0	0,0	0,0	0,0
Tpa_3926_1	1,0	0,0	25,0	0,0	0,0	1,0	0,0	0,0	0,0	0,0	0,0	0,0	0,0	0,0	0,0	1,0	0,0	0,0	0,0	0,0	0,0	0,0	0,0	0,0	0,0	0,0	0,0	0,0	0,0	0,0	0,0	0,0
Tpa_3937_1	0,1	0,0	0,9	0,0	0,0	0,1	0,0	0,0	0,0	0,0	0,0	0,0	0,0	0,0	0,1	0,1	0,0	0,0	0,0	0,0	0,0	0,0	0,0	0,0	0,0	0,0	0,0	0,0	0,0	0,0	0,0	0,0
Tpa_3962_1	2,0	2,0	104,0	0,0	1,0	0,0	0,0	0,0	0,0	0,0	0,0	1,1	0,0	0,0	0,0	1,0	0,0	0,0	0,0	0,0	0,0	1,0	1,0	0,0	0,0	0,0	0,0	0,0	0,0	0,0	0,0	0,0
Tpa_3974_1	0,1	0,0	33,27	0,0	0,0	0,0	0,0	0,0	0,1	0,0	0,0	0,0	0,0	0,0	0,0	0,0	0,0	0,0	0,0	0,0	0,0	0,0	0,0	0,0	0,0	0,0	0,0	0,0	0,0	0,0	0,0	0,0
Tpa_4020_1	0,0	0,0	0,39	0,0	0,0	0,0	0,0	0,0	0,0	0,0	0,0	0,0	0,0	0,0	0,0	0,3	0,0	0,0	0,0	0,0	0,0	0,0	0,0	0,0	0,0	0,0	0,0	0,0	0,0	0,0	0,0	0,0
Tpa_4021_1	15,0	1,0	536,1	0,0	4,0	4,0	0,0	0,0	1,0	1,0	0,0	2,0	0,0	2,0	0,0	0,5	0,0	0,0	0,0	0,0	0,0	0,0	0,0	0,0	0,0	0,0	0,0	0,0	0,0	0,0	0,0	0,0
Tpa_4022_1	84,58	11,12	610,397	0,1	0,56	66,26	0,3	3,0	11,8	0,9	6,9	45,13	0,1	0,26	0,16	0,89	0,1	11,4	0,0	1,7	0,0	1,0	5,6	0,0	0,4	10,1	0,12	0,2	7,6	0,1	0,0	0,0
Tpa_4055_1	1,0	0,0	4,5	0,0	11,0	0,0	0,0	0,0	1,0	0,0	1,0	0,0	0,0	0,0	1,0	0,0	0,0	0,0	0,0	0,0	0,0	0,0	0,0	0,0	1,0	0,0	0,0	0,0	0,0	0,0	0,0	0,0
Tpa_4077_1	5,0	0,0	186,0	0,0	2,0	4,0	0,0	0,0	0,0	0,0	0,0	1,0	0,0	0,0	2,0	1,0	0,0	0,0	0,0	0,0	0,0	0,0	0,0	0,0	1,0	0,0	1,0	0,0	0,0	0,0	0,0	0,0
Tpa_4120_1	49,0	6,0	726,0	0,0	5,0	19,8	0,0	0,0	0,0	1,0	6,0	4,5	1,0	2,0	3,0	33,0	0,0	2,0	0,0	0,0	0,0	1,0	0,0	0,0	0,0	1,0	3,0	0,0	0,1	0,0	0,0	0,0
Tpa_4126_1	8,0	3,8	392,0	21,0	83,0	2,0	2,0	3,0	15,0	3,0	7,0	2,0	3,0	5,0	10,0	20,0	1,0	9,0	0,0	4,0	0,0	1,0	2,0	0,0	8,0	0,0	3,12	1,0	2,0	0,0	0,0	0,0
Tpa_4137_1	2,3	0,13	0,299	0,2	0,18	0,2	0,0	0,0	0,5	0,0	0,4	0,0	0,0	0,2	0,8	0,10	0,1	0,4	1,0	0,3	0,0	0,0	0,3	0,0	0,5	0,2	0,10	0,0	0,2	0,0	0,0	0,0
Tpa_4148_1	0,0	0,0	0,16	0,0	0,0	0,0	0,0	0,0	0,0	0,0	0,0	0,0	0,0	0,0	0,0	0,0	0,0	0,0	0,0	0,0	0,0	0,0	0,0	0,0	0,0	0,0	0,0	0,0	0,0	0,0	0,0	0,0
Tpa_4168_1	1,0	0,0	93,0	0,0	0,0	2,0	0,0	0,0	0,0	0,0	0,0	0,0	0,0	0,0	0,0	3,0	0,0	0,0	0,0	0,0	0,0	0,0	0,0	0,0	0,0	1,0	0,0	0,0	0,0	0,0	0,0	0,0
Tpa_4176_1	0,0	0,0	2,0	0,0	0,0	0,0	0,0	0,0	0,0	0,0	0,0	0,0	0,0	0,0	0,0	0,0	0,0	0,0	0,0	0,0	0,0	0,0	0,0	0,0	0,0	1,0	0,0	0,0	0,0	0,0	0,0	0,0
Tpa_4178_1	9,5	7,0	467,0	1,0	30,0	12,0	0,0	1,0	4,0	1,0	1,0	2,0	0,0	2,0	1,0	10,0	0,0	4,0	0,0	1,0	0,0	2,0	1,0	0,0	1,0	0,0	7,0	0,0	1,0	0,1	0,0	1,0
Tpa_4209_1	0,4	0,1	1,414	0,0	0,1	0,2	0,0	0,0	0,2	0,0	0,0	0,0	0,0	0,1	0,0	0,4	0,0	0,2	0,0	0,0	0,0	0,0	0,1	0,0	0,0	0,0	0,0	0,0	0,0	0,0	0,0	0,0
Tpa_4221_1	0,0	0,0	0,0	0,0	0,0	0,0	0,0	0,0	0,0	0,0	0,0	0,0	0,0	0,0	0,0	0,0	0,0	0,0	0,0	0,0	0,0	0,0	0,0	0,0	0,0	0,0	0,0	0,0	0,0	0,0	0,0	0,0
Tpa_4230_1	3,0	0,6	192,0	0,0	3,0	0,6	0,0	0,0	0,0	1,0	1,0	0,0	0,0	0,0	0,0	4,0	0,0	0,0	0,0	0,0	0,0	0,1	0,0	0,0	0,0	0,0	2,0	0,0	0,0	0,0	0,0	0,0
Tpa_4245_1	0,0	0,0	0,0	0,0	0,0	0,0	0,0	0,0	0,0	0,0	0,0	0,0	0,0	0,0	0,0	0,0	0,0	0,0	0,0	0,0	0,0	0,0	0,0	0,0	0,0	0,0	0,0	0,0	0,0	0,0	0,0	0,0
Tpa_4246_1	0,0	0,3	0,188	0,0	0,1	0,1	0,0	0,0	0,3	0,0	0,0	0,0	0,0	0,5	0,2	0,4	0,0	0,0	0,0	0,2	0,0	0,0	0,0	0,0	0,2	0,1	0,6	0,0	0,1	0,0	0,0	0,0
Tpa_4247_1	25,0	7,0	384,0	1,0	26,0	4,0	1,0	2,0	9,0	0,0	7,0	3,0	0,0	0,0	4,0	28,0	0,0	2,0	0,0	1,0	0,0	1,0	1,0	0,0	0,0	0,0	4,0	0,0	0,0	0,0	1,0	0,0
Tpa_4268_1	134,0	51,0	807,0	3,0	9,0	57,0	0,0	2,0	2,0	8,0	7,0	42,0	0,0	85,0	5,0	51,0	0,0	3,0	8,0	3,1	1,0	6,0	0,0	0,0	0,0	6,0	6,0	2,0	0,0	0,0	0,0	1,0
Tpa_4291_1	14,0	1,0	779,1	0,0	0,0	1,0	1,0	0,0	2,0	0,0	1,0	2,0	0,0	0,0	1,0	3,0	0,0	0,0	0,0	1,0	1,0	0,0	1,0	0,0	0,0	0,0	0,0	0,0	1,0	0,0	0,0	0,0
Tpa_4295_1	0,0	0,0	0,24	0,0	0,1	0,0	0,0	0,0	0,0	0,0	0,0	0,0	0,0	0,0	0,0	0,0	0,0	0,0	0,0	0,0	0,0	0,0	0,0	0,0	0,0	0,0	0,0	0,0	0,0	0,0	0,0	0,0
Tpa_4310_1	6,0	1,0	61,58	1,0	1,0	1,0	0,0	1,0	0,0	0,0	0,0	0,0	0,0	1,0	0,0	0,0	0,0	0,0	0,0	0,0	0,0	0,0	0,0	0,0	0,0	0,0	1,0	0,0	0,0	0,0	0,0	0,0
Tpa_4316_1	4,0	1,0	395,0	0,0	0,0	3,0	0,0	0,0	0,0	0,0	1,0	0,0	0,0	1,0	0,0	2,0	0,0	0,0	0,0	0,0	0,0	0,0	0,0	0,0	0,0	0,0	0,0	0,0	0,0	0,0	0,0	0,0
Tpa_4353_1	0,177	0,22	0,1168	0,0	1,58	0,65	0,0	0,0	0,25	0,9	0,4	0,0	0,1	0,9	0,27	0,89	0,0	0,0	0,2	0,3	0,0	1,3	0,8	0,0	0,0	0,2	1,16	0,3	0,5	0,0	0,0	0,1
Tpa_4356_1	196,0	53,0	1240,1	8,0	76,0	78,0	1,0	0,1	8,0	9,0	18,0	38,0	6,0	21,16	22,0	28,69	0,0	13,0	0,0	11,0	1,0	4,0	7,0	0,0	4,0	8,0	12,21	1,0	2,0	1,0	1,0	1,0
Tpa_4380_1	0,0	1,0	12,0	0,0	0,0	0,0	0,0	0,0	0,0	0,0	0,0	0,0	0,0	0,0	0,0	0,0	0,0	0,0	0,0	0,0	0,0	0,0	0,0	0,0	0,0	0,0	0,0	0,0	0,0	0,0	0,0	0,0
Tpa_4384_1	0,1	0,0	0,106	0,0	0,0	0,1	0,0	0,0	0,1	0,0	0,0	0,0	0,0	0,1	0,0	0,3	0,0	0,0	0,0	0,0	0,0	0,0	0,0	0,0	0,0	0,0	0,0	0,0	0,0	0,0	0,0	0,0
Tpa_4394_1	2,0	0,0	48,0	0,0	0,0	1,0	0,0	0,0	0,0	0,0	0,0	0,0	0,0	0,0	0,0	0,0	0,0	0,0	0,0	0,0	0,0	0,0	0,0	0,0	0,0	0,0	0,0	0,0	0,0	0,0	0,0	0,0
Tpa_4416_1	0,10	0,0	2,321	0,0	0,1	1,0	0,0	0,0	0,0	0,0	0,1	0,0	0,0	0,4	0,0	0,0	0,0	0,1	0,0	0,0	0,0	0,0	0,0	0,0	0,0	0,0	0,3	0,0	0,0	0,0	0,0	0,0
Tpa_4425_1	0,4	0,7	0,228	0,2	0,122	0,9	0,0	0,0	2,1	0,0	0,2	0,0	0,0	0,0	0,2	0,25	0,0	0,10	0,0	0,0	0,0	0,0	0,1	0,0	0,0	0,0	0,4	0,0	0,0	0,0	0,0	0,0
Tpa_4443_1	13,0	3,0	426,1	0,0	1,0	1,0	0,0	0,0	1,0	0,0	2,0	0,0	1,0	7,0	1,0	4,0	0,0	0,0	0,0	0,0	0,0	0,0	0,0	0,0	0,0	1,0	1,0	0,0	0,0	0,0	0,0	0,0
Tpa_4454_1	0,1	0,1	0,115	0,1	0,2	0,0	0,0	0,0	0,0	0,1	0,1	0,0	0,0	0,2	0,0	0,0	0,0	0,0	0,0	0,0	0,0	0,0	0,2	0,0	0,0	0,0	0,2	0,0	0,0	0,0	0,0	0,0
Tpa_4467_1	0,0	0,0	1,0	0,0	0,0	0,0	0,0	0,0	0,0	0,0	0,0	0,0	0,0	0,0	0,0	0,0	0,0	0,0	0,0	0,0	0,0	0,0	0,0	0,0	0,0	0,0	0,0	0,0	0,0	0,0	0,0	0,0
Tpa_4495_1	0,0	0,1	0,14	0,0	0,0	0,0	0,0	0,0	0,0	0,0	0,0	0,0	0,0	0,0	0,0	0,1	0,0	0,0	0,0	0,0	0,0	0,0	0,0	0,0	0,0	0,0	0,0	0,0	0,0	0,0	0,0	0,0
Tpa_4506_1	0,0	0,0	7,0	0,0	0,0	0,0	0,0	0,0	0,0	0,0	0,0	0,0	0,0	0,0	0,0	0,0	0,0	0,0	0,0	0,0	0,0	0,0	0,0	0,0	0,0	0,0	0,0	0,0	0,0	0,0	0,0	0,0
Tpa_4511_1	0,0	0,0	0,0	0,0	0,0	0,0	0,0	0,0	0,0	0,0	0,0	0,0	0,0	0,0	0,0	0,0	0,0	0,0	0,0	0,0	0,0	0,0	0,0	0,0	0,0	0,0	0,0	0,0	0,0	0,0	0,0	0,0
Tpa_4549_1	0,0	1,0	6,0	0,0	0,0	0,0	0,0	0,0	0,0	0,0	0,0	0,0	0,0	0,0	0,0	0,0	0,0	0,0	0,0	0,0	0,0	0,0	0,0	0,0	0,0	0,0	0,0	0,0	0,0	0,0	0,0	0,0
Tpa_4556_1	2,0	0,0	91,0	0,0	0,0	0,0	1,0	0,0	0,0	0,0	0,0	0,0	0,0	0,0	3,0	0,0	0,0	0,0	0,0	0,0	0,0	0,0	0,0	0,0	0,0	0,0	1,0	1,0	0,0	0,0	0,0	0,0
Tpa_4569_1	19,0	3,0	398,0	0,1	7,9	3,0	0,0	0,0	1,1	2,0	1,0	1,2	0,0	1,3	0,2	4,3	0,0	1,0	0,0	1,0	0,1	0,0	0,0	0,0	0,0	0,0	5,0	0,0	0,1	0,0	1,0	0,0
Tpa_4582_1	0,0	0,0	3,3	0,0	0,0	0,0	0,0	0,0	0,0	0,0	0,0	0,0	0,0	0,0	0,0	0,0	0,0	0,0	0,0	0,0	0,0	0,0	0,0	0,0	0,0	0,0	0,0	0,0	0,0	0,0	0,0	0,0
Tpa_4590_1	22,0	8,0	250,0	0,0	0,0	5,0	0,0	0,0	0,0	0,0	0,0	0,0	0,0	2,0	1,0	6,0	0,0	0,0	0,0	0,0	0,0	0,0	1,0	0,0	0,0	0,0	1,0	0,0	0,0	0,0	0,0	0,0
Tpa_4591_1	0,0	0,0	1,0	0,0	0,0	0,0	0,0	0,0	0,0	0,0	0,0	0,0	0,0	0,0	0,0	0,0	0,0	0,0	0,0	0,0	0,0	0,0	0,0	0,0	0,0	0,0	0,0	0,0	0,0	0,0	0,0	0,0
Tpa_4592_1	0,3	0,1	0,64	0,0	0,3	0,0	0,0	0,0	0,0	0,0	0,0	0,0	0,0	0,0	0,0	0,0	0,0	0,0	0,0	0,0	0,0	0,0	1,0	0,0	0,0	0,0	0,1	0,0	0,0	0,0	0,0	0,0
Tpa_4593_1	0,0	1,0	191,0	0,0	0,0	1,0	0,0	0,0	0,0	0,0	0,0	1,0	0,0	0,0	2,0	2,0	0,0	0,0	0,0	0,0	0,0	0,0	0,0	0,0	0,0	0,0	0,0	0,0	1,0	0,0	0,0	0,0
Tpa_4595_1	0,0	0,0	0,0	0,0	0,0	0,0	0,0	0,0	0,0	0,0	0,0	0,0	0,0	0,0	0,0	0,0	0,0	0,0	0,0	0,0	0,0	0,0	0,0	0,0	0,0	0,0	0,0	0,0	0,0	0,0	0,0	0,0
Tpa_4599_1	103,0	13,24	292,763	0,0	9,1	40,0	0,0	0,0	2,8	1,0	1,0	12,0	0,0	93,0	4,0	67,0	0,1	3,0	1,0	1,2	1,0	8,0	4,0	0,0	4,0	2,0	10,0	0,0	3,0	0,0	1,0	0,0
Tpa_4633_1	0,0	0,0	0,3	0,0	0,0	0,0	0,0	0,0	0,0	0,0	0,0	0,0	0,0	0,0	0,0	0,0	0,0	0,0	0,0	0,0	0,0	0,0	0,0	0,0	0,0	0,0	0,0	0,0	0,0	0,0	0,0	0,0
Tpa_4637_1	0,1	0,1	0,27	0,0	4,0	0,2	0,0	0,0	0,0	0,0	0,0	0,0	0,0	0,0	0,1	0,0	0,0	0,0	0,0	0,0	0,0	0,0	0,0	0,0	0,0	0,0	0,0	0,0	0,0	0,0	0,0	0,0
Tpa_4668_1	16,0	13,0	372,0	14,0	69,0	9,0	0,0	0,1	14,0	2,0	7,0	2,3	0,0	14,1	4,0	6,5	0,0	10,0	0,0	4,0	0,0	2,0	1,1	0,0	3,0	0,0	6,0	0,0	1,2	1,0	0,0	0,0
Tpa_4678_1	0,145	0,29	0,1219	2,3	0,39	0,70	0,1	2,1	0,18	0,2	0,9	0,23	0,1	0,21	0,32	0,71	0,0	0,22	0,2	0,8	0,1	0,3	0,7	0,0	0,3	0,6	0,30	0,1	0,3	0,0	0,0	0,1
Tpa_4697_1	0,0	0,0	0,22	0,0	0,1	0,0	0,0	0,0	0,1	0,0	0,0	0,0	0,0	0,0	0,0	0,0	0,0	0,0	0,0	0,0	0,0	0,0	0,0	0,0	0,0	0,0	0,0	0,0	0,0	0,0	0,0	0,0
Tpa_4713_1	0,1	0,0	0,75	0,0	0,0	0,0	0,0	0,0	0,0	0,0	0,0	0,0	0,0	0,0	0,0	0,0	0,0	0,1	0,0	0,0	0,0	0,0	0,0	0,0	0,0	0,0	0,0	0,0	0,0	0,0	0,0	0,0
Tpa_4731_1	0,0	0,0	0,0	0,0	0,0	0,0	0,0	0,0	0,0	0,0	0,0	0,0	0,0	0,0	0,0	0,0	0,0	0,0	0,0	0,0	0,0	0,0	0,0	0,0	0,0	0,0	0,0	0,0	0,0	0,0	0,0	0,0
Tpa_4747_1	89,0	8,0	516,0	4,0	85,0	44,0	1,0	0,0	0,3	4,0	4,0	3,0	0,0	11,0	3,0	17,0	0,0	6,0	0,0	0,0	0,0	0,0	9,0	0,0	5,0	0,0	3,0	1,0	1,0	0,0	0,0	0,0
Tpa_4749_1	3,0	1,0	47,33	0,0	1,0	0,0	0,0	0,0	0,0	0,0	0,0	0,0	0,0	0,0	0,0	0,0	0,0	0,0	0,0	0,0	0,0	0,0	0,0	0,0	0,0	0,0	1,1	0,0	0,0	0,0	0,0	0,0
Tpa_4804_1	5,0	0,1	85,60	0,0	13,0	0,0	0,0	0,0	0,1	0,1	0,2	0,1	0,0	0,0	0,0	6,0	0,0	1,0	0,0	0,0	0,0	0,0	0,2	0,0	0,0	0,0	0,1	0,0	0,0	0,0	0,0	0,0
Tpa_4849_1	0,0	0,0	20,26	0,0	0,0	0,0	0,0	0,0	0,0	0,0	0,0	0,0	0,0	0,0	0,0	0,0	0,0	0,0	0,0	0,0	0,0	0,0	0,0	0,0	0,0	0,0	0,0	0,0	0,0	0,0	0,0	0,0
Tpa_4885_1	1,0	0,0	13,18	0,0	1,0	0,0	0,0	0,0	0,2	0,0	0,0	0,0	0,0	0,0	0,0	1,0	0,0	0,0	0,0	0,0	0,0	0,0	0,0	0,0	0,0	0,0	0,0	0,0	0,0	0,0	0,0	0,0
Tpa_4886_1	0,0	0,0	17,0	0,0	0,0	0,0	0,0	0,0	0,0	0,0	0,0	0,0	0,0	1,0	0,0	0,0	0,0	0,0	0,0	0,0	0,0	0,0	0,0	0,0	0,0	0,0	0,0	0,0	0,0	0,0	0,0	0,0
Tpa_4900_1	1,0	0,0	5,4	0,0	0,0	0,0	0,0	0,0	0,0	0,0	0,0	0,0	0,0	0,0	0,0	0,0	0,0	0,0	0,0	0,0	0,0	0,0	0,0	0,0	0,0	0,0	0,0	0,0	0,0	0,0	0,0	0,0
Tpa_4920_1	0,0	0,0	0,0	0,0	0,1	0,0	0,0	0,0	0,0	0,0	0,0	0,0	0,0	0,0	0,0	0,0	0,0	0,0	0,0	0,0	0,0	0,0	0,0	0,0	0,0	0,0	0,0	0,0	0,0	0,0	0,0	0,0
Tpa_4928_1	0,1	0,0	10,57	0,0	0,0	0,0	0,0	0,0	0,0	0,0	0,0	0,0	0,0	0,0	0,0	1,0	0,0	0,0	0,0	0,0	0,0	0,0	0,0	0,0	0,0	0,0	0,0	0,0	0,0	0,0	0,0	0,0
Tpa_4936_1	0,0	0,0	12,0	0,0	0,0	0,0	0,0	0,0	0,0	0,0	1,0	0,0	0,0	0,0	0,0	0,0	0,0	0,0	0,0	0,0	0,0	0,0	0,0	0,0	0,0	0,0	0,0	0,0	0,0	0,0	0,0	0,0
Tpa_4985_1	1,39	0,2	0,195	0,1	0,108	0,8	0,0	0,0	0,4	0,1	1,1	0,2	0,0	0,1	0,5	0,16	0,0	0,10	0,0	0,1	0,0	0,0	0,1	0,0	0,0	0,0	0,9	0,0	0,0	0,0	0,0	0,0
Tpa_5002_1	0,0	0,0	26,21	0,1	0,0	0,0	0,0	0,0	0,0	0,0	0,0	0,0	0,0	1,0	0,0	0,0	0,0	1,0	0,0	0,0	0,0	0,0	0,0	0,0	0,0	0,0	0,0	0,0	0,0	0,0	0,0	0,0
Tpa_5015_1	0,0	0,0	1,0	0,0	0,0	0,0	0,0	0,0	0,0	0,0	0,0	0,0	0,0	0,0	0,0	0,0	0,0	0,0	0,0	0,0	0,0	0,0	0,0	0,0	0,0	0,0	0,0	0,0	0,0	0,0	0,0	0,0
Tpa_5022_1	111,0	59,0	933,0	140,0	416,0	58,0	16,0	23,0	101,0	13,0	51,0	33,0	7,0	32,34	76,0	39,34	3,0	30,0	18,0	39,0	10,0	9,0	32,0	0,0	49,0	15,0	93,0	21,0	52,0	6,0	0,0	0,0
Tpa_5057_1	9,0	0,0	150,0	1,0	0,0	5,0	0,0	1,0	1,0	0,2	0,0	0,0	0,0	0,0	0,0	1,0	0,0	0,0	0,0	0,0	0,0	0,0	0,0	0,0	0,0	0,0	0,0	0,0	0,0	0,0	0,0	0,0
Tpa_5075_1	1,0	1,0	151,0	0,0	0,0	0,0	0,0	0,0	0,0	0,0	0,0	0,0	0,0	1,1	0,0	0,0	0,0	0,0	0,0	0,0	0,0	0,0	0,0	0,0	1,0	0,0	0,0	0,0	0,0	0,0	0,0	0,0
Tpa_5104_1	0,213	1,42	4,1467	0,169	0,331	0,77	0,10	0,23	0,45	0,10	1,50	1,50	0,33	1,36	0,90	0,148	0,2	0,20	0,4	0,56	0,10	0,3	0,37	0,0	0,17	0,11	0,102	0,10	0,27	0,10	0,1	0,0
Tpa_5106_1	0,0	0,0	11,24	0,0	0,0	0,1	0,0	0,0	0,0	0,1	0,0	0,0	0,0	1,0	0,0	0,0	1,0	0,0	0,0	0,0	1,0	0,0	0,0	0,0	1,0	0,0	1,0	0,0	0,0	0,0	0,0	0,0
Tpa_5118_1	1,0	0,0	24,0	0,0	3,0	0,0	0,0	0,0	1,0	0,0	0,0	0,0	0,0	1,0	0,0	0,1	0,0	0,0	0,0	0,0	0,0	0,0	0,0	0,0	0,1	0,0	2,0	0,0	0,0	0,0	0,0	0,0
Tpa_5138_1	8,0	0,0	115,0	0,0	0,0	0,0	0,0	0,0	0,0	0,0	0,0	0,0	0,0	0,0	0,0	0,0	0,0	0,0	0,0	0,0	0,0	0,0	0,0	0,0	0,0	0,0	0,0	0,0	0,0	0,0	0,0	0,0
Tpa_5144_1	0,0	0,0	0,92	0,0	0,0	0,0	0,0	0,0	0,0	0,0	0,0	0,0	0,0	0,0	0,0	0,0	0,0	0,1	0,0	0,0	0,0	0,0	0,0	0,0	0,0	0,0	0,0	0,0	0,0	0,0	0,0	0,0
Tpa_5167_1	0,0	0,0	3,0	0,0	0,0	0,0	0,0	0,0	0,0	0,0	0,0	0,0	0,0	0,0	0,0	0,0	0,0	0,0	0,0	0,0	0,0	0,0	0,0	0,0	0,0	0,0	0,0	0,0	0,0	0,0	0,0	0,0
Tpa_5196_1	0,0	0,0	0,28	0,0	0,0	0,0	0,0	0,0	0,0	0,0	0,0	0,0	0,0	0,0	0,0	0,0	0,0	0,0	0,0	0,0	0,0	0,0	0,0	0,0	0,0	0,0	0,0	0,0	0,0	0,0	0,0	0,0
Tpa_5205_1	0,0	0,0	6,0	0,0	0,0	0,0	0,0	0,0	0,0	0,0	0,0	0,0	0,0	0,0	0,0	0,0	0,0	0,0	0,0	0,0	0,0	0,0	0,0	0,0	0,0	0,0	0,0	0,0	0,0	0,0	0,0	0,0
Tpa_5206_1	0,0	0,0	0,6	0,0	0,0	0,0	0,0	0,0	0,0	0,0	0,0	0,0	0,0	0,0	0,0	0,0	0,0	0,0	0,0	0,0	0,0	0,0	0,0	0,0	0,0	0,0	1,0	0,0	0,0	0,0	0,0	0,0
Tpa_5218_1	0,0	0,0	2,0	0,0	0,0	0,1	0,0	0,0	0,0	0,0	0,0	0,0	0,0	0,0	0,0	0,0	0,0	0,0	0,0	0,0	0,0	0,0	0,0	0,0	0,0	0,0	0,0	0,0	0,0	0,0	0,0	0,0
Tpa_5222_1	0,1	0,0	13,15	0,0	0,0	0,1	0,0	0,0	0,0	0,0	0,0	0,0	0,0	0,0	0,0	0,1	0,0	0,0	0,0	0,0	0,0	0,0	0,0	0,0	0,0	0,0	0,0	0,0	0,0	0,0	0,0	0,0
Tpa_5228_1	5,3	8,0	185,1	1,0	18,0	4,0	0,0	0,0	1,3	0,0	5,0	1,0	0,0	0,0	2,0	10,0	0,0	3,0	0,0	1,0	0,0	0,0	2,0	0,0	0,0	1,0	8,0	0,0	0,0	0,0	0,0	0,0
Tpa_5241_1	1,0	0,0	124,0	0,0	2,0	0,0	0,0	0,0	0,0	0,0	0,0	0,0	0,0	0,0	0,0	1,0	0,0	0,0	0,0	0,0	0,0	0,0	0,0	0,0	0,0	0,0	0,0	0,0	0,0	0,0	0,0	0,0
Tpa_5242_1	12,0	0,0	203,180	1,0	3,1	4,0	0,0	0,0	3,0	1,0	2,0	1,0	1,0	3,0	1,0	5,0	0,0	2,1	0,0	0,0	1,0	1,0	0,0	0,0	0,0	0,0	1,0	0,0	0,0	0,0	0,0	0,0
Tpa_5244_1	111,0	19,0	1004,0	5,4	24,17	58,0	2,0	1,1	8,8	9,0	15,0	11,0	6,0	33,0	25,0	50,27	1,0	6,0	2,0	9,0	0,1	1,0	14,0	0,0	2,0	1,0	15,0	0,0	8,0	1,0	1,0	0,0
Tpa_5249_1	2,0	0,0	8,0	0,0	0,0	0,0	0,0	0,0	0,0	0,0	0,0	0,0	0,0	0,0	0,0	2,0	0,0	0,0	0,0	0,0	0,0	0,0	0,0	0,0	0,0	0,0	0,0	0,0	0,0	0,0	0,0	0,0
Tpa_5270_1	0,0	0,0	0,0	0,0	0,2	0,0	0,0	0,0	0,0	0,0	0,0	0,0	0,0	0,0	0,0	0,0	0,0	0,0	0,0	0,0	0,0	0,0	0,0	0,0	0,0	0,0	0,0	0,0	0,0	0,0	0,0	0,0
Tpa_5278_1	5,0	0,1	0,340	0,0	0,2	0,0	0,0	0,0	0,1	0,0	0,0	0,0	0,0	0,0	0,0	0,2	0,0	0,2	0,0	0,0	0,0	0,0	0,0	0,0	0,0	0,0	0,1	0,0	0,1	0,0	0,0	0,0
Tpa_5279_1	1,0	0,0	74,1	0,0	1,0	0,1	0,0	0,0	0,0	0,0	0,0	1,0	0,0	0,0	0,0	2,0	0,0	0,0	0,0	0,0	0,0	0,0	0,0	0,0	0,0	0,0	0,0	0,0	0,0	0,0	0,0	0,0
Tpa_5292_1	0,91	1,23	447,452	7,6	44,56	7,26	0,0	1,3	0,21	0,8	0,14	0,27	0,5	0,9	13,9	0,49	0,0	0,8	0,3	0,11	0,3	0,0	0,2	0,0	1,1	1,2	0,31	0,0	1,7	0,0	0,0	0,0
Tpa_5298_1	0,16	0,5	0,401	0,0	0,2	3,10	0,0	0,0	0,0	0,0	0,0	0,1	0,0	0,3	0,0	0,1	0,0	0,0	0,0	0,0	0,1	0,0	0,0	0,0	0,1	0,0	0,2	0,0	0,0	0,0	0,0	0,0
Tpa_5327_1	64,0	16,0	706,66	3,0	29,0	39,0	1,0	1,0	4,0	1,0	9,0	6,0	0,0	5,0	9,0	34,0	0,0	1,0	0,0	1,0	0,0	0,0	3,0	0,0	2,0	1,0	11,0	0,0	1,0	1,0	0,0	0,0
Tpa_5360_1	0,1	0,0	0,32	0,0	0,0	0,1	0,1	0,0	0,1	0,0	0,0	0,0	0,0	0,0	0,0	0,0	0,0	0,0	0,0	0,0	0,0	0,0	0,0	0,0	0,0	0,0	0,0	0,0	0,0	0,0	0,0	0,0
Tpa_5361_1	3,6	0,1	303,0	1,0	2,0	1,0	0,0	0,0	0,0	0,0	0,0	0,2	0,0	0,0	0,0	1,0	0,0	1,0	0,0	1,0	0,0	0,0	0,0	0,0	2,0	0,0	3,0	0,0	0,0	0,1	0,0	0,0
Tpa_5373_1	0,0	0,0	42,0	0,0	0,0	0,0	0,0	0,0	0,0	0,0	0,0	0,0	0,0	0,0	0,0	0,0	0,0	0,0	0,0	0,0	0,0	0,0	0,0	0,0	0,0	0,0	0,0	0,0	0,0	0,0	0,0	0,0
Tpa_5379_1	148,0	24,0	958,0	0,0	9,0	40,0	0,0	1,0	2,0	1,0	2,0	22,0	1,0	47,0	0,0	48,0	0,0	2,0	2,0	0,4	0,0	1,0	1,0	0,0	1,3	5,0	0,0	0,0	2,0	1,0	0,0	0,0
Tpa_5382_1	60,0	13,1	377,0	1,0	7,0	29,0	1,0	2,0	5,0	7,0	3,0	12,0	0,0	12,0	8,0	54,0	0,0	4,0	1,0	2,0	3,0	1,0	2,0	0,0	0,0	5,0	12,0	1,0	1,0	0,0	0,0	0,0
Tpa_5418_1	31,24	20,0	956,1	10,0	58,25	39,0	1,0	1,0	8,8	2,0	12,0	12,0	0,0	9,0	7,13	22,14	0,0	12,0	0,0	8,0	0,0	6,0	9,0	0,0	3,0	2,0	29,1	1,0	1,0	0,0	0,0	0,0
Tpa_5441_1	0,111	0,6	1,814	0,6	0,9	0,42	0,1	0,1	0,2	0,0	0,2	0,9	0,0	0,12	0,1	0,14	0,0	0,9	0,1	0,1	0,0	0,0	0,1	0,0	0,2	0,2	0,2	0,1	0,1	0,0	0,0	0,0
Tpa_5445_1	40,30	0,12	1,1017	0,3	6,7	17,11	0,0	0,0	3,1	0,2	2,2	6,6	2,0	0,11	0,8	25,15	0,0	10,0	1,0	0,0	0,0	0,2	0,6	0,0	1,1	0,1	11,7	0,0	2,1	0,0	0,0	0,0
Tpa_5446_1	17,0	1,0	525,0	0,0	0,0	4,0	0,0	0,0	1,0	0,0	1,0	1,0	0,0	1,0	0,0	1,0	0,0	3,0	0,0	0,0	0,0	0,0	0,0	0,0	1,0	0,0	0,0	0,0	0,0	0,0	0,0	0,0
Tpa_5454_1	1,1	0,0	155,132	0,0	0,0	0,4	0,0	0,0	0,1	0,0	1,0	1,0	0,0	0,2	0,1	0,4	0,0	1,1	0,0	0,0	0,0	0,0	0,0	0,0	1,0	0,0	0,0	0,0	0,0	0,0	0,0	0,0
Tpa_5471_1	241,0	56,0	1584,2	155,0	1,0	0,0	64,0	0,0	156,0	149,111	128,0	0,0	140,0	103,0	202,0	345,0	118,0	42,0	43,0	0,0	1,0	18,0	158,0	0,0	139,0	281,0	144,0	0,0	0,0	38,30	11,0	16,0
Tpa_5485_1	4,0	5,0	21,0	4,4	106,0	0,0	0,0	3,0	6,0	0,0	6,0	0,0	0,0	2,0	5,0	0,0	0,0	8,0	1,0	1,0	0,0	1,0	1,0	0,0	1,0	0,0	10,0	0,0	1,0	0,0	0,0	0,0
Tpa_5501_1	0,9	0,0	0,204	0,0	1,1	0,3	0,0	0,0	0,0	0,0	0,0	0,0	0,0	0,1	0,1	0,1	0,0	0,0	0,0	0,1	0,0	0,0	0,0	0,0	0,0	0,0	0,0	0,0	0,0	0,0	0,0	0,0
Tpa_5525_1	0,68	0,6	409,438	0,2	0,16	15,15	0,1	0,0	0,4	0,3	1,2	0,7	0,1	0,7	0,10	0,57	0,1	0,6	0,0	0,2	0,1	1,0	0,4	0,0	0,1	0,1	6,5	0,0	0,5	0,0	0,0	0,0
Tpa_5538_1	0,0	0,2	7,5	0,1	0,2	0,0	0,0	0,0	0,0	0,0	0,0	1,0	0,0	0,1	0,0	0,0	0,0	0,0	0,0	0,0	0,0	0,0	0,0	0,0	0,0	0,0	0,0	0,0	0,0	0,0	0,0	0,0
Tpa_5540_1	0,0	0,0	24,0	0,0	0,0	0,0	0,0	0,0	0,0	0,0	0,0	0,0	0,0	0,0	0,0	1,0	0,0	0,0	0,0	0,0	0,0	0,0	0,0	0,0	0,0	0,0	0,0	0,0	0,0	0,0	0,0	0,0
Tpa_5542_1	0,0	0,0	5,0	0,0	0,0	0,0	0,0	0,0	0,0	0,0	0,0	0,0	0,0	1,0	0,0	0,0	0,0	0,0	0,0	0,0	0,0	0,0	0,0	0,0	0,0	0,0	0,0	0,0	0,0	0,0	0,0	0,0
Tpa_5563_1	0,0	0,0	0,51	0,1	0,1	0,1	0,0	0,0	0,0	0,0	0,1	0,0	0,0	0,0	0,0	0,0	0,0	0,0	0,0	0,0	0,0	0,1	0,0	0,0	0,0	0,0	0,1	0,0	0,0	0,0	0,0	0,0
Tpa_5565_1	135,0	29,24	0,1333	3,3	79,0	152,0	0,0	0,1	19,1	29,0	27,27	32,0	1,2	21,24	31,0	131,128	0,0	14,0	1,0	3,17	0,0	12,0	26,0	0,0	6,0	13,14	54,0	0,0	6,0	2,0	0,0	0,0
Tpa_5570_1	0,2	0,0	0,101	0,0	6,0	0,1	0,0	0,0	0,0	0,0	0,0	0,0	0,0	0,0	0,0	0,2	0,0	0,1	0,0	0,0	0,0	0,0	0,0	0,0	0,0	0,0	0,0	0,0	0,0	0,0	0,0	0,0
Tpa_5574_1	0,1	0,0	83,0	1,0	7,0	0,0	0,0	0,0	1,0	0,0	0,0	0,0	0,0	0,0	0,0	1,4	0,0	1,0	0,0	0,0	0,0	0,0	0,0	0,0	0,0	0,0	1,0	0,1	0,0	0,0	1,0	0,0
Tpa_5588_1	200,0	78,0	2206,2	160,0	641,1	94,1	8,0	25,0	146,0	17,0	77,0	45,0	12,5	59,0	68,43	176,0	3,0	61,1	13,0	68,0	4,4	16,0	35,0	0,0	41,0	28,0	141,0	18,0	64,1	11,0	1,0	0,0
Tpa_5594_1	2,0	1,0	132,0	0,0	3,0	2,0	0,0	0,0	1,0	0,0	0,0	0,0	0,0	1,0	0,0	1,0	0,0	1,0	0,0	0,0	0,0	0,0	0,0	0,0	0,0	0,0	1,0	0,0	0,0	0,0	0,0	0,0
Tpa_5601_1	0,31	0,2	0,531	0,0	0,3	8,5	0,0	0,0	0,0	0,0	0,0	1,0	0,0	2,1	0,2	3,3	0,1	0,0	0,0	0,0	0,0	0,0	0,0	0,0	0,0	0,0	0,2	0,0	0,0	0,0	0,0	0,0
Tpa_5609_1	0,0	0,0	9,0	0,0	7,0	1,0	0,1	0,0	0,0	0,0	1,0	0,0	0,0	0,0	1,0	0,0	0,0	2,0	0,0	0,0	0,0	0,0	0,0	0,0	0,0	0,0	0,0	0,0	0,0	0,0	0,0	0,0
Tpa_5623_1	81,0	17,0	1363,1	4,0	15,0	35,0	0,0	2,0	4,0	3,0	7,0	5,0	2,0	9,0	7,0	39,0	1,0	9,0	0,0	1,0	0,0	2,0	2,0	0,0	4,0	0,0	11,0	3,0	2,0	0,0	0,0	0,0
Tpa_5636_1	0,0	0,0	0,15	0,0	0,0	0,0	0,0	0,0	0,0	0,0	0,0	0,0	0,0	0,0	0,0	0,0	0,0	0,0	0,0	0,0	0,0	0,0	0,0	0,0	0,0	0,0	0,0	0,0	0,0	0,0	0,0	0,0
Tpa_5651_1	0,4	0,0	1,101	0,0	0,0	0,0	0,0	0,0	0,0	0,0	0,0	0,1	0,0	0,0	0,0	0,1	0,0	0,2	0,0	0,0	0,0	0,0	0,1	0,0	0,0	0,0	0,0	0,0	1,0	0,0	0,0	0,0
Tpa_5679_1	0,10	0,0	0,107	0,0	0,2	0,6	0,0	0,0	0,1	0,0	0,0	0,0	0,0	3,1	0,2	0,7	0,0	0,1	0,0	0,0	0,0	0,0	0,0	0,0	0,0	0,0	0,0	0,0	0,0	0,0	0,0	0,0
Tpa_5741_1	1,0	0,0	190,0	1,0	3,0	3,0	0,0	1,0	1,0	0,0	0,0	0,0	0,0	0,0	1,0	5,0	0,0	1,0	0,0	0,0	0,0	0,0	1,0	0,0	0,0	0,0	1,0	0,0	0,0	0,0	0,0	0,0
Tpa_5761_1	0,2	0,1	0,153	0,0	0,0	0,2	0,0	0,0	0,1	0,1	0,0	0,1	0,0	0,0	0,0	1,0	0,0	0,0	0,0	0,0	0,0	0,0	0,0	0,0	0,0	0,0	0,0	0,0	0,0	0,0	0,0	0,0
Tpa_5774_1	0,1	0,0	0,254	0,0	0,1	0,1	0,0	0,0	0,0	0,0	0,0	0,0	0,0	0,1	0,1	0,3	0,0	0,0	0,0	0,0	0,0	0,0	0,1	0,0	0,0	0,0	0,0	0,0	0,0	0,0	0,0	0,0
Tpa_5795_1	1,0	0,0	4,0	0,0	0,0	0,0	0,0	0,0	0,0	0,0	0,0	0,0	0,0	0,0	0,0	0,0	0,0	0,0	0,0	0,0	0,0	0,0	0,0	0,0	0,0	0,0	0,0	0,0	0,0	0,0	0,0	0,0
Tpa_5796_1	12,0	0,0	565,0	0,0	0,4	0,3	1,0	0,0	0,1	0,0	0,0	1,1	1,0	0,0	1,3	5,0	0,0	0,0	0,0	1,0	0,0	0,0	1,0	0,0	0,0	1,0	0,1	0,0	0,0	0,0	0,0	0,0
Tpa_5823_1	0,17	0,3	1,409	0,0	0,0	0,8	0,0	0,0	0,0	0,0	0,1	0,4	0,0	0,2	0,0	0,4	0,0	0,0	0,0	0,1	0,0	0,0	0,1	0,0	0,0	0,1	0,0	0,0	0,0	0,0	0,0	0,0
Tpa_5827_1	0,9	0,1	0,300	0,0	0,0	4,0	0,0	0,0	0,1	0,0	0,0	0,1	0,0	1,0	0,1	0,1	0,1	0,0	0,0	0,0	0,0	0,0	0,1	0,0	0,0	0,0	0,0	0,0	0,0	0,0	0,0	0,0
Tpa_5829_1	0,0	0,0	5,6	0,0	0,0	0,0	0,0	0,0	0,0	0,0	1,0	0,0	0,0	0,0	0,0	0,0	0,0	0,0	0,0	0,0	0,0	0,0	0,0	0,0	1,0	0,0	1,0	0,0	0,0	0,0	0,0	0,0
Tpa_5838_1	87,0	8,0	432,521	0,0	3,0	47,0	0,0	0,0	1,0	2,0	2,0	11,0	1,0	10,0	0,0	19,0	0,0	1,0	0,0	2,0	1,0	1,0	2,0	0,0	1,0	1,0	1,0	0,0	1,0	1,0	0,0	0,0
Tpa_5854_1	0,0	0,0	0,0	0,0	0,0	0,0	0,0	0,0	0,0	0,0	0,0	0,0	0,0	0,0	0,0	0,0	0,0	0,0	0,0	0,0	0,0	0,0	0,0	0,0	0,0	0,0	0,0	0,0	0,0	0,0	0,0	0,0
Tpa_5856_1	0,2	0,1	124,7	0,0	0,1	0,2	0,0	0,0	0,0	0,0	0,0	0,0	0,0	0,0	0,0	0,0	0,0	0,1	0,0	0,0	0,0	0,0	0,0	0,0	0,0	0,0	0,0	0,0	0,0	0,0	0,0	0,0
Tpa_5863_1	0,6	0,0	0,277	0,0	0,1	2,1	0,0	0,0	0,0	0,0	1,0	0,1	0,0	0,0	0,0	0,1	0,0	1,0	0,1	0,0	0,0	1,0	0,0	0,0	0,0	0,1	0,0	0,0	0,0	0,0	0,0	0,0
Tpa_5868_1	0,0	0,0	11,0	1,0	0,0	1,0	0,0	0,0	0,0	0,0	0,0	0,0	0,0	1,0	0,0	0,0	0,0	0,0	0,0	0,0	0,0	0,0	0,0	0,0	0,0	0,0	0,0	0,0	0,0	0,0	0,0	0,0
Tpa_5878_1	6,6	2,0	605,0	0,0	7,0	6,2	0,0	0,0	1,0	0,0	0,0	0,0	0,0	2,0	0,0	7,0	0,0	3,0	0,0	0,0	0,0	0,0	1,0	0,0	1,0	0,0	2,0	0,0	0,0	0,0	0,0	0,0
Tpa_5913_1	12,31	1,1	430,0	0,0	0,5	8,12	0,0	1,0	0,0	0,0	0,0	3,6	0,0	6,0	0,1	1,11	0,0	0,2	0,0	0,0	1,0	3,0	0,1	0,0	1,0	1,0	2,0	0,1	0,0	0,0	0,0	1,0
Tpa_5917_1	5,7	0,5	243,324	0,0	0,0	0,13	0,0	0,0	0,0	0,1	0,2	0,4	0,0	0,3	0,1	0,10	0,0	0,1	0,0	0,0	0,0	0,0	0,1	0,0	0,1	0,0	0,1	0,0	0,0	0,0	0,0	0,0
Tpa_5942_1	0,0	0,0	8,1	0,0	0,0	0,0	0,0	0,0	0,0	0,0	0,0	0,0	0,0	0,0	0,0	0,0	0,0	0,0	0,0	0,0	0,0	0,0	0,0	0,0	0,0	0,0	0,0	0,0	0,0	0,0	0,0	0,0
Tpa_5951_1	0,11	0,3	0,64	0,0	0,2	0,1	0,0	0,0	0,1	0,0	0,2	0,0	0,0	0,4	0,1	0,2	0,0	0,0	0,0	0,0	0,0	0,0	0,0	0,0	0,0	0,0	0,1	0,0	0,0	0,0	0,0	0,0
Tpa_5961_1	0,0	1,0	0,5	0,0	0,0	0,0	0,0	0,0	0,0	0,0	0,0	0,0	0,0	0,0	0,0	0,0	0,0	0,0	0,0	0,0	0,0	0,0	0,0	0,0	0,0	0,0	0,0	0,0	0,0	0,0	0,0	0,0
Tpa_5978_1	0,17	0,9	1,603	0,0	0,57	0,11	0,1	0,0	0,8	0,2	0,10	0,3	0,0	0,10	0,5	0,10	0,1	0,3	0,1	0,2	0,1	0,0	0,1	0,0	0,1	1,1	0,13	0,0	0,3	0,0	0,0	0,0
Tpa_5980_1	5,3	2,0	358,303	0,1	13,0	2,1	0,0	1,0	0,0	0,1	0,0	1,0	0,0	1,1	1,0	4,0	0,0	0,0	0,0	0,0	0,0	0,0	0,0	0,0	2,0	0,0	1,0	0,0	0,0	0,0	0,0	0,0
Tpa_6016_1	38,0	1,1	1,634	0,0	11,0	6,0	0,0	0,0	1,0	2,0	2,0	3,0	0,0	1,0	0,0	6,1	0,0	0,0	0,0	0,0	0,0	0,0	1,0	0,0	0,0	1,0	1,0	0,0	0,0	0,0	0,0	0,0
Tpa_6076_1	0,0	0,0	0,31	0,0	0,1	0,0	0,0	0,0	0,0	0,0	0,0	0,0	0,0	0,1	0,0	0,0	0,0	0,0	0,0	0,0	0,0	0,0	0,0	0,0	0,0	0,0	0,0	0,0	0,0	0,0	0,0	0,0
Tpa_6083_1	11,0	4,0	445,0	4,0	22,0	7,0	1,0	0,0	3,0	0,0	7,0	2,0	1,0	7,0	2,0	0,5	0,0	5,0	0,0	3,0	0,0	3,0	3,0	0,0	3,0	0,0	4,0	0,0	0,0	0,0	0,0	0,0
Tpa_6137_1	0,1	0,0	40,44	0,0	0,0	0,0	0,0	0,0	0,0	0,0	0,0	0,1	0,0	0,0	0,0	0,0	0,0	0,0	0,0	0,0	0,0	0,0	0,0	0,0	0,0	0,0	0,0	0,0	0,0	0,0	0,0	0,0
Tpa_6139_1	23,0	4,0	479,0	1,0	2,2	4,3	0,0	1,0	1,0	0,0	0,0	2,0	0,0	3,0	6,0	6,0	0,0	3,0	0,0	1,0	0,0	0,0	0,0	0,0	0,0	0,0	1,0	0,0	0,0	0,0	0,0	0,0
Tpa_6150_1	2,0	3,0	108,0	3,0	11,0	1,0	0,0	0,0	2,0	0,0	1,0	0,0	0,0	5,0	0,0	0,0	0,0	2,2	0,0	0,0	0,0	1,0	1,0	0,0	0,0	1,0	1,0	0,0	0,0	0,0	0,0	0,0
Tpa_6158_1	26,21	9,0	881,0	2,0	27,0	19,0	1,0	2,0	6,0	1,0	5,0	4,0	1,0	4,0	12,0	12,7	1,0	10,0	0,0	3,0	0,0	3,0	4,0	0,0	1,0	1,0	7,0	0,0	3,0	0,0	0,0	0,0
Tpa_6169_1	0,47	0,5	0,931	0,2	0,5	0,6	0,0	0,0	1,1	0,2	0,2	0,6	0,0	0,8	0,8	0,18	0,0	0,3	0,0	0,0	0,1	0,0	0,0	0,0	0,0	0,0	6,3	0,0	0,0	0,0	0,0	0,0
Tpa_6172_1	0,22	0,4	1,689	0,0	0,1	0,11	0,1	0,0	0,3	0,1	0,0	0,3	0,1	0,5	0,2	0,9	0,0	0,1	0,0	0,0	0,1	0,0	0,0	0,0	0,1	0,0	0,3	0,0	0,1	0,0	0,0	0,0
Tpa_6204_1	0,0	0,1	0,18	1,0	0,1	1,0	0,0	1,0	0,2	0,0	0,0	0,1	0,0	0,0	0,1	0,1	0,0	0,0	0,0	0,0	0,0	1,0	0,0	0,0	0,0	0,0	1,0	0,0	0,0	0,0	0,0	0,0
Tpa_6220_1	5,13	1,4	275,690	2,0	8,0	3,0	0,0	0,1	1,0	0,0	0,0	0,0	0,0	0,2	3,0	1,21	0,0	3,0	0,0	1,0	0,0	0,0	0,0	0,0	0,1	0,0	3,3	0,0	4,0	0,0	0,0	0,0
Tpa_6222_1	0,0	0,0	0,57	0,0	0,1	0,0	0,0	0,0	0,0	0,0	0,0	0,0	0,0	0,0	0,1	0,1	0,0	0,0	0,0	0,0	0,0	0,1	0,0	0,0	0,0	0,0	0,0	0,0	0,0	0,0	0,0	0,0
Tpa_6224_1	0,15	0,0	0,157	0,0	0,1	0,0	0,0	0,0	0,0	0,0	0,0	0,1	0,0	0,5	0,0	0,3	0,0	0,0	0,0	0,0	0,0	0,0	0,0	0,0	0,2	0,1	0,1	0,0	0,2	0,1	0,0	0,0
Tpa_6265_1	1,0	1,0	30,0	2,0	15,0	2,0	0,0	2,0	1,0	0,0	1,0	0,2	0,0	0,9	3,0	4,0	0,0	0,0	0,0	1,2	0,0	1,2	2,0	0,0	0,1	1,0	7,0	0,0	5,0	0,0	0,0	0,0
Tpa_6270_1	3,3	0,0	176,0	0,0	2,0	1,0	0,0	0,0	0,0	0,0	0,0	1,0	1,0	0,0	0,0	0,3	0,0	0,0	0,0	0,0	0,0	0,0	0,0	0,0	0,0	0,0	0,0	0,0	0,0	0,0	0,0	0,0
Tpa_6321_1	0,0	0,0	1,0	0,0	0,0	0,0	0,0	0,0	0,0	0,0	0,0	0,0	0,0	0,0	0,0	0,0	0,0	0,0	0,0	0,0	0,0	0,0	0,0	0,0	0,0	0,0	0,0	0,0	0,0	0,0	0,0	0,0
Tpa_6352_1	0,0	0,0	0,3	0,1	0,4	0,0	0,0	0,0	0,0	0,0	0,0	0,0	0,0	0,0	0,0	0,0	0,0	0,0	0,0	0,1	0,0	0,1	0,0	0,0	0,1	0,0	0,0	0,0	0,0	0,0	0,0	0,0
Tpa_6355_1	0,0	0,1	0,19	0,0	0,0	0,0	0,0	0,0	0,0	0,0	0,0	0,0	0,0	0,0	0,0	0,1	0,0	0,0	0,0	0,0	0,0	0,0	0,0	0,0	0,0	0,0	0,0	0,0	0,0	0,0	0,0	0,0
Tpa_6384_1	0,0	0,0	0,8	0,1	0,2	1,0	0,0	0,0	0,0	0,0	0,0	0,0	0,0	0,0	0,0	0,0	0,0	0,0	0,0	0,0	0,0	0,0	0,0	0,0	0,0	0,0	0,0	0,0	0,0	0,0	0,0	0,0
Tpa_6385_1	0,0	0,0	37,0	0,0	2,0	0,0	0,0	0,0	1,0	0,0	0,0	0,0	0,0	0,0	0,0	0,0	0,0	0,0	0,0	0,0	0,0	0,0	0,0	0,0	0,0	0,0	0,0	0,0	0,0	0,0	0,0	0,0
Tpa_6388_1	0,2	0,1	0,56	0,0	0,1	0,0	0,0	0,0	0,0	0,0	0,0	0,0	0,0	0,0	0,1	0,0	0,1	0,0	0,0	0,0	0,0	0,0	0,0	0,0	0,0	0,0	0,0	0,0	0,0	0,0	0,0	0,0
Tpa_6391_1	6,0	0,0	306,1	0,0	0,2	0,0	0,0	0,0	0,0	0,0	1,0	0,0	0,0	0,0	0,0	1,0	0,0	0,0	0,0	0,0	0,0	0,0	0,0	0,0	1,0	0,0	0,1	0,0	0,0	0,0	0,0	0,0
Tpa_6411_1	0,0	0,0	0,2	0,0	0,0	0,0	0,0	0,0	0,0	0,0	0,0	0,0	0,0	0,0	0,0	0,0	0,0	0,0	0,0	0,0	0,0	0,0	0,0	0,0	0,0	0,0	0,1	0,0	0,0	0,0	0,0	0,0
Tpa_6422_1	48,0	9,0	572,4	7,0	126,0	78,0	0,0	1,0	12,0	1,0	17,0	38,0	0,0	2,0	12,0	19,0	0,0	7,0	0,0	1,0	2,0	4,0	6,0	0,0	0,0	1,0	14,0	1,0	2,0	0,0	0,0	1,0
Tpa_6442_1	11,7	0,1	0,257	0,0	0,3	0,3	0,0	0,0	0,0	0,0	0,0	0,1	0,0	0,2	0,1	3,2	0,0	0,0	0,0	0,0	0,0	0,0	0,0	0,0	0,0	0,0	0,0	0,0	0,0	0,0	0,0	0,0
Tpa_6449_1	0,0	0,0	0,0	0,0	0,0	0,0	0,0	0,0	0,0	0,0	0,0	0,0	0,0	0,0	0,0	0,0	0,0	0,0	0,0	0,0	0,0	0,0	0,0	0,0	0,0	0,0	0,0	0,0	0,0	0,0	0,0	0,0
Tpa_6451_1	0,4	0,2	0,52	0,11	0,20	0,1	0,0	2,1	0,4	0,1	0,1	0,0	0,1	0,1	0,3	0,3	0,1	0,2	0,0	0,2	0,0	0,0	0,1	0,0	0,0	0,0	4,1	0,1	0,6	0,1	0,0	0,0
Tpa_6453_1	1,0	1,0	117,0	0,0	0,0	2,0	0,0	0,0	0,0	0,0	0,0	0,0	0,0	1,0	0,0	0,0	0,0	0,0	0,0	0,0	0,0	0,0	0,0	0,0	0,0	0,0	0,0	0,0	0,0	0,0	0,0	0,0
Tpa_6487_1	10,0	5,0	377,0	3,0	10,0	6,0	0,0	0,0	3,0	0,0	0,0	3,0	0,0	10,0	3,0	11,0	0,0	3,0	0,0	0,0	1,0	0,0	2,0	0,0	0,0	0,0	5,0	0,0	1,0	0,0	0,0	0,0
Tpa_6493_1	10,0	7,0	133,0	2,0	18,0	2,0	0,0	0,0	2,0	1,0	0,0	0,0	0,0	2,0	2,0	0,0	0,0	0,0	0,0	1,0	0,0	0,0	1,0	0,0	1,0	0,0	3,0	0,0	1,0	0,0	0,0	0,0
Tpa_6511_1	2,804	0,152	2288,1959	0,213	4,1585	0,406	0,43	0,62	0,252	0,152	1,227	0,265	0,133	0,141	0,228	1,681	0,27	0,98	0,31	53,72	0,62	0,15	1,132	1,0	0,74	0,119	0,291	14,21	0,133	0,31	9,11	0,3
Tpa_6543_1	3,0	1,0	304,0	0,0	8,0	0,0	0,0	0,0	0,0	0,0	0,0	0,0	0,0	1,0	0,1	0,0	0,0	0,0	0,1	0,0	0,0	0,0	0,0	0,0	0,0	0,0	0,0	0,0	0,0	0,0	0,0	0,0
Tpa_6562_1	0,0	0,0	7,0	0,0	0,0	1,0	0,0	0,0	0,0	0,0	0,0	0,0	0,0	0,0	0,0	1,0	0,0	0,0	0,0	0,0	0,0	0,0	0,0	0,0	0,0	0,0	0,0	0,0	0,0	0,0	0,0	0,0
Tpa_6565_1	0,197	0,57	1,1600	0,30	0,424	0,114	0,8	0,33	0,132	0,153	0,94	81,52	0,80	0,62	0,100	0,207	0,9	0,30	0,24	0,50	0,53	0,12	0,71	0,0	0,48	0,36	0,105	0,23	0,80	0,17	0,1	0,3
Tpa_6586_1	0,0	0,0	0,45	0,0	0,0	0,0	0,0	0,0	0,0	0,1	0,0	0,0	0,0	0,0	0,0	0,0	0,0	0,0	0,0	0,0	0,0	0,0	0,1	0,0	0,0	0,0	0,0	0,0	0,0	0,0	0,0	0,0
Tpa_6591_1	0,1	0,0	0,24	0,0	0,0	0,1	0,0	0,0	0,0	0,0	0,0	0,0	0,0	0,0	0,0	0,0	0,0	0,0	0,0	0,0	0,0	0,0	0,0	0,0	0,0	0,0	0,0	0,0	0,0	0,0	0,0	0,0
Tpa_6604_1	0,0	0,0	0,0	0,0	0,0	0,0	0,0	0,0	0,0	0,0	0,0	0,0	0,0	0,0	0,0	0,0	0,0	0,0	0,0	0,0	0,0	0,0	0,0	0,0	0,0	0,0	0,0	0,0	0,0	0,0	0,0	0,0
Tpa_6611_1	0,0	0,0	3,0	0,0	9,0	0,0	0,0	0,0	1,0	0,0	0,0	0,0	0,0	0,0	0,0	0,0	0,0	0,0	0,0	0,0	0,0	0,0	0,0	0,0	1,0	0,0	0,0	0,0	0,0	0,0	0,0	0,0
Tpa_6630_1	8,15	6,0	184,0	0,0	12,0	4,7	0,0	1,0	1,1	1,0	1,0	0,4	1,0	2,2	2,0	1,0	0,0	0,1	0,0	0,0	1,0	0,0	2,0	0,0	0,0	0,0	4,1	0,0	0,0	0,0	0,0	0,0
Tpa_6654_1	3,0	9,0	87,0	22,0	141,0	2,0	0,0	3,0	10,0	1,0	7,0	0,0	0,0	1,0	1,3	6,0	1,0	15,0	0,0	1,0	0,0	1,0	3,0	0,0	1,0	0,0	10,0	2,0	4,0	0,0	0,0	0,0
Tpa_6683_1	0,0	0,0	0,0	0,0	0,0	0,0	0,0	0,0	0,0	0,0	0,0	0,0	0,0	0,0	0,0	0,0	0,0	0,0	0,0	0,0	0,0	0,0	0,0	0,0	0,0	0,0	0,0	0,0	0,0	0,0	0,0	0,0
Tpa_6687_1	0,0	0,0	35,0	0,0	0,0	0,0	0,0	0,0	0,0	0,0	0,0	0,0	0,0	0,0	0,0	0,0	0,0	0,0	0,0	0,0	0,0	0,0	0,0	0,0	0,0	0,0	0,0	0,0	0,0	0,0	0,0	0,0
Tpa_6713_1	0,0	0,0	2,0	0,0	0,0	0,0	0,0	0,0	0,0	0,0	0,0	0,0	0,0	0,0	0,0	0,0	0,0	0,0	0,0	0,0	0,0	0,0	0,0	0,0	0,0	0,0	0,0	0,0	0,0	0,0	0,0	0,0
Tpa_6733_1	6,0	4,0	163,0	0,0	0,0	1,0	0,0	0,0	2,0	1,0	2,0	0,0	0,0	5,0	2,1	4,0	0,0	3,0	1,0	0,0	0,0	1,0	0,0	0,0	0,0	1,0	1,0	0,0	1,0	0,0	1,0	0,0
Tpa_6768_1	0,81	0,11	0,637	0,0	0,1	0,33	0,0	0,0	0,3	0,1	0,1	1,0	0,1	0,14	0,3	0,19	0,0	0,2	0,0	0,0	0,1	0,0	0,1	0,0	0,2	0,1	0,0	0,0	0,0	0,1	0,0	0,0
Tpa_6773_1	1,4	0,0	0,172	0,0	0,1	0,0	0,0	0,0	0,0	0,0	0,0	0,0	0,0	0,2	0,0	0,3	0,0	0,0	0,0	0,1	0,0	0,0	0,0	0,0	0,0	0,0	0,1	0,0	0,0	0,0	0,0	0,0
Tpa_6774_1	5,0	0,0	187,0	0,0	0,0	0,0	0,0	0,0	0,0	0,0	0,0	0,0	0,0	0,0	0,0	2,0	0,0	0,0	0,0	0,0	0,0	0,0	0,0	0,0	0,0	0,0	0,0	0,0	0,0	0,0	0,0	0,0
Tpa_6786_1	2,0	0,0	14,0	0,0	0,0	0,1	0,0	0,0	0,0	0,0	0,0	0,0	0,0	0,0	0,0	0,0	0,0	0,0	0,0	0,0	0,0	0,0	0,0	0,0	0,0	0,0	0,0	0,0	0,0	0,0	0,0	0,0
Tpa_6814_1	0,96	0,15	2,1170	0,14	0,123	0,42	0,0	0,1	2,4	0,1	0,10	2,1	0,0	0,21	0,7	0,43	0,0	0,4	0,1	0,7	0,0	0,0	0,4	0,0	0,1	0,1	0,16	0,2	0,1	0,0	0,0	0,0
Tpa_6816_1	4,4	0,1	0,426	0,0	1,1	4,0	0,0	0,0	0,1	1,0	2,0	0,2	0,1	0,1	0,1	0,4	0,0	0,0	0,0	0,1	0,0	0,0	0,0	0,0	0,0	0,0	0,0	0,0	0,0	0,0	0,0	0,0
Tpa_6853_1	28,0	9,0	620,1	1,0	46,0	12,0	0,0	0,0	7,0	1,0	5,0	1,0	3,0	4,0	4,0	25,0	0,0	2,0	0,0	0,0	0,0	1,0	1,0	1,0	2,0	2,0	4,0	0,0	0,0	0,0	0,0	0,0
Tpa_6887_1	5,0	5,0	416,0	3,0	13,0	8,0	1,0	0,0	0,1	0,0	1,0	0,0	0,0	5,0	1,0	3,0	0,0	1,0	0,0	2,0	0,0	0,0	0,0	0,0	0,0	0,0	1,0	0,0	0,0	0,0	0,0	0,0
Tpa_6922_1	4,0	0,0	245,0	0,0	4,0	1,0	0,0	0,0	0,0	0,0	0,0	0,0	0,0	1,0	0,0	0,4	0,0	0,0	0,0	0,0	0,0	0,0	1,0	0,0	0,0	0,0	0,0	0,0	0,0	0,0	0,0	0,0
Tpa_6937_1	114,0	24,0	1102,1	1,0	9,0	45,0	0,0	0,0	6,0	2,0	5,0	11,0	0,0	13,0	5,0	44,0	1,0	6,0	0,0	3,0	0,0	0,0	0,0	0,0	6,0	4,0	7,0	0,0	2,0	0,0	0,0	0,0
Tpa_6963_1	12,0	4,0	400,0	0,0	3,0	3,0	0,0	0,0	0,0	0,0	0,0	1,0	0,0	4,0	0,0	0,0	1,0	0,0	0,0	0,0	0,0	0,0	0,0	0,0	0,0	0,0	0,0	0,0	0,0	0,0	0,0	0,0
Tpa_6973_1	48,0	1,0	436,0	1,0	2,0	7,0	0,0	1,0	0,0	1,0	0,0	1,0	0,0	5,0	0,0	1,1	0,0	0,0	0,0	0,0	0,0	0,0	0,2	0,0	2,0	0,0	0,0	0,0	0,0	0,0	0,0	0,0
Tpa_7007_1	0,0	0,0	0,111	0,0	1,9	0,0	0,0	0,0	0,1	0,0	0,0	0,0	0,0	0,0	0,0	0,0	0,0	0,0	0,0	0,0	0,0	0,0	0,0	0,0	0,0	0,0	0,0	0,0	0,0	0,0	0,0	0,0
Tpa_7010_1	0,7	0,0	0,322	0,0	0,0	0,4	0,0	0,0	0,0	0,0	0,0	0,0	0,0	0,2	0,0	0,1	0,0	0,0	0,0	0,0	0,0	0,0	0,0	0,0	0,0	0,0	0,0	0,0	0,0	0,0	0,0	0,0
Tpa_7018_1	0,0	0,0	2,6	0,0	0,0	0,0	0,0	0,0	0,0	0,0	0,0	0,0	0,0	0,0	0,0	0,0	0,0	0,0	0,0	0,0	0,0	0,0	0,0	0,0	0,0	0,0	0,0	0,0	0,0	0,0	0,0	0,0
Tpa_7052_1	48,0	7,0	791,0	2,0	3,0	29,0	1,0	1,0	3,0	3,0	3,2	11,0	0,0	84,0	8,0	19,0	0,0	0,0	0,0	2,2	1,0	2,0	5,0	0,0	4,0	1,0	5,0	0,0	2,0	0,0	0,0	1,0
Tpa_7058_1	1,5	3,0	468,0	1,0	7,0	4,0	0,0	0,0	2,0	1,0	0,0	1,0	0,0	2,0	0,0	6,0	0,0	2,0	0,0	0,0	0,0	0,0	0,0	0,0	0,0	0,0	0,0	0,0	0,0	0,0	0,0	0,0
Tpa_7062_1	16,0	1,0	191,207	0,0	0,0	3,0	0,0	0,0	1,0	1,0	0,0	2,0	0,0	4,0	1,0	2,0	0,0	0,0	0,0	0,0	0,0	0,0	0,0	0,0	3,0	0,0	3,0	0,0	2,0	0,0	0,0	0,0
Tpa_7080_1	0,6	0,0	0,228	0,1	0,5	0,1	0,1	0,0	0,0	0,0	0,0	0,0	0,0	0,0	0,2	0,5	0,0	0,2	0,0	0,0	0,0	0,0	0,1	0,0	0,0	0,0	0,2	0,0	0,0	0,0	0,0	0,0
Tpa_7082_1	0,0	0,1	6,10	0,0	0,0	0,0	0,0	0,0	0,0	0,0	0,0	0,0	0,0	0,0	0,0	0,0	0,0	0,0	0,0	0,0	0,0	0,0	0,0	0,0	0,0	0,0	0,0	0,0	0,0	0,0	0,0	0,0
Tpa_7090_1	0,38	0,9	492,514	0,2	0,5	0,16	0,0	0,0	0,2	1,1	0,3	0,3	0,1	0,4	0,5	0,16	0,0	0,1	0,0	0,1	0,0	0,1	0,2	0,0	0,2	0,1	0,4	0,0	0,0	0,0	0,0	0,0
Tpa_7153_1	0,0	0,0	20,0	0,0	2,0	0,0	0,0	0,0	1,0	0,0	0,0	0,0	0,0	0,0	0,0	0,0	0,0	0,0	0,0	0,0	0,0	0,0	0,0	0,0	0,0	0,0	0,0	0,0	0,0	0,0	0,0	0,0
Tpa_7157_1	1,0	0,0	68,0	0,0	0,0	1,0	0,0	0,0	0,0	0,0	0,0	0,0	0,0	0,0	0,0	0,0	0,0	0,0	0,0	0,0	0,0	0,0	0,0	0,0	0,0	0,0	0,0	0,0	0,0	0,0	0,0	0,0
Tpa_7201_1	0,137	0,14	543,623	0,1	0,5	9,10	0,1	0,1	0,5	0,0	1,0	0,9	0,0	0,11	0,10	0,34	0,0	5,1	0,0	0,0	0,0	0,0	0,1	0,0	0,2	0,1	0,5	0,1	0,0	0,0	0,0	0,0
Tpa_7204_1	0,6	0,0	0,248	0,0	0,1	0,0	0,0	0,0	0,0	0,1	0,0	0,0	0,0	0,1	0,0	0,2	0,0	0,0	0,0	0,0	0,0	0,0	0,0	0,0	0,0	0,0	0,2	0,0	0,0	0,0	0,0	0,0
Tpa_7210_1	0,1	0,1	0,53	0,0	0,1	0,0	0,0	0,0	0,0	0,0	0,0	0,0	0,0	0,0	0,1	0,0	0,0	0,0	0,0	0,0	0,0	0,0	0,0	0,0	0,0	0,0	0,0	0,0	0,0	0,0	0,0	0,0
Tpa_7213_1	0,110	0,34	0,904	0,6	0,40	0,61	0,0	0,4	0,27	0,8	0,16	0,18	0,2	0,32	0,36	0,42	0,0	0,0	0,5	0,13	0,1	0,7	0,13	0,0	0,11	0,19	0,39	0,2	0,12	0,2	0,0	0,1
Tpa_7221_1	3,0	0,0	0,153	0,0	1,0	0,0	0,1	0,0	0,1	0,0	0,0	0,0	0,0	0,1	0,1	0,3	0,0	0,1	0,0	0,0	0,0	0,1	0,0	0,0	0,0	0,1	0,1	0,0	0,0	0,0	0,0	0,0
Tpa_7240_1	0,5	0,6	458,178	0,13	0,32	1,6	0,4	0,3	0,7	0,2	0,5	0,0	0,1	0,16	0,18	0,18	0,1	0,5	0,1	0,8	0,0	0,3	0,3	0,0	0,6	0,1	0,8	0,2	0,6	0,0	0,0	0,0
Tpa_7289_1	2,0	0,0	60,0	0,0	0,0	0,0	0,0	0,0	0,0	0,0	0,0	0,0	0,0	0,0	0,0	0,0	0,0	0,0	0,0	0,0	0,0	0,0	0,0	0,0	0,0	0,0	0,0	0,0	0,0	0,0	0,0	0,0
Tpa_7291_1	0,0	0,0	9,0	0,0	0,0	0,0	0,0	0,0	0,0	0,0	0,0	0,0	0,0	0,0	0,0	0,0	0,0	0,0	0,0	0,0	0,0	0,0	0,0	0,0	0,0	0,0	0,0	0,0	0,0	0,0	0,0	0,0
Tpa_7293_1	0,0	0,0	0,0	0,0	0,0	0,0	0,0	0,0	0,0	0,0	0,0	0,0	0,0	0,0	0,0	0,0	0,0	0,0	0,0	0,0	0,0	0,0	0,0	0,0	0,0	0,0	0,0	0,0	0,0	0,0	0,0	0,0
Tpa_7331_1	0,0	0,0	0,0	0,0	0,0	0,0	0,0	0,0	0,0	0,0	0,0	0,0	0,0	0,0	0,0	0,1	0,0	0,0	0,0	0,0	0,0	0,0	0,0	0,0	0,0	0,0	0,0	0,0	0,0	0,0	0,0	0,0
Tpa_7348_1	18,0	6,0	676,0	3,0	154,0	9,0	1,0	1,0	9,0	1,0	11,0	2,0	0,0	3,0	4,0	4,5	0,0	7,0	0,0	3,0	1,0	0,0	3,4	0,0	2,0	0,0	11,0	0,0	2,0	0,0	0,0	1,0
Tpa_7352_1	0,0	0,0	0,0	0,0	0,0	0,0	0,0	0,0	0,0	0,0	0,0	0,0	0,0	0,0	0,0	0,0	0,0	0,0	0,0	0,0	0,0	0,0	0,0	0,0	0,0	0,0	0,0	0,0	0,0	0,0	0,0	0,0
Tpa_7367_1	0,129	2,1	2,1059	0,1	0,26	0,58	0,0	0,1	0,8	0,3	0,6	6,2	0,2	0,21	0,7	0,74	0,0	0,2	0,1	0,1	0,0	0,3	0,2	0,0	0,0	0,2	0,22	0,0	0,1	0,0	0,0	0,0
Tpa_7375_1	37,0	2,4	445,1	3,0	3,0	22,0	1,0	0,0	2,0	2,0	1,1	2,4	0,0	4,3	1,0	0,17	0,0	1,0	0,0	0,0	0,0	0,0	0,0	0,0	0,0	1,0	0,0	0,0	0,0	0,0	0,1	0,0
Tpa_7406_1	0,0	0,0	0,0	0,0	0,0	0,0	0,0	0,0	0,0	0,0	0,0	0,0	0,0	0,0	0,0	0,0	0,0	0,0	0,0	0,0	0,0	0,0	0,0	0,0	0,0	0,0	0,0	0,0	0,0	0,0	0,0	0,0
Tpa_7413_1	0,0	0,0	3,1394	0,0	0,0	0,0	0,0	0,0	0,0	0,0	0,0	0,0	0,0	0,0	0,0	0,0	0,0	0,0	0,0	0,0	0,0	0,0	0,0	0,0	0,0	0,0	0,0	0,0	0,0	0,0	0,0	0,0
Tpa_7417_1	0,0	0,0	0,37	0,0	0,0	0,0	0,0	0,0	0,0	0,0	0,0	0,0	0,0	0,0	0,0	0,0	0,0	0,0	0,0	0,0	0,0	0,0	0,0	0,0	0,0	0,0	0,0	0,0	0,0	0,0	0,0	0,0
Tpa_7425_1	0,33	0,12	0,832	0,4	0,25	0,19	0,1	0,0	0,3	1,1	0,1	0,5	0,1	0,9	0,4	7,9	0,0	0,8	0,0	1,2	0,0	0,1	0,9	0,0	0,2	0,1	0,13	0,1	0,1	0,0	0,0	0,0
Tpa_7447_1	0,0	0,0	0,20	0,0	0,45	0,0	0,0	0,0	0,0	0,0	0,0	0,0	0,0	0,0	0,0	0,1	0,0	0,0	0,0	0,0	0,0	0,0	0,0	0,0	0,0	0,0	0,0	0,0	0,0	0,0	0,0	0,0
Tpa_7450_1	0,0	0,0	0,0	0,0	0,0	0,0	0,0	0,0	0,0	0,0	0,0	0,0	0,0	0,0	0,0	0,0	0,0	0,0	0,0	0,0	0,0	0,0	0,0	0,0	0,0	0,0	0,0	0,0	0,0	0,0	0,0	0,0
Tpa_7452_1	44,53	38,0	1717,0	62,0	337,0	15,23	0,0	3,0	41,0	4,0	16,0	4,0	1,0	28,0	15,0	32,0	0,0	26,0	4,0	20,0	2,0	3,0	18,0	0,0	7,1	5,0	69,0	4,0	23,0	1,0	0,0	0,0
Tpa_7454_1	0,0	0,0	4,1	0,0	0,0	0,0	0,0	0,0	0,0	0,0	0,0	0,0	0,0	0,0	0,0	0,1	0,0	0,0	0,0	0,0	0,0	0,0	0,0	0,0	0,0	0,0	0,0	0,0	0,0	0,0	0,0	0,0
Tpa_7461_1	0,0	0,0	0,31	0,0	0,1	0,0	0,0	0,0	0,0	0,0	0,0	0,0	0,0	0,0	0,0	0,1	0,0	0,0	0,0	0,0	0,0	0,0	0,0	0,0	0,0	0,0	0,0	0,0	0,0	0,0	0,0	0,0
Tpa_7477_1	7,5	10,0	108,66	0,0	0,0	8,5	0,0	0,0	0,0	0,0	0,0	6,0	0,0	0,0	0,0	18,0	0,0	2,0	0,0	0,0	0,0	0,0	0,0	0,0	0,0	0,0	1,0	0,0	0,0	0,0	0,0	0,0
Tpa_7479_1	0,105	0,10	0,551	0,0	0,2	0,28	0,0	0,0	0,0	0,0	0,0	0,2	0,1	0,13	0,3	0,10	0,1	0,0	0,0	0,0	0,0	0,1	0,0	0,0	0,2	0,0	0,0	0,1	0,0	0,0	0,0	0,0
Tpa_7483_1	0,29	0,1	0,342	0,0	0,1	0,5	0,0	0,0	0,0	0,0	0,0	0,5	0,0	0,5	0,0	0,2	0,0	0,0	0,0	0,0	0,0	0,0	1,0	0,0	0,0	0,0	0,1	0,0	0,0	0,0	0,0	0,0
Tpa_7495_1	0,88	0,26	0,1116	0,38	0,223	0,24	0,6	0,2	0,37	0,1	0,15	0,10	0,3	0,22	0,22	0,37	0,1	0,27	0,0	0,12	0,3	0,4	0,16	0,0	5,6	0,1	0,38	0,1	0,13	0,4	0,1	0,1
Tpa_7533_1	104,0	25,0	540,523	12,11	169,0	44,1	4,0	7,0	36,0	3,0	0,14	3,0	4,0	39,0	17,15	35,0	0,0	26,0	2,0	14,0	0,0	3,0	12,0	0,0	2,1	0,1	46,0	1,0	8,0	4,0	0,0	0,0
Tpa_7540_1	0,0	0,0	15,0	0,0	0,0	0,0	0,0	0,0	0,0	0,0	0,0	0,0	0,0	0,0	0,0	1,0	0,0	0,0	0,0	0,0	0,0	0,0	0,0	0,0	0,0	0,0	0,0	0,0	0,0	0,0	0,0	0,0
Tpa_7553_1	27,22	9,0	904,2	2,0	16,0	16,0	0,0	1,0	2,0	3,0	1,0	6,0	1,0	9,3	6,0	23,0	0,0	2,0	1,0	3,0	0,0	2,0	4,0	0,0	0,0	2,0	7,0	1,0	0,0	0,0	0,0	0,0
Tpa_7560_1	0,7	0,4	1,582	0,0	0,2	0,12	0,0	0,1	0,0	0,0	0,0	0,4	0,0	0,7	0,1	0,8	0,0	0,1	0,0	0,0	0,0	0,0	0,0	0,0	0,0	0,1	0,2	0,0	0,0	0,0	0,0	0,0
Tpa_7566_1	81,0	31,0	739,0	0,0	1,0	63,0	0,0	0,0	1,1	3,0	1,0	11,13	0,0	51,0	3,0	23,0	0,0	0,0	1,0	0,0	0,0	4,0	1,0	0,0	1,0	1,1	0,0	0,0	1,0	0,0	0,0	0,0
Tpa_7567_1	149,148	48,16	2425,1	64,65	723,1	73,33	9,0	3,8	51,63	1,30	21,0	39,20	9,4	48,0	52,48	0,186	0,3	30,19	9,0	32,0	6,5	0,14	32,16	1,0	16,8	14,16	36,28	20,0	39,37	10,0	5,0	0,0
Tpa_7571_1	0,161	0,19	3,1249	1,0	0,14	34,43	0,1	0,1	0,6	3,2	0,9	0,24	0,2	0,10	0,11	34,50	0,1	0,0	0,1	0,2	0,0	0,2	5,0	0,0	1,0	0,2	0,5	0,0	0,3	0,0	0,0	0,0
Tpa_7586_1	150,0	0,22	0,995	0,2	5,0	0,86	0,1	0,0	3,1	0,2	0,1	0,18	1,0	0,31	2,0	0,35	0,0	0,1	1,0	0,2	1,0	0,2	0,3	0,0	1,0	0,6	1,1	1,0	0,2	0,0	0,0	0,1
Tpa_7594_1	650,0	174,1	3506,1	92,84	1242,0	315,0	22,0	58,0	299,1	152,111	244,0	187,119	133,0	156,0	147,93	659,0	25,0	98,0	27,0	140,1	27,25	20,0	76,54	1,0	117,0	165,0	375,1	31,0	156,0	10,2	5,0	3,0
Tpa_7597_1	0,280	0,71	0,1814	0,189	0,586	0,162	0,86	0,84	0,205	0,116	0,146	0,152	0,41	0,214	97,75	0,226	0,29	0,52	0,77	0,91	0,58	0,51	0,115	0,0	0,143	0,125	0,170	0,100	0,225	0,46	0,3	0,19
Tpa_7601_1	0,0	0,0	0,0	0,0	0,0	0,0	0,0	0,0	0,0	0,0	0,0	0,0	0,0	0,0	0,0	0,0	0,0	0,0	0,0	0,0	0,0	0,0	0,0	0,0	0,0	0,0	0,0	0,0	0,0	0,0	0,0	0,0
Tpa_7604_1	683,2	7,0	1194,1	136,0	1188,3	178,0	24,0	60,0	378,1	127,0	179,0	0,0	80,0	54,1	10,0	0,0	0,0	34,0	44,0	84,0	75,0	0,0	0,0	0,0	6,0	0,0	0,0	20,0	163,0	15,0	1,0	1,0
Tpa_7605_1	0,0	1,0	12,16	0,0	1,0	0,0	0,0	0,0	0,0	0,0	1,0	1,0	0,0	0,0	0,0	0,0	0,0	0,0	0,0	0,0	0,0	0,0	0,0	0,0	0,0	0,0	0,0	0,0	0,0	0,0	0,0	0,0
Tpa_7615_1	3,0	2,0	85,0	0,0	0,0	1,0	0,0	0,0	0,0	0,0	0,0	0,0	0,0	0,0	0,0	3,0	0,0	0,0	0,0	0,0	0,0	0,0	0,0	0,0	0,0	1,0	0,0	0,0	0,0	0,0	0,0	0,0
Tpa_7652_1	0,681	0,136	2,2919	0,172	1,1283	205,146	22,10	0,27	0,253	0,74	0,119	0,227	0,64	73,62	1,174	1,642	0,7	0,67	0,21	0,85	0,19	0,15	0,85	0,1	0,48	0,65	0,226	0,12	0,106	1,13	0,7	0,1
Tpa_7653_1	252,211	109,0	2,2872	99,114	1,970	231,0	0,31	0,64	0,229	50,34	66,67	0,111	35,26	0,89	1,146	181,157	0,19	0,41	0,21	36,46	0,48	4,8	51,41	0,0	0,80	0,65	101,95	20,9	73,62	0,18	34,0	2,1
Tpa_7657_1	0,12	0,0	0,143	0,0	0,3	0,1	0,0	0,0	0,0	0,0	0,0	0,0	0,0	0,1	0,0	0,1	0,0	0,0	0,0	0,0	0,0	0,0	0,0	0,0	0,0	0,0	0,0	0,0	0,0	0,0	0,0	0,0
Tpa_7665_1	0,0	0,0	0,0	0,0	0,0	0,0	0,0	0,0	0,0	0,0	0,0	0,0	0,0	0,0	0,0	0,0	0,0	0,0	0,0	0,0	0,0	0,0	0,0	0,0	0,0	0,0	0,0	0,0	0,0	0,0	0,0	0,0
Tpa_7686_1	101,185	1,97	0,1639	11,14	50,97	72,106	3,7	0,17	0,98	0,85	0,95	49,105	2,7	216,0	74,0	0,258	0,16	11,34	1,10	19,34	5,7	34,0	0,76	0,0	9,20	0,63	31,87	9,7	11,24	5,3	0,0	0,3
Tpa_7690_1	210,0	52,0	1379,0	1,0	17,0	71,1	3,0	1,0	5,1	3,5	4,5	50,0	1,0	81,0	13,0	125,0	0,0	7,0	4,0	1,2	3,0	12,0	6,0	0,0	7,0	3,4	22,0	2,0	10,0	0,0	0,0	0,0
Tpa_7691_1	0,5	0,1	597,52	0,1	0,14	0,0	0,0	0,0	0,4	0,1	0,0	0,0	0,1	0,0	0,0	0,1	0,0	0,0	0,0	0,0	0,0	0,0	0,0	0,0	0,0	0,0	0,1	0,0	0,0	0,0	0,0	0,0
Tpa_7703_1	176,0	22,0	1638,0	2,0	73,0	61,0	0,0	4,0	7,0	5,0	13,0	23,0	0,0	8,0	5,0	83,0	0,0	3,3	0,0	3,0	0,0	2,0	2,0	0,0	1,0	1,0	7,0	0,0	1,0	0,0	0,0	1,0
Tpa_7757_1	0,0	0,0	0,1	0,0	0,2	0,0	0,0	0,0	0,0	0,0	0,0	0,0	0,0	0,0	0,0	0,0	0,0	0,0	0,0	0,0	0,0	0,0	0,0	0,0	0,0	0,0	0,0	0,0	0,0	0,0	0,0	0,0
Tpa_7764_1	0,37	0,5	179,276	0,0	0,7	0,13	0,0	0,0	0,1	0,0	1,0	0,1	0,0	0,4	0,2	5,9	0,0	0,1	0,0	0,0	0,0	0,1	0,0	0,0	0,0	0,0	1,2	0,0	0,0	0,1	0,0	0,0
Tpa_7765_1	0,7	0,0	0,138	0,1	0,4	0,5	0,0	0,0	0,0	0,0	0,0	0,2	0,0	0,0	0,0	0,2	0,0	0,0	0,0	0,0	0,0	0,0	0,1	0,0	0,0	0,0	0,0	0,0	0,0	0,0	0,0	0,0
Tpa_7769_1	0,0	0,0	0,4	0,0	0,0	0,0	0,0	0,0	0,0	0,0	0,0	0,0	0,0	0,0	0,0	0,0	0,0	0,0	0,0	0,0	0,0	0,0	0,0	0,0	0,0	0,0	0,0	0,0	0,0	0,0	0,0	0,0
Tpa_7772_1	0,0	0,0	0,0	0,0	0,0	0,0	0,0	0,0	0,0	0,0	0,0	0,0	0,0	0,0	0,0	0,0	0,0	0,0	0,0	0,0	0,0	0,0	0,0	0,0	0,0	0,0	0,0	0,0	0,0	0,0	0,0	0,0
Tpa_7798_1	2,5	1,0	373,0	0,0	3,0	0,0	0,0	0,0	1,0	0,0	1,0	0,0	0,0	0,0	0,0	2,0	0,0	0,0	0,0	0,0	0,0	0,0	0,2	0,0	0,0	0,0	1,0	0,0	0,0	0,0	0,0	0,0
Tpa_7799_1	0,0	0,0	88,0	0,0	0,0	0,0	0,0	0,0	0,0	0,0	0,0	0,0	0,0	0,0	1,0	4,0	0,0	0,0	0,0	0,0	0,0	0,0	0,0	0,0	0,0	0,0	0,1	0,0	0,0	0,0	0,0	0,0
Tpa_7805_1	0,0	1,0	0,67	1,0	0,0	0,0	0,0	0,0	0,0	0,0	0,0	0,1	0,0	0,0	0,0	1,0	0,0	0,0	0,1	1,1	0,0	0,0	0,0	0,0	0,0	0,0	0,0	0,0	0,1	0,0	0,0	0,0
Tpa_7807_1	3,0	0,0	40,0	0,0	0,0	1,0	0,0	0,0	1,0	0,0	0,0	0,0	0,0	0,0	0,0	0,0	0,0	0,0	0,0	1,0	0,0	0,0	0,0	0,0	1,0	0,0	0,0	0,0	0,0	0,0	0,0	0,0
Tpa_7814_1	12,0	1,0	186,1	0,0	2,0	0,0	0,0	0,0	0,0	0,0	0,0	1,0	0,0	1,0	0,0	3,6	0,0	1,0	0,0	0,0	0,0	0,0	0,0	0,0	0,0	0,0	0,0	0,0	0,0	0,0	0,0	0,0
Tpa_7825_1	0,52	0,10	0,538	0,15	0,11	0,33	0,1	0,0	0,13	0,4	0,20	0,24	0,4	0,27	0,5	0,51	0,0	0,8	0,1	0,9	0,0	0,2	0,4	0,0	0,5	0,1	0,31	0,2	0,8	0,0	0,0	0,0
Tpa_7848_1	14,0	7,0	87,0	5,0	13,0	1,1	0,0	0,0	7,0	1,0	4,0	1,0	1,0	3,0	5,0	10,0	0,0	5,0	0,0	2,0	0,0	3,0	1,0	0,0	0,0	0,0	12,0	0,0	0,0	0,0	0,0	0,0
Tpa_7910_1	10,0	2,0	402,0	1,0	1,2	0,0	0,0	0,0	1,0	0,0	0,0	2,0	0,0	0,0	1,0	1,2	0,0	2,0	0,0	0,0	0,0	1,0	0,0	0,0	0,0	1,0	1,0	0,0	0,0	0,0	0,0	0,0
