	90763_231B_S33_L001_R1_001	90763_232B_S34_L001_R1_001	90763_236B_S35_L001_R1_001	90763_237B_S36_L001_R1_001	90763_238B_S37_L001_R1_001	90768_005B_S38_L001_R1_001	90768_009B_S39_L001_R1_001	90768_014B_S40_L001_R1_001	90768_015B_S41_L001_R1_001	90768_018B_S42_L001_R1_001	90768_027B_S43_L001_R1_001	90768_029B_S44_L001_R1_001	90768_034B_S45_L001_R1_001	90768_040B_S46_L001_R1_001	90768_042B_S47_L001_R1_001	90768_044B_S48_L001_R1_001	90768_054B_S49_L001_R1_001	90768_055B_S50_L001_R1_001	90768_056B_S51_L001_R1_001	90768_057B_S52_L001_R1_001	90768_061B_S53_L001_R1_001	90768_064B_S54_L001_R1_001	90768_067B_S55_L001_R1_001	90768_075B_S56_L001_R1_001	90768_076B_S57_L001_R1_001	90768_077B_S58_L001_R1_001	90768_078B_S59_L001_R1_001	90768_083B_S60_L001_R1_001	90768_084B_S61_L001_R1_001	90768_088B_S62_L001_R1_001	90768_090B_S63_L001_R1_001	90768_104B_S64_L001_R1_001
Tpa_0010	3,0	1,3	126,0	5,0	13,0	1,0	0,0	0,0	1,0	0,0	1,1	4,0	0,0	5,0	3,0	7,0	0,0	4,0	1,0	0,3	1,0	0,0	4,0	0,0	0,0	4,0	2,0	0,0	0,0	0,0	0,0	0,0
Tpa_0012	5,0	0,0	284,0	0,0	1,0	0,0	0,0	0,0	0,0	0,0	0,0	0,0	0,0	3,0	0,0	1,0	0,0	0,0	1,0	0,0	0,0	1,0	0,0	0,0	0,0	0,0	0,0	0,0	0,0	0,0	0,0	0,0
Tpa_0024	0,0	0,0	0,0	0,0	0,0	0,0	0,0	0,0	0,0	0,0	0,0	0,0	0,0	0,0	0,0	0,0	0,0	0,0	0,0	0,0	0,0	0,0	0,0	0,0	0,0	0,0	0,0	0,0	0,0	0,0	0,0	0,0
Tpa_0035	8,0	6,0	93,242	0,0	4,0	3,0	0,0	0,0	2,0	0,0	1,0	0,0	0,0	1,0	3,0	4,0	0,0	2,0	0,0	0,0	0,0	0,0	0,0	0,0	0,0	0,0	0,0	0,0	2,0	0,0	0,0	0,0
Tpa_0037	0,0	1,0	7,6	0,0	4,14	0,0	0,0	0,1	0,1	0,0	0,0	0,0	0,0	0,0	0,0	0,0	0,0	0,1	1,0	0,0	0,0	0,0	0,0	0,0	1,0	0,0	2,0	0,0	0,0	0,0	0,0	0,0
Tpa_0095	2,0	2,0	91,0	0,0	0,0	2,0	0,0	0,0	0,0	0,0	0,0	1,0	0,0	1,0	1,0	1,0	0,0	0,0	0,0	0,0	0,0	0,0	0,0	0,0	0,0	0,0	0,0	0,0	0,0	0,0	0,0	0,0
Tpa_0151	63,0	7,0	582,0	1,0	5,0	29,0	0,0	0,0	0,0	1,0	1,0	5,0	0,0	4,0	0,0	27,0	0,0	1,0	0,0	1,0	0,0	1,0	0,0	0,0	0,0	0,0	3,0	0,0	0,0	0,0	0,0	0,0
Tpa_0183	1,6	0,0	0,250	0,0	0,0	2,1	0,0	0,0	0,0	0,1	0,1	0,1	0,0	0,0	0,1	0,1	0,0	0,0	0,0	0,0	0,0	0,0	0,0	0,0	0,0	0,0	0,1	0,0	0,0	0,0	0,0	0,0
Tpa_0186	1,0	3,0	202,0	0,0	1,0	0,1	0,0	1,0	1,0	0,0	1,0	1,0	0,0	0,0	0,0	1,0	0,0	0,0	0,0	0,0	0,0	0,0	0,0	0,0	0,0	0,0	1,0	0,0	1,0	0,0	0,0	0,0
Tpa_0215	0,0	0,0	0,0	0,0	0,0	0,0	0,0	0,0	0,0	0,0	0,0	0,0	0,0	0,0	0,0	0,0	0,0	0,0	0,0	0,0	0,0	0,0	0,0	0,0	0,0	0,0	0,0	0,0	0,0	0,0	0,0	0,0
Tpa_0226	4,0	4,0	0,103	6,0	28,0	1,0	0,0	4,0	7,0	0,0	5,0	1,0	0,0	5,0	6,0	2,0	0,0	2,0	0,0	2,0	0,0	0,0	1,0	0,0	2,0	1,0	6,0	1,0	1,0	1,0	0,0	0,0
Tpa_0228	1,0	2,0	11,0	5,0	49,0	0,0	0,0	0,0	1,0	1,0	0,1	0,0	0,0	1,0	2,0	0,0	0,0	3,0	0,0	3,0	0,0	0,0	0,0	0,0	1,0	1,0	3,0	0,0	1,0	0,0	1,0	0,0
Tpa_0263	25,0	10,0	281,352	1,0	0,13	4,5	0,0	0,2	3,0	0,2	0,1	1,0	0,0	2,2	0,7	0,21	0,0	0,8	0,0	0,1	0,0	0,0	0,0	0,0	2,0	0,2	0,10	0,1	0,1	0,0	0,0	0,0
Tpa_0269	1,0	1,2	97,0	0,0	1,0	1,0	0,0	0,0	0,0	0,0	0,0	0,0	0,0	0,0	0,1	0,2	0,0	0,0	0,0	0,0	0,0	0,0	0,0	0,0	0,0	0,0	0,0	0,0	0,0	0,0	0,0	0,0
Tpa_0272	0,0	0,0	0,0	0,0	1,1	0,0	0,0	0,0	0,0	0,0	0,0	0,0	0,0	0,0	0,0	0,0	0,0	0,0	0,0	0,0	0,0	0,0	0,0	0,0	0,0	0,0	0,0	0,0	0,0	0,0	0,0	0,0
Tpa_0301	18,0	5,0	426,0	0,0	1,0	10,0	0,0	0,0	0,0	0,0	1,0	0,0	0,0	5,0	0,0	4,0	0,0	0,0	0,0	0,0	0,0	0,0	1,0	0,0	0,0	0,0	2,0	0,0	0,0	0,0	0,0	0,0
Tpa_0342	8,7	0,0	160,157	0,0	1,0	3,0	0,0	0,0	0,0	0,0	0,0	0,1	0,0	5,0	0,1	4,0	0,0	1,0	0,0	0,0	0,0	0,0	0,0	0,0	0,0	0,0	0,0	0,0	1,0	0,0	0,0	0,0
Tpa_0346	45,0	4,0	426,0	0,0	24,0	21,0	0,0	0,0	6,0	1,0	4,0	17,0	0,0	5,0	12,0	14,0	0,0	2,0	0,0	3,0	0,0	0,0	0,0	0,0	0,0	0,0	5,1	0,0	1,0	0,0	0,0	0,0
Tpa_0358	5,0	5,0	490,0	1,0	5,0	4,0	0,0	0,0	0,0	0,0	1,0	1,0	0,0	8,0	0,0	3,0	0,0	3,0	0,0	0,0	0,0	0,0	0,0	0,0	0,0	0,0	1,0	0,0	0,0	0,0	0,0	0,0
Tpa_0366	0,0	0,0	0,40	0,0	0,0	0,0	0,0	0,0	0,0	0,0	0,0	0,0	0,0	0,0	0,0	0,0	0,0	0,0	0,0	0,0	0,0	0,0	0,0	0,0	0,0	0,0	0,0	0,0	0,0	0,0	0,0	0,0
Tpa_0367	10,0	2,0	549,0	0,0	5,0	2,0	0,0	0,0	1,0	2,0	1,0	3,0	0,0	1,0	2,0	2,0	0,0	0,0	0,0	0,0	0,0	1,0	0,0	0,0	0,0	0,0	4,0	0,0	0,0	1,0	0,0	0,0
Tpa_0371	2,0	0,0	24,0	0,0	0,0	0,0	0,0	0,0	1,0	0,0	0,0	0,0	0,0	0,0	0,0	0,0	0,0	0,0	0,0	0,0	0,0	0,0	0,0	0,0	0,0	0,0	0,0	0,0	0,0	0,0	0,0	0,0
Tpa_0395	0,0	0,0	11,0	0,0	0,0	0,0	0,0	0,0	0,0	0,0	0,0	0,0	0,0	0,0	0,0	0,0	0,0	0,0	0,0	0,0	0,0	0,0	0,0	0,0	0,0	0,0	0,0	0,0	0,0	0,0	0,0	0,0
Tpa_0409	0,0	0,0	0,12	0,0	0,0	0,1	0,0	0,0	0,0	0,0	0,0	0,0	0,0	0,0	0,0	0,0	0,0	0,0	0,0	0,0	0,0	0,0	0,0	0,0	0,0	0,0	0,0	0,0	0,0	0,0	0,0	0,0
Tpa_0427	0,52	19,0	238,365	1,1	35,0	0,17	0,0	0,0	6,1	6,0	2,0	20,0	0,0	19,0	6,1	28,4	0,0	0,5	0,0	0,1	2,0	0,0	4,1	0,0	1,0	3,0	1,8	2,0	4,0	0,0	0,0	0,0
Tpa_0429	0,0	0,0	38,0	0,0	1,0	0,0	0,0	0,0	0,0	0,0	0,0	1,0	0,0	1,0	1,0	1,0	0,0	0,0	0,0	0,0	0,0	0,0	0,0	0,0	0,0	0,0	0,0	0,0	0,0	0,0	0,0	0,0
Tpa_0438	0,2	0,1	0,72	0,0	0,2	0,1	0,0	0,0	0,1	0,0	0,1	0,0	0,0	0,1	0,0	0,3	0,0	0,2	0,0	0,0	0,0	0,1	0,0	0,0	0,0	0,0	0,2	0,0	0,0	0,0	0,0	0,0
Tpa_0439	0,1	0,0	0,20	0,0	0,0	0,0	0,0	0,0	0,0	0,0	0,0	0,0	0,0	0,1	0,0	0,0	0,0	0,0	0,0	0,0	0,0	0,0	0,0	0,0	0,0	0,0	0,1	0,0	0,0	0,0	0,0	0,0
Tpa_0474	0,0	2,0	7,0	1,0	2,0	0,0	0,0	0,0	0,0	0,0	1,0	0,0	0,0	0,0	0,0	0,0	0,0	0,0	0,0	0,0	0,0	0,0	0,0	0,0	0,0	0,0	2,0	0,0	0,0	0,0	0,0	0,0
Tpa_0492	0,0	0,0	17,0	0,0	0,0	0,0	0,0	0,0	0,0	0,0	0,0	0,0	0,0	0,0	1,0	0,0	0,0	0,0	0,0	0,0	0,0	0,0	0,0	0,0	0,0	0,0	0,0	0,0	0,0	0,0	0,0	0,0
Tpa_0500	0,0	0,0	59,0	0,0	0,2	0,0	0,0	0,0	0,0	0,0	0,1	0,0	0,0	0,0	0,0	0,0	0,0	0,0	0,0	0,0	0,0	0,0	0,0	0,0	0,0	0,0	0,0	0,0	0,0	0,0	0,0	0,0
Tpa_0540	30,0	6,9	694,0	2,3	27,43	4,3	1,1	0,1	3,0	2,0	5,0	0,0	1,0	9,0	5,0	14,0	0,0	5,0	0,0	0,0	1,0	0,0	1,0	0,0	1,0	1,0	5,14	1,0	0,3	0,0	1,0	0,0
Tpa_0547	0,0	0,0	9,0	0,0	0,0	0,0	0,0	0,0	0,0	0,0	0,0	0,0	0,0	0,0	0,0	0,0	0,0	0,0	0,0	0,1	0,0	0,0	0,0	0,0	0,0	0,0	0,0	0,0	0,0	0,0	0,0	0,0
Tpa_0556	27,0	8,0	1128,0	5,0	38,0	14,0	0,0	0,0	2,0	1,0	3,0	2,0	0,0	7,0	6,0	31,0	0,0	8,0	0,0	3,0	0,0	3,0	4,0	0,0	2,0	3,0	9,0	0,0	2,0	0,0	0,0	0,0
Tpa_0569	0,0	0,0	0,20	0,0	0,0	0,0	0,0	0,0	0,0	0,0	0,0	0,0	0,0	0,0	0,0	0,0	0,0	0,0	0,0	0,0	0,0	0,0	0,0	0,0	0,0	0,0	0,0	0,0	0,0	0,0	0,0	0,0
Tpa_0592	7,0	1,0	79,75	0,0	0,0	0,0	0,0	0,0	0,0	1,0	0,0	2,0	0,0	1,0	0,0	4,0	0,0	1,0	0,0	0,0	0,0	0,0	0,0	0,0	0,0	0,0	0,0	0,0	0,0	0,0	0,0	0,0
Tpa_0650	14,0	1,0	15,0	0,0	1,0	0,0	1,0	0,0	0,0	1,0	0,0	2,0	0,0	3,0	3,0	1,0	0,0	3,0	0,0	0,0	0,0	0,0	0,0	0,0	0,0	3,0	2,0	0,0	0,0	0,0	0,0	0,0
Tpa_0671	1,0	0,0	47,0	0,0	0,0	0,0	0,0	0,0	0,0	0,0	0,0	0,0	0,0	0,0	0,0	0,0	0,0	0,0	0,0	0,0	0,0	0,0	0,0	0,0	0,0	0,0	0,0	0,0	0,0	0,0	0,0	0,0
Tpa_0678	0,0	0,0	9,0	0,0	2,0	1,0	0,0	0,0	0,0	0,0	0,0	0,0	0,0	1,0	0,0	2,0	0,0	0,0	0,0	0,0	4,0	0,0	0,0	0,0	0,0	0,0	1,0	0,0	0,0	0,0	0,0	0,0
Tpa_0730	7,19	5,0	674,0	3,0	7,4	11,0	0,0	1,0	2,0	0,1	2,0	1,0	1,0	6,0	4,0	21,0	0,0	2,0	0,0	2,0	1,0	0,0	1,0	0,0	1,0	2,0	5,0	0,0	1,0	0,0	0,0	1,0
Tpa_0743	59,0	6,0	661,0	3,0	24,0	16,0	1,0	0,0	2,0	0,0	1,0	13,0	0,0	6,0	8,0	15,0	0,0	6,0	0,0	2,0	0,0	2,0	0,0	0,0	0,0	1,0	3,0	0,0	0,0	0,0	0,0	0,0
Tpa_0763	0,0	0,0	0,1	0,0	0,0	0,0	0,0	0,0	0,0	0,0	0,0	0,0	0,0	0,0	0,0	0,0	0,0	0,0	0,0	0,0	0,0	0,0	0,0	0,0	0,0	0,0	0,0	0,0	0,0	0,0	0,0	0,0
Tpa_0768	16,1	14,0	551,0	23,0	128,0	9,0	3,0	3,0	9,0	4,0	16,0	0,0	1,0	9,0	6,0	18,0	0,0	4,0	0,0	4,0	1,0	3,0	1,0	0,0	7,0	3,0	19,0	0,0	10,0	0,0	0,0	0,0
Tpa_0826	2,1	2,0	253,0	0,0	9,0	0,0	0,0	0,0	0,0	0,0	1,0	0,0	0,0	1,0	0,0	1,0	0,0	0,0	0,0	0,0	0,0	0,0	1,0	0,0	1,0	0,0	3,0	0,0	0,0	0,0	0,0	0,0
Tpa_0866	28,0	4,4	416,0	0,0	1,0	6,0	0,0	0,0	0,0	1,0	0,0	2,6	0,0	8,0	0,0	4,0	0,0	0,0	1,0	0,0	0,0	0,0	0,0	0,0	0,1	0,0	0,0	0,0	1,0	0,0	0,0	0,0
Tpa_0868	0,0	0,0	12,0	0,0	2,0	0,0	0,0	1,0	0,0	0,0	0,0	0,0	0,0	0,0	0,0	0,0	0,1	0,0	0,0	0,0	0,0	0,0	0,0	0,0	0,0	0,0	0,0	0,0	0,0	0,0	0,0	0,0
Tpa_0882	0,0	0,0	2,2	2,0	3,1	0,0	0,0	0,0	0,0	0,0	0,1	0,0	0,0	0,0	1,0	1,0	0,0	0,0	0,0	0,0	0,0	0,0	0,0	0,0	1,0	0,0	2,0	0,0	1,0	0,0	0,0	0,0
Tpa_0888	0,0	0,0	27,0	0,0	1,0	0,0	0,0	0,0	0,0	0,0	0,0	0,0	0,0	0,0	0,0	0,0	0,0	0,0	0,0	0,0	0,0	0,0	0,0	0,0	0,0	0,0	0,0	0,0	0,0	0,0	0,0	0,0
Tpa_0895	2,0	0,0	155,0	0,0	0,0	4,0	0,0	0,0	0,0	0,0	0,0	0,0	0,0	2,0	2,0	3,0	0,0	1,0	0,0	0,0	0,0	0,0	2,0	0,0	0,0	0,0	1,0	0,0	0,0	0,0	0,0	0,0
Tpa_0905	0,0	0,0	0,27	0,0	0,0	0,0	0,0	0,0	0,1	0,0	0,0	0,0	0,0	0,0	0,0	0,0	0,0	0,0	0,0	0,0	0,0	0,0	0,0	0,0	0,0	0,0	0,0	0,0	0,0	0,0	0,0	0,0
Tpa_0912	1,0	1,0	26,0	1,0	9,0	0,0	0,0	0,0	1,0	0,0	0,0	0,0	0,0	0,0	1,0	0,0	0,0	1,0	0,0	1,0	0,0	0,0	0,0	0,0	0,0	1,0	0,0	0,0	0,0	0,0	0,0	0,0
Tpa_0929	0,0	0,0	16,0	0,0	0,0	0,0	0,0	0,0	0,0	0,0	0,0	1,0	0,0	0,0	0,0	0,0	0,0	0,0	0,0	0,0	0,0	0,0	0,0	0,0	0,0	0,0	0,0	0,0	0,0	0,0	0,0	0,0
Tpa_0936	25,0	6,0	489,0	0,0	0,0	0,0	1,0	0,0	0,0	0,0	1,0	1,0	0,0	6,0	2,0	5,0	0,0	4,0	1,0	1,0	0,0	0,0	1,0	0,0	0,0	1,0	0,0	1,0	0,0	0,0	0,0	0,0
Tpa_0953	55,0	10,0	529,0	2,1	24,0	27,0	1,0	2,0	0,3	5,0	9,0	15,0	1,0	11,0	2,0	24,0	1,0	7,0	0,0	2,0	0,1	2,0	4,0	0,0	0,0	2,0	5,0	0,0	2,0	0,0	0,0	0,0
Tpa_0970	0,0	0,0	0,0	0,0	0,0	0,0	0,0	0,0	0,0	0,0	0,0	0,0	0,0	0,0	0,0	0,0	0,0	0,0	0,0	0,0	0,0	0,0	0,0	0,0	0,0	0,0	0,0	0,0	0,0	0,0	0,0	0,0
Tpa_0973	0,0	0,0	0,0	0,0	0,0	0,0	0,0	0,0	0,0	0,0	0,0	0,0	0,0	0,0	0,0	0,0	0,0	0,0	0,0	0,0	0,0	0,0	0,0	0,0	0,0	0,0	0,0	0,0	0,0	0,0	0,0	0,0
Tpa_0979	0,0	0,0	1,0	0,0	0,0	0,0	0,0	0,0	0,0	0,0	0,0	0,0	0,0	0,0	0,0	0,0	0,0	0,0	0,0	0,0	0,0	0,0	0,0	0,0	0,0	0,0	0,0	0,0	0,0	0,0	0,0	0,0
Tpa_1007	0,5	0,0	1,100	0,0	0,1	0,0	0,0	0,1	0,0	0,0	0,0	0,0	0,0	0,0	0,0	0,1	0,0	0,0	0,0	0,0	0,0	0,0	0,0	0,0	0,0	0,0	0,0	0,0	0,0	0,0	0,0	0,0
Tpa_1022	0,0	0,0	0,0	0,0	0,0	0,0	0,0	0,0	0,0	1,0	0,0	0,0	0,0	0,0	0,0	0,0	0,0	0,0	0,0	0,0	0,0	0,0	0,0	0,0	0,0	0,0	0,0	0,0	0,0	0,0	0,0	0,0
Tpa_1042	0,0	0,0	2,0	0,0	0,0	0,0	0,0	0,0	0,0	0,0	0,0	0,0	0,0	0,0	0,0	0,0	0,0	0,0	0,0	0,0	0,0	0,0	0,0	0,0	0,0	0,0	0,0	0,0	0,0	0,0	0,0	0,0
Tpa_1071	4,0	0,0	143,141	0,0	0,1	0,0	0,0	0,0	0,0	0,0	0,0	0,0	0,0	0,1	0,0	2,0	0,0	0,0	0,0	0,0	0,0	0,0	0,0	0,0	0,0	0,0	0,0	0,0	0,1	0,0	0,0	0,0
Tpa_1077	0,0	0,0	28,0	0,0	0,0	0,0	0,0	0,0	0,0	0,0	1,0	0,0	0,0	0,0	0,0	0,0	0,0	0,0	0,0	0,0	0,0	0,0	0,0	0,0	0,0	0,0	0,0	0,0	0,0	0,0	0,0	0,0
Tpa_1082	23,0	11,0	101,0	1,0	1,0	12,0	0,0	0,0	1,0	1,0	0,0	0,1	0,0	4,3	1,0	8,0	0,0	0,0	0,0	0,0	0,0	0,0	0,1	0,0	2,0	0,0	0,0	1,0	0,0	0,0	0,0	0,0
Tpa_1098	0,0	0,0	4,0	0,0	0,0	0,0	0,0	0,0	0,0	0,0	0,0	0,0	0,0	0,0	0,0	0,0	0,0	0,0	0,0	0,0	0,0	0,0	0,0	0,0	0,0	0,0	0,0	0,0	0,0	0,0	0,0	0,0
Tpa_1112	0,0	0,0	1,0	0,0	0,0	0,0	0,0	0,0	0,0	0,0	0,0	0,0	0,0	0,0	0,0	0,0	0,0	0,0	0,0	0,0	0,0	0,0	0,0	0,0	0,0	0,0	0,0	0,0	0,0	0,0	0,0	0,0
Tpa_1136	0,0	0,0	0,0	0,0	1,0	0,0	0,0	0,0	0,0	0,0	0,0	0,0	0,0	0,0	0,0	0,0	0,0	0,0	0,0	0,0	0,0	0,0	0,0	0,0	0,0	0,0	0,0	0,0	0,0	0,0	0,0	0,0
Tpa_1144	0,0	0,0	3,0	0,0	0,0	0,0	0,0	0,0	0,0	0,0	0,0	0,0	0,0	0,0	0,0	0,0	0,0	0,0	0,0	0,0	0,0	0,0	0,0	0,0	0,0	0,0	0,0	0,0	0,0	0,0	0,0	0,0
Tpa_1154	0,0	0,0	0,2	0,0	0,0	0,0	0,0	0,0	0,0	0,0	0,0	0,0	0,0	0,0	0,0	0,0	0,0	0,0	0,0	0,0	0,0	0,0	0,0	0,0	0,0	0,0	0,0	0,0	0,0	0,0	0,0	0,0
Tpa_1156	0,0	0,0	1,0	0,0	0,0	0,0	0,0	0,0	0,0	0,0	0,0	0,0	0,0	0,0	0,0	0,0	0,0	0,0	0,0	0,0	0,0	0,0	0,0	0,0	0,0	0,0	0,0	0,0	0,0	0,0	0,0	0,0
Tpa_1187	1,0	1,2	113,1	1,0	2,0	1,0	0,0	1,0	1,0	0,0	0,0	0,0	0,0	2,0	0,0	1,0	0,0	1,0	0,0	1,0	0,0	0,0	0,0	0,0	0,0	0,0	0,0	0,0	0,0	0,0	0,0	0,0
Tpa_1268	1,0	0,0	12,0	0,0	0,0	0,0	0,0	0,0	0,0	0,0	0,0	0,0	0,0	0,0	0,0	1,0	0,0	0,0	0,0	0,0	0,0	0,0	0,0	0,0	0,0	0,0	0,0	0,0	0,0	0,0	0,0	0,0
Tpa_1290	2,0	0,0	135,0	0,0	0,0	0,0	0,0	0,0	1,0	0,0	0,0	0,0	0,0	0,0	1,0	3,0	0,0	0,1	0,0	0,0	0,0	0,0	0,0	0,0	0,0	0,0	0,0	0,0	0,0	0,0	0,0	0,0
Tpa_1304	0,0	0,0	0,3	0,0	0,0	0,0	0,0	0,0	0,0	0,0	0,0	0,0	0,0	0,0	0,0	0,0	0,0	0,0	0,0	0,0	0,0	0,0	0,0	0,0	0,0	0,0	0,0	0,0	0,0	0,0	0,0	0,0
Tpa_1305	0,0	0,0	0,0	0,0	0,0	0,0	0,0	0,0	0,0	0,0	0,0	0,0	0,0	0,0	0,0	0,0	0,0	0,0	0,0	0,0	0,0	0,0	0,0	0,0	0,0	0,0	0,0	0,0	0,0	0,0	0,0	0,0
Tpa_1310	2,0	0,0	121,1	0,0	0,0	0,0	0,0	0,0	0,0	0,0	0,0	0,0	0,0	0,0	0,0	0,0	0,0	1,0	0,0	0,0	0,0	0,0	0,0	0,0	0,0	0,0	0,0	0,0	0,0	0,0	0,0	0,0
Tpa_1312	127,0	34,0	1134,2	2,0	38,0	48,0	1,0	2,0	8,0	6,0	8,0	22,0	1,0	25,0	12,0	101,0	0,0	15,0	0,0	3,0	0,0	5,0	5,0	0,0	3,0	1,2	23,0	1,0	2,0	2,0	1,0	0,0
Tpa_1320	0,0	0,0	1,0	0,0	0,0	0,0	0,0	0,0	1,0	58,1	1,0	113,0	0,0	0,0	0,0	0,0	0,0	0,0	0,0	0,0	1,0	4,0	0,0	0,0	0,0	52,0	101,0	0,0	0,0	0,0	0,0	0,0
Tpa_1341	0,0	0,0	7,0	0,0	0,0	0,0	0,0	0,0	0,0	0,0	0,0	0,0	0,0	0,0	0,0	0,0	0,0	0,0	0,0	0,0	0,0	0,0	0,0	0,0	0,0	0,0	0,0	0,0	0,0	0,0	0,0	0,0
Tpa_1357	1,0	0,0	35,0	0,0	0,0	0,0	0,0	0,0	0,0	0,0	0,0	0,0	0,0	0,0	0,0	0,0	0,0	0,0	0,0	0,0	0,0	0,0	0,0	0,0	0,0	1,0	0,0	0,0	0,0	0,0	0,0	0,0
Tpa_1359	49,0	14,27	298,0	86,0	466,0	23,0	1,0	11,0	61,0	2,5	15,20	12,0	7,0	19,0	54,0	63,0	0,1	21,0	4,2	19,0	0,7	5,0	17,0	0,0	16,0	10,0	62,0	3,0	42,0	2,1	2,0	0,0
Tpa_1394	2,0	4,0	326,344	0,2	11,10	7,0	0,0	0,1	7,0	0,0	1,0	2,0	0,0	14,0	3,0	9,0	0,0	6,0	1,0	1,0	0,0	1,0	3,0	0,0	1,0	1,0	2,2	1,0	1,0	0,0	0,0	0,0
Tpa_1443	0,5	3,1	128,0	0,0	3,12	0,0	0,0	0,0	0,0	0,0	0,0	0,0	0,0	0,0	0,0	0,3	0,0	0,0	0,0	1,0	0,0	0,0	0,0	0,0	0,0	0,0	0,1	0,0	0,0	0,0	0,0	0,0
Tpa_1486	0,0	0,0	19,0	0,0	0,0	0,0	0,0	0,0	0,0	0,0	0,0	0,0	0,0	0,0	0,0	0,0	0,0	0,0	0,0	0,0	0,0	0,0	0,0	0,0	0,0	0,0	0,0	0,0	0,0	0,0	0,0	0,0
Tpa_1515	1,0	1,0	23,0	0,2	2,0	0,0	0,0	0,0	0,0	0,0	0,0	0,0	0,0	0,0	2,0	0,0	0,0	0,3	0,0	0,0	0,0	0,0	0,0	0,0	0,0	0,0	2,0	0,0	0,0	0,0	0,0	0,0
Tpa_1528	0,0	1,0	18,0	0,1	8,0	1,0	0,0	0,0	0,0	0,0	0,0	0,0	0,0	1,0	0,0	0,0	0,0	0,0	0,0	0,0	0,0	0,0	0,0	0,0	0,0	0,0	0,0	0,0	0,0	0,0	0,0	0,0
Tpa_1542	0,0	0,0	11,0	0,0	1,0	0,0	0,0	0,0	0,0	0,0	0,0	0,0	0,0	0,0	0,0	1,0	0,0	0,0	0,0	0,0	0,0	0,0	0,0	0,0	0,0	0,0	1,0	0,0	0,0	0,0	0,0	0,0
Tpa_1548	12,3	9,0	815,0	0,3	15,27	1,0	0,0	1,0	3,1	1,0	2,0	5,0	1,0	5,0	7,0	12,0	0,0	1,5	1,0	1,0	2,0	1,1	0,0	0,0	0,0	0,0	8,0	0,1	1,0	0,0	0,0	0,0
Tpa_1550	14,0	2,0	165,0	0,0	1,0	1,0	0,0	0,0	0,0	0,0	0,0	0,0	0,0	2,0	0,0	0,0	0,0	0,0	0,0	0,0	0,0	1,0	0,0	0,0	0,0	0,0	0,0	0,0	0,0	0,0	0,0	0,0
Tpa_1585	0,16	0,2	261,235	0,1	0,1	0,7	0,0	0,0	0,1	0,0	0,2	0,1	0,0	0,16	0,0	4,4	0,0	0,3	0,0	0,1	0,0	0,1	0,1	0,0	0,2	0,2	0,0	0,0	0,0	0,1	0,0	0,0
Tpa_1593	9,0	1,0	289,0	0,0	8,3	2,1	0,0	0,0	0,0	0,0	0,0	1,0	0,0	3,0	0,0	1,0	0,0	1,1	0,0	0,1	0,0	0,0	0,1	0,0	0,0	0,0	0,0	0,0	0,0	0,0	0,0	0,0
Tpa_1606	144,0	37,0	1482,0	57,0	352,0	85,0	9,0	9,0	66,0	5,2	38,0	39,0	9,8	13,20	52,0	130,0	2,0	20,0	6,0	12,0	3,0	5,0	28,0	0,0	14,0	7,0	86,0	2,0	22,0	1,1	2,0	0,0
Tpa_1638	2,4	2,0	158,0	0,0	3,0	4,0	1,0	0,0	0,0	0,0	0,0	0,0	0,0	1,0	0,0	2,0	0,0	1,0	0,0	0,0	0,0	0,0	1,0	0,0	0,0	0,0	2,0	0,0	0,0	0,0	0,0	0,0
Tpa_1646	42,0	23,0	1011,0	9,0	51,0	4,0	0,0	3,0	1,0	2,0	2,0	1,0	1,0	13,0	3,0	34,0	0,0	5,0	0,0	3,0	0,0	2,0	7,0	0,0	1,0	2,0	3,0	0,0	0,0	1,0	0,0	0,0
Tpa_1662	3,0	0,0	18,24	0,0	0,0	0,0	0,0	0,0	0,0	0,0	0,0	0,0	0,0	0,0	0,0	0,0	0,0	0,0	0,0	0,0	0,0	0,0	0,0	0,0	0,0	0,0	0,0	0,0	0,0	0,0	0,0	0,0
Tpa_1678	2,0	0,0	57,0	0,1	0,0	2,0	0,0	0,0	0,0	0,0	0,0	0,0	0,0	1,0	0,0	1,0	0,0	0,0	0,0	0,0	0,0	0,0	0,0	0,0	0,0	0,0	0,0	0,0	0,0	0,0	0,0	0,0
Tpa_1689	0,0	0,0	9,0	0,0	0,0	0,0	0,0	0,0	0,0	0,0	0,0	0,0	0,0	0,0	0,0	0,0	0,0	0,0	0,0	0,0	0,0	0,0	0,0	0,0	0,0	0,0	0,0	0,0	0,0	0,0	0,0	0,0
Tpa_1703	0,0	0,0	0,0	0,0	0,0	0,0	0,0	0,0	0,0	0,0	0,0	0,0	0,0	0,0	0,0	0,0	0,0	0,0	0,0	0,0	0,0	0,0	0,0	0,0	0,0	0,0	0,0	0,0	0,0	0,0	0,0	0,0
Tpa_1731	97,0	20,0	976,0	5,0	41,0	29,0	0,0	1,0	13,0	1,0	4,0	15,0	0,0	17,0	13,0	51,0	0,0	5,4	1,0	6,0	0,0	1,0	4,0	0,0	0,0	2,0	15,0	2,0	2,0	1,0	0,0	0,0
Tpa_1774	0,0	0,0	5,0	0,0	0,0	0,0	0,0	0,0	0,0	0,0	0,0	0,0	0,0	0,0	0,0	0,0	0,0	0,0	0,0	0,0	0,0	0,0	0,0	0,0	0,0	0,0	0,0	0,0	0,0	0,0	0,0	0,0
Tpa_1775	1,0	0,0	5,0	0,0	0,0	12,139	0,0	37,0	6,86	1,0	0,0	0,0	1,0	68,0	103,0	296,0	8,1	1,0	5,0	39,0	0,0	0,0	101,0	0,0	0,0	63,0	120,1	1,0	0,0	13,0	8,0	0,0
Tpa_1818	0,0	1,0	0,86	1,0	1,0	0,1	0,0	0,0	0,0	0,1	0,0	0,0	0,0	0,0	0,1	1,2	0,0	0,1	0,0	1,1	0,0	0,0	0,0	0,0	0,0	0,0	0,0	0,0	0,1	0,0	0,0	0,0
Tpa_1831	11,0	1,0	531,0	0,0	1,0	1,0	0,0	0,0	0,0	0,0	0,0	2,0	0,0	29,0	1,0	4,0	0,0	0,0	0,0	0,0	0,0	0,0	0,0	0,0	1,0	0,0	0,0	0,0	0,0	0,0	0,0	0,0
Tpa_1832	0,1	3,0	95,0	7,0	51,0	1,0	0,0	0,0	0,0	1,0	0,0	0,0	0,0	1,5	4,0	0,0	1,0	4,0	0,0	2,0	0,0	2,0	1,0	0,0	0,0	2,0	5,0	1,0	2,0	0,0	0,0	0,0
Tpa_1843	25,0	1,0	209,146	1,0	3,0	7,0	0,0	0,0	1,0	0,0	0,0	5,0	0,0	4,0	0,0	8,0	0,0	0,0	0,0	1,0	0,0	0,0	0,0	0,0	0,0	1,0	1,0	0,0	0,0	0,0	0,0	0,0
Tpa_1891	25,0	2,0	636,0	1,0	7,0	8,0	0,0	0,0	1,0	0,0	1,0	4,0	0,0	4,0	2,0	10,0	0,0	1,0	0,0	4,0	0,0	0,0	1,0	0,0	1,0	0,0	3,0	0,0	1,0	0,0	0,0	0,0
Tpa_1896	0,4	0,4	0,350	0,2	0,7	0,1	0,0	0,0	0,4	0,0	0,0	0,0	0,0	0,1	0,3	2,1	0,0	0,1	0,0	0,1	0,1	0,1	0,0	0,0	0,0	0,1	0,2	0,0	0,0	0,0	0,0	0,0
Tpa_1917	0,0	0,0	32,0	0,0	0,0	0,0	0,0	0,0	0,0	0,0	0,0	0,0	0,0	0,0	1,0	0,0	0,0	0,0	0,0	0,0	0,0	0,0	0,0	0,0	0,0	0,0	0,0	0,0	0,0	0,0	0,0	0,0
Tpa_1930	8,7	1,0	0,386	0,0	8,0	0,3	0,0	0,0	0,1	0,0	1,0	0,1	0,0	0,3	0,1	6,0	0,0	0,0	1,0	0,1	0,0	0,0	0,0	0,0	0,0	0,0	0,1	0,1	0,0	0,0	0,0	0,0
Tpa_1966	0,0	0,0	0,8	0,0	0,0	0,0	0,0	0,0	0,0	0,0	0,0	0,0	0,0	0,0	0,0	0,0	0,0	0,0	0,0	0,0	0,0	0,0	0,0	0,0	0,0	0,0	0,0	0,0	0,0	0,0	0,0	0,0
Tpa_2006	0,0	0,0	11,6	1,0	0,0	0,0	0,0	0,0	0,0	0,0	0,0	0,0	0,0	1,0	0,0	0,0	0,0	0,0	0,0	0,0	0,0	0,0	0,0	0,0	0,0	0,0	0,0	0,0	0,0	0,0	0,0	0,0
Tpa_2010	1,0	0,0	110,0	0,0	2,0	0,0	0,0	0,0	0,0	0,0	0,0	0,0	0,0	0,0	1,0	1,0	0,0	0,0	0,0	0,0	0,0	0,0	0,0	0,0	0,0	0,0	0,0	0,0	0,0	0,0	0,0	0,0
Tpa_2021	0,0	0,0	2,0	0,0	0,0	0,0	0,0	0,0	0,0	0,0	0,0	0,0	0,0	0,0	0,0	0,0	0,0	0,0	0,0	0,0	0,0	0,0	0,0	0,0	0,0	0,0	0,0	0,0	0,0	0,0	0,0	0,0
Tpa_2034	1,0	0,0	20,0	0,0	0,0	0,0	0,0	0,0	0,0	0,0	0,0	0,0	0,0	0,0	0,0	0,0	0,0	0,0	0,0	0,0	0,0	0,0	0,0	0,0	0,0	0,0	0,0	0,0	0,0	0,0	0,0	0,0
Tpa_2040	3,1	0,0	123,0	0,0	0,0	1,0	0,0	0,0	0,0	0,0	0,0	0,0	0,0	0,0	0,0	0,0	0,0	0,0	0,0	0,0	0,0	0,0	1,0	0,0	0,0	0,0	0,0	0,0	0,0	0,0	0,0	0,0
Tpa_2041	0,0	0,0	51,0	0,0	0,0	0,0	0,0	0,0	0,0	0,0	0,0	0,0	0,0	0,0	0,0	0,0	0,0	0,0	0,0	0,0	0,0	0,0	0,0	0,0	0,0	0,0	0,0	0,0	0,0	0,0	0,0	0,0
Tpa_2073	6,0	0,0	129,0	1,0	10,0	1,0	0,0	0,0	3,0	0,0	0,0	0,0	0,0	5,0	0,0	1,0	0,0	0,0	0,0	0,0	0,0	0,0	0,0	0,0	0,0	0,0	1,0	0,0	0,0	0,0	0,0	0,0
Tpa_2076	7,0	2,3	354,0	0,0	11,0	2,0	1,0	0,0	0,1	0,0	2,0	2,0	0,0	7,0	0,4	4,0	0,0	7,0	0,0	1,0	0,0	1,0	0,0	0,0	1,0	1,0	4,0	0,0	0,0	1,0	0,0	0,0
Tpa_2096	0,4	1,0	279,0	0,0	0,1	0,0	0,0	0,0	0,0	0,0	0,0	1,0	0,0	3,0	0,0	3,0	0,0	0,0	0,0	0,0	0,0	0,0	0,0	0,0	0,0	1,0	0,1	0,0	0,0	0,0	0,0	0,0
Tpa_2128	0,0	0,0	6,0	0,0	0,0	0,0	0,0	0,0	0,0	0,0	0,0	0,0	0,0	0,0	0,0	0,0	0,0	0,0	0,0	0,0	0,0	0,0	0,0	0,0	0,0	0,0	0,0	0,0	0,0	0,0	0,0	0,0
Tpa_2157	69,0	14,0	846,0	4,0	18,0	27,0	0,0	0,0	3,0	0,0	0,0	1,0	0,0	2,0	4,0	13,15	0,0	9,0	0,0	1,0	0,0	1,0	4,0	0,0	2,0	1,0	14,0	0,0	2,0	0,0	0,0	0,0
Tpa_2180	0,1	0,0	0,95	0,0	0,0	0,0	0,0	0,0	0,0	0,0	0,0	0,0	0,0	0,0	0,0	0,1	0,0	0,0	0,0	0,0	0,0	0,0	0,0	0,0	0,0	0,0	0,1	0,0	0,0	0,0	0,0	0,0
Tpa_2194	0,2	0,0	75,0	0,0	0,0	0,0	0,0	0,0	0,0	0,0	1,1	0,0	0,0	0,0	0,0	0,0	0,0	0,0	0,0	0,0	0,0	0,0	0,0	0,0	0,0	0,0	0,0	0,0	0,0	0,0	0,0	0,0
Tpa_2207	25,0	4,0	660,0	2,0	6,0	27,0	0,0	1,0	2,0	1,0	1,0	9,0	0,0	11,0	7,0	30,0	0,0	5,0	0,0	0,0	1,0	0,0	2,0	0,0	1,0	1,0	3,0	0,0	0,0	0,0	0,0	0,0
Tpa_2254	1,0	0,0	0,53	0,0	0,0	1,0	0,0	0,0	0,0	0,0	0,0	0,0	0,0	1,0	0,0	0,0	0,0	0,0	0,0	0,0	0,0	0,0	0,0	0,0	0,0	0,0	0,0	0,0	0,0	0,0	0,0	0,0
Tpa_2278	5,0	0,0	231,0	0,0	1,0	3,0	0,0	0,0	0,0	0,0	0,0	0,0	0,0	2,0	1,0	0,3	0,0	0,0	0,0	0,0	0,0	0,0	0,0	0,0	0,0	0,0	0,0	0,0	0,0	0,0	0,0	0,0
Tpa_2334	0,0	0,0	0,0	0,0	0,0	0,0	0,0	0,0	0,0	0,0	0,0	0,0	0,0	0,0	0,0	0,0	0,0	0,0	0,0	0,0	0,0	0,0	0,0	0,0	0,0	0,0	0,0	0,0	0,0	0,0	0,0	0,0
Tpa_2344	51,49	6,0	1102,2	0,0	0,3	36,0	0,0	1,0	8,0	0,0	5,0	10,0	0,0	25,0	5,0	12,0	0,0	3,0	0,0	2,0	0,0	2,0	2,0	0,0	1,1	0,0	3,0	1,0	0,0	1,0	0,0	0,0
Tpa_2353	21,0	3,0	649,0	0,0	11,11	6,0	1,0	0,0	7,0	0,0	1,1	2,0	0,0	5,4	7,0	1,2	0,0	8,0	0,0	0,0	0,0	0,0	1,0	0,0	1,0	0,0	9,0	1,0	1,0	0,1	0,0	0,0
Tpa_2368	0,1	0,0	0,37	0,0	0,0	0,0	0,0	0,0	0,0	0,0	0,0	0,0	0,0	0,0	0,0	0,0	0,0	0,0	0,0	0,0	0,0	0,0	0,0	0,0	0,0	0,0	0,0	0,0	0,0	0,0	0,0	0,0
Tpa_2412	58,0	43,0	1357,2	48,0	260,0	35,0	2,0	3,0	54,0	8,0	5,8	12,0	5,0	11,8	38,0	89,0	0,0	30,0	2,0	20,0	2,0	4,0	17,0	1,0	8,0	7,0	28,0	0,0	22,0	4,0	2,0	0,0
Tpa_2417	0,8	0,3	0,326	0,0	0,2	0,2	0,1	0,0	0,0	0,0	0,0	0,1	0,0	0,4	0,0	0,5	0,0	0,1	0,0	0,0	0,0	0,0	0,0	0,0	0,0	0,0	0,0	0,0	0,1	0,0	0,0	0,0
Tpa_2453	0,0	0,0	0,0	0,0	0,0	0,0	0,0	0,0	0,0	0,0	0,0	0,0	0,0	0,0	0,0	0,0	0,0	0,0	0,0	0,0	0,0	0,0	0,0	0,0	0,0	0,0	0,0	0,0	0,0	0,0	0,0	0,0
Tpa_2458	0,0	1,0	18,0	0,0	0,0	1,0	0,0	0,0	0,0	0,0	0,0	0,0	0,0	0,0	0,0	0,0	0,0	0,0	0,0	0,0	0,0	0,0	0,0	0,0	0,0	0,0	0,0	0,0	0,0	0,0	0,0	0,0
Tpa_2460	2,0	0,0	177,1	0,0	1,0	1,0	0,0	0,0	0,0	0,0	0,0	0,0	0,0	0,0	1,0	4,0	0,0	0,0	0,0	0,0	0,0	0,0	0,0	0,0	1,0	0,0	1,0	0,0	0,0	0,0	0,0	0,0
Tpa_2470	1,0	2,0	148,0	2,0	19,0	3,0	1,0	0,0	2,0	0,0	4,0	0,0	0,0	1,0	2,0	4,0	0,0	6,0	0,0	0,0	0,0	0,0	1,0	0,0	2,0	0,0	4,0	0,0	2,0	0,0	0,0	0,0
Tpa_2483	38,0	2,0	269,266	1,0	15,0	11,0	0,0	0,0	2,0	0,0	2,0	2,0	0,0	1,1	6,0	20,0	0,0	2,0	0,0	0,0	0,0	0,0	3,0	0,0	0,0	0,0	6,0	0,0	0,0	0,0	0,0	0,0
Tpa_2498	0,0	0,0	47,0	0,0	0,0	0,0	0,0	0,0	0,0	0,0	0,0	0,0	0,0	0,0	0,0	0,0	0,0	0,0	0,0	0,0	0,0	0,0	0,0	0,0	0,0	0,0	0,0	0,0	0,0	0,0	0,0	0,0
Tpa_2509	0,0	0,0	38,32	0,0	0,0	0,0	0,0	0,0	0,0	0,0	0,0	0,0	0,0	0,0	0,0	0,0	0,0	1,0	0,0	0,0	0,0	0,0	0,0	0,0	0,0	0,0	0,0	0,0	0,0	0,0	0,0	0,0
Tpa_2518	4,3	7,0	217,0	5,0	20,37	2,0	1,0	0,0	2,3	0,2	0,0	1,0	2,0	2,0	0,3	2,0	0,0	1,0	0,0	0,1	0,0	2,0	1,0	0,0	0,0	0,1	1,3	0,0	1,0	0,0	0,0	0,0
Tpa_2519	3,0	0,0	20,0	0,0	0,0	0,0	0,0	0,0	0,0	0,0	0,0	0,0	0,0	0,0	0,0	0,0	0,0	0,0	0,0	0,0	0,0	0,0	0,0	0,0	0,0	0,0	0,0	0,0	0,0	0,0	0,0	0,0
Tpa_2523	0,0	0,0	20,0	0,0	1,0	0,0	0,0	0,0	0,0	0,0	0,0	0,0	0,0	0,0	1,0	0,0	0,0	0,0	0,0	0,0	0,0	0,0	0,0	0,0	0,0	0,0	0,0	0,0	0,0	0,0	0,0	0,0
Tpa_2581	25,0	5,0	547,126	0,0	17,0	9,0	0,0	0,0	1,0	1,0	1,0	0,0	0,0	3,0	1,0	0,1	0,0	1,0	0,0	1,0	0,0	1,0	1,0	0,0	0,0	1,0	0,1	0,0	0,0	0,0	0,0	0,0
Tpa_2601	214,0	11,7	3,1676	0,23	0,58	0,101	1,2	5,2	17,6	8,0	0,9	45,0	1,1	82,52	12,11	51,28	1,0	0,17	0,3	0,7	2,1	3,4	4,3	0,0	4,3	7,4	47,0	0,1	3,2	0,2	1,0	0,0
Tpa_2608	63,0	5,0	1019,0	1,0	9,8	7,0	0,0	1,0	1,0	1,0	1,1	0,0	2,0	4,2	5,0	16,0	0,0	3,0	1,0	1,0	0,0	0,0	2,0	0,0	2,0	0,0	4,4	0,0	0,0	0,0	0,0	0,0
Tpa_2636	3,0	8,0	151,0	13,0	66,0	3,0	2,0	0,0	8,0	2,0	5,0	0,0	2,0	1,0	8,0	8,0	0,0	9,0	0,0	2,0	0,0	3,0	1,0	0,0	1,0	3,0	16,0	1,0	1,0	0,0	0,0	0,0
Tpa_2639	0,0	0,0	10,0	0,0	0,0	0,0	0,0	0,0	0,0	0,0	0,0	0,0	0,0	0,0	0,0	1,0	0,0	0,0	0,0	0,0	0,0	0,0	0,0	0,0	0,0	0,0	0,0	0,0	0,0	0,0	0,0	0,0
Tpa_2664	1,0	2,0	69,0	0,0	1,0	1,0	0,0	0,0	0,0	0,0	0,0	0,0	0,0	0,0	1,0	0,0	0,0	1,0	0,0	0,0	0,0	0,0	0,0	0,0	0,0	0,0	0,0	0,0	0,0	0,0	0,0	0,0
Tpa_2702	0,0	0,0	11,0	0,0	0,0	0,0	0,0	0,0	0,0	0,0	0,0	0,0	0,0	0,0	0,0	0,0	0,0	0,0	0,0	0,0	0,0	0,0	0,0	0,0	0,0	0,0	0,0	0,0	0,0	0,0	0,0	0,0
Tpa_2712	0,0	0,0	17,0	0,0	1,0	0,0	0,0	0,0	0,0	0,0	0,0	0,0	0,0	0,0	1,0	0,0	0,0	0,0	0,0	0,0	0,0	0,0	0,0	0,0	0,0	0,0	0,0	0,0	0,0	0,0	0,0	0,0
Tpa_2734	0,2	0,0	0,51	0,0	0,1	0,1	0,0	0,0	12,0	0,0	1,0	0,1	0,0	0,1	0,0	0,0	1,0	0,0	0,0	0,0	0,0	0,0	0,0	0,0	0,0	0,0	0,0	0,0	0,0	0,0	0,0	0,0
Tpa_2741	0,0	0,0	0,0	0,0	0,0	0,0	0,0	0,0	0,0	0,0	0,0	0,0	0,0	0,0	0,0	0,0	0,0	0,0	0,0	0,0	0,0	0,0	0,0	0,0	0,0	0,0	0,0	0,0	0,0	0,0	0,0	0,0
Tpa_2745	0,7	0,2	0,266	0,0	0,0	0,1	0,0	0,0	1,0	0,0	0,1	0,1	0,0	0,0	1,1	0,2	0,0	0,1	0,0	0,0	0,0	0,0	0,0	0,0	0,0	0,0	0,0	0,0	0,0	0,0	0,0	0,0
Tpa_2763	6,0	2,0	232,0	0,0	0,0	5,0	0,0	0,0	0,0	0,0	0,0	1,0	0,0	0,0	0,0	1,0	0,0	0,0	0,0	0,0	0,0	0,0	0,0	0,0	0,0	1,0	1,0	0,0	0,0	0,0	0,0	0,0
Tpa_2845	1,0	1,0	14,0	0,0	4,0	0,0	0,0	0,0	2,0	0,0	0,0	0,0	0,0	0,0	1,0	0,0	0,0	0,0	0,0	0,0	0,0	0,0	1,0	0,0	0,0	0,0	1,0	0,0	1,0	0,0	0,0	0,0
Tpa_2854	13,0	0,3	135,0	0,0	3,0	3,4	0,0	0,0	2,0	0,0	0,0	0,0	0,0	3,2	2,0	0,3	1,0	1,0	0,0	0,0	0,0	0,0	0,0	0,0	0,0	1,0	0,0	0,0	0,0	0,0	0,0	0,0
Tpa_2856	4,0	7,0	35,21	16,0	64,0	1,0	1,0	0,1	2,4	2,0	2,0	0,0	1,0	2,1	8,0	0,5	0,0	4,2	0,0	1,0	0,0	0,0	0,0	0,0	1,0	0,0	5,0	0,0	4,0	1,0	0,0	0,0
Tpa_2861	10,0	1,0	699,1	0,0	1,1	11,0	0,0	0,0	0,0	0,0	2,1	1,0	0,0	3,0	0,2	11,0	0,0	0,0	0,0	0,0	1,0	0,0	0,0	0,0	0,0	0,0	1,0	0,0	0,0	0,0	0,0	0,0
Tpa_2868	8,0	1,0	160,0	0,0	3,3	1,1	0,0	0,0	2,0	0,0	2,0	0,0	0,0	0,0	1,0	8,0	0,0	1,0	0,0	0,0	0,0	0,0	0,0	0,0	0,0	0,0	2,0	0,0	0,0	0,0	0,0	0,0
Tpa_2900	0,0	0,0	20,0	0,0	0,0	0,0	0,0	0,0	0,0	0,0	0,0	0,0	0,0	0,0	0,0	0,0	0,0	0,0	0,0	0,0	0,0	0,0	0,0	0,0	0,0	0,0	0,0	0,0	0,0	0,0	0,0	0,0
Tpa_2907	0,3	1,0	147,141	0,0	0,0	1,0	0,0	0,0	0,0	0,0	0,0	0,0	0,0	2,0	0,0	0,0	0,0	0,0	0,0	0,0	0,0	0,0	0,0	0,0	0,0	1,0	0,1	0,0	0,0	0,0	0,0	0,0
Tpa_2961	0,0	1,0	399,0	0,0	4,0	4,0	0,0	0,0	0,0	0,0	0,0	1,0	1,0	9,0	0,0	0,0	0,0	0,0	0,0	0,0	1,0	2,0	0,0	0,0	0,0	2,0	0,0	0,0	0,0	0,0	0,0	0,0
Tpa_2970	1,0	0,0	9,9	0,0	0,0	0,0	0,0	0,0	0,0	0,0	0,0	0,0	0,0	0,0	0,0	0,0	0,0	0,0	0,0	0,0	0,0	0,0	0,0	0,0	0,0	0,0	0,0	0,0	0,0	0,0	0,0	0,0
Tpa_3004	0,3	0,0	0,78	0,0	0,0	0,0	0,0	0,0	0,0	0,0	0,0	0,0	0,0	0,0	0,0	0,1	0,0	0,0	0,0	0,0	0,0	0,0	0,0	0,0	0,0	0,0	0,0	0,0	0,0	0,0	0,0	0,0
Tpa_3011	2,0	0,0	186,0	0,0	5,0	1,0	0,0	0,0	1,0	0,0	0,0	0,0	0,0	1,0	0,0	0,0	0,0	0,0	0,0	0,0	0,0	0,0	0,0	0,0	0,0	0,0	0,0	0,0	0,0	0,0	0,0	0,0
Tpa_3018	0,0	0,0	0,0	0,0	0,0	0,0	0,0	0,0	0,0	0,0	0,0	0,0	0,0	0,0	0,0	0,0	0,0	0,0	0,0	0,0	0,0	0,0	0,0	0,0	0,0	0,0	0,0	0,0	0,0	0,0	0,0	0,0
Tpa_3047	27,0	5,0	138,0	1,0	2,0	13,0	0,0	0,0	2,0	0,0	1,0	16,0	2,0	2,5	2,0	8,0	0,0	0,0	0,0	1,0	0,0	1,0	2,0	0,0	0,0	0,1	1,0	0,0	1,0	0,0	0,0	0,0
Tpa_3055	0,0	0,0	0,24	0,0	0,0	0,0	0,0	0,0	0,0	0,0	0,0	0,0	0,0	0,0	0,0	0,0	0,0	0,0	0,0	0,0	0,0	0,0	0,0	0,0	0,0	0,0	0,0	0,0	0,0	0,0	0,0	0,0
Tpa_3063	0,1	1,0	16,0	0,0	4,0	0,0	0,0	0,0	1,0	0,0	1,0	0,0	0,0	0,0	1,0	1,0	0,0	0,0	0,0	0,0	0,0	0,0	0,0	0,0	0,0	0,0	0,0	0,0	0,0	1,0	0,0	0,0
Tpa_3129	0,0	0,0	8,0	0,0	0,0	0,0	0,0	0,0	0,0	0,0	0,0	0,0	0,0	0,0	0,0	0,0	0,0	0,0	0,0	0,0	0,0	0,0	0,0	0,0	0,0	0,0	0,0	0,0	0,0	0,0	0,0	0,0
Tpa_3149	2,0	0,0	195,0	0,0	1,0	1,0	0,0	0,0	2,0	0,0	0,0	0,0	0,0	0,0	0,0	3,0	0,0	0,0	1,0	0,0	0,0	1,0	0,0	0,0	0,0	0,0	2,0	0,0	0,0	0,0	0,0	0,0
Tpa_3193	0,0	0,0	0,0	0,0	0,0	0,0	0,0	0,0	0,0	0,0	0,0	0,0	0,0	0,0	0,0	0,0	0,0	0,0	0,0	0,0	0,0	0,0	0,0	0,0	0,0	0,0	0,0	0,0	0,0	0,0	0,0	0,0
Tpa_3197	3,0	0,0	121,0	0,0	0,0	0,2	0,0	0,0	0,0	0,0	0,0	2,0	0,0	3,0	0,0	2,0	0,0	0,0	0,0	1,0	0,0	0,0	0,0	0,0	0,0	0,0	0,0	0,0	0,0	0,0	0,0	0,0
Tpa_3200	1,0	0,0	54,0	0,0	0,0	1,0	0,0	0,0	0,0	0,0	0,0	0,0	0,0	0,0	0,0	0,0	0,0	0,0	0,0	0,0	0,0	0,0	0,0	0,0	0,0	0,0	0,0	0,0	0,0	0,0	0,0	0,0
Tpa_3248	0,32	0,1	1,29	0,0	0,4	0,26	0,0	0,0	0,0	0,1	0,1	0,26	0,1	0,3	0,7	0,2	0,0	0,0	0,2	0,4	0,0	0,0	0,0	0,0	0,0	0,1	0,0	0,0	0,1	0,0	0,0	0,0
Tpa_3254	3,0	0,0	50,0	0,0	0,0	0,0	0,0	0,0	0,0	0,0	0,0	0,0	0,0	0,0	0,0	0,0	0,0	0,0	0,0	0,0	0,0	0,0	0,0	0,0	0,0	0,0	0,0	0,0	0,0	0,0	0,0	0,0
Tpa_3262	72,0	6,8	476,375	1,0	10,0	42,0	0,0	0,0	0,3	1,0	0,0	11,0	0,0	3,0	5,0	31,0	0,0	1,0	1,0	0,0	0,0	0,0	1,0	0,0	0,0	2,0	1,1	0,0	2,0	0,0	0,0	0,0
Tpa_3263	4,0	6,0	115,0	2,0	54,0	1,0	0,0	0,0	1,0	0,0	1,0	1,0	0,0	0,0	3,0	3,0	0,0	4,0	0,0	1,0	1,0	0,0	0,0	0,0	1,0	0,0	3,2	0,0	0,0	0,0	0,0	0,0
Tpa_3310	2,0	1,0	175,0	0,0	1,0	2,0	0,0	0,0	0,0	1,0	1,0	0,0	0,0	1,0	0,0	1,0	0,0	0,0	0,0	0,0	0,0	0,0	0,0	0,0	0,0	0,0	0,0	0,0	1,0	0,0	0,0	0,0
Tpa_3347	1,0	2,0	7,0	2,0	6,4	0,0	0,1	0,0	2,2	0,0	3,1	0,0	1,0	0,0	3,0	1,0	0,0	1,0	0,0	0,0	0,0	0,0	0,1	0,0	0,0	0,0	1,0	0,0	1,0	0,0	0,0	0,0
Tpa_3354	9,0	16,0	335,0	10,0	63,0	6,0	0,0	0,0	2,0	0,0	4,0	2,0	2,0	1,6	5,0	10,0	0,0	9,1	3,0	2,0	0,0	2,0	2,0	0,0	3,0	0,0	6,0	0,1	3,0	0,0	0,0	0,0
Tpa_3364	0,3	0,0	140,157	0,0	0,5	2,0	0,0	0,0	0,0	0,1	0,0	1,0	0,0	1,1	0,0	0,3	0,0	0,0	0,0	1,0	0,0	0,0	0,0	0,0	0,0	0,0	0,1	0,0	0,0	0,0	0,0	0,0
Tpa_3385	0,0	0,0	3,0	0,0	0,0	0,0	0,0	0,0	0,0	0,0	0,0	0,0	0,0	0,0	0,0	0,0	0,0	0,0	0,0	0,0	0,0	0,0	0,0	0,0	0,0	0,0	0,0	0,0	0,0	0,0	0,0	0,0
Tpa_3439	0,0	0,0	11,0	0,0	0,0	0,0	0,0	0,0	0,0	0,0	0,0	0,0	0,0	0,0	0,0	0,0	0,0	0,0	0,0	0,0	0,0	0,0	0,0	0,0	0,0	0,0	0,0	0,0	0,0	0,0	0,0	0,0
Tpa_3502	0,0	0,0	2,0	0,0	0,0	0,0	0,0	0,0	0,0	0,0	0,0	0,0	0,0	0,0	0,0	0,0	0,0	0,0	0,0	0,0	0,0	0,0	0,0	0,0	0,0	0,0	0,0	0,0	0,0	0,0	0,0	0,0
Tpa_3561	0,0	0,0	5,0	0,0	1,0	0,0	0,0	0,0	0,0	0,0	0,0	0,0	0,0	0,0	0,0	0,0	0,0	0,0	0,0	0,0	0,0	0,0	0,0	0,0	0,0	0,0	0,0	0,0	0,0	0,0	0,0	0,0
Tpa_3569	1,0	0,0	22,0	0,0	0,0	0,0	0,0	0,0	1,0	0,0	0,0	0,0	0,0	0,0	0,0	0,0	0,0	0,0	0,0	0,0	0,0	0,0	0,0	0,0	0,0	0,0	0,0	0,0	1,0	0,0	0,0	0,0
Tpa_3583	0,2	0,0	0,164	0,0	0,0	0,0	0,0	0,0	0,0	0,1	0,0	0,0	0,0	0,0	0,1	0,1	0,0	0,0	0,0	0,0	0,0	0,0	0,0	0,0	0,0	0,0	0,0	0,0	0,2	0,0	0,0	0,0
Tpa_3616	52,1	12,0	1443,0	20,0	122,1	12,0	1,0	3,0	11,0	1,0	11,0	0,0	1,0	14,0	23,0	43,0	0,0	16,0	1,0	9,0	2,0	5,0	5,0	0,0	2,0	3,0	39,0	0,0	1,0	2,0	0,0	1,0
Tpa_3674	5,0	0,0	181,0	0,0	1,1	2,0	0,0	1,0	0,0	0,0	0,0	0,0	0,0	1,0	0,0	0,0	0,0	0,0	0,0	0,0	0,0	0,0	0,0	0,0	0,0	1,0	1,0	0,0	0,0	0,0	0,0	0,0
Tpa_3676	0,0	0,0	10,0	0,0	0,0	0,0	0,0	0,0	0,0	0,0	0,0	0,0	0,0	0,0	0,0	0,0	0,0	0,0	0,0	0,0	0,0	0,0	0,0	0,0	0,0	0,0	0,0	0,0	0,0	0,0	0,0	0,0
Tpa_3679	0,0	0,0	4,3	0,0	0,0	0,0	0,0	0,0	0,0	0,0	0,0	0,0	0,0	0,0	0,0	0,0	0,0	0,0	0,0	0,0	0,0	0,0	0,0	0,0	0,0	0,0	0,0	0,0	0,0	0,0	0,0	0,0
Tpa_3684	0,0	1,0	2,0	0,0	2,0	0,0	0,0	0,0	0,0	0,0	0,0	0,0	0,0	0,0	0,0	0,0	0,0	0,0	0,0	0,0	0,0	0,0	0,0	0,0	0,0	0,0	0,0	0,0	0,0	0,0	0,0	0,0
Tpa_3705	42,0	13,0	936,0	15,0	96,0	13,0	5,0	1,0	15,0	1,0	6,0	2,3	1,0	7,0	14,0	28,0	2,0	9,0	3,0	3,0	0,2	2,0	1,5	0,0	3,0	1,0	18,0	1,0	3,0	0,0	1,0	0,0
Tpa_3723	0,1	0,0	0,34	0,1	0,0	0,0	0,0	0,0	0,1	0,0	0,1	0,0	0,0	0,1	0,0	0,0	0,0	1,0	0,0	0,1	0,0	0,0	0,0	0,0	0,1	0,0	0,1	0,0	0,0	0,1	0,0	0,0
Tpa_3737	2,0	1,0	67,0	0,0	0,0	1,0	0,0	0,0	0,0	0,0	1,0	0,0	0,0	0,0	0,0	0,0	1,0	0,0	0,0	0,0	0,0	0,0	1,0	0,0	0,0	0,0	0,0	0,0	1,0	0,0	0,0	0,0
Tpa_3745	23,0	1,0	297,0	1,0	4,0	16,0	0,0	0,0	1,0	1,0	0,0	2,0	0,0	1,0	0,0	6,0	0,0	0,0	0,0	0,0	0,0	0,0	0,0	0,0	0,0	0,0	0,0	0,0	0,0	0,0	0,0	0,0
Tpa_3795	115,102	45,0	2114,1	2,5	38,0	72,0	3,0	4,0	14,0	15,0	16,0	38,0	0,0	24,0	29,0	136,0	0,0	21,0	2,0	0,7	4,0	2,0	18,0	0,0	6,0	2,1	29,0	3,0	5,0	1,0	0,0	0,0
Tpa_3846	2,3	0,0	38,35	0,0	0,0	1,0	0,0	1,0	0,0	0,0	0,0	0,0	0,0	0,0	1,0	0,0	0,0	0,0	0,0	0,0	0,0	0,0	0,0	0,0	0,0	0,0	0,0	0,0	0,0	0,0	0,0	0,0
Tpa_3862	0,0	0,0	0,0	0,0	0,0	0,0	0,0	0,0	0,0	0,0	0,0	0,0	0,0	0,0	0,0	0,0	0,0	0,0	0,0	0,0	0,0	0,0	0,0	0,0	0,0	0,0	0,0	0,0	0,0	0,0	0,0	0,0
Tpa_3871	40,0	3,0	558,0	0,0	5,0	7,0	0,0	0,0	1,0	0,0	1,0	1,0	1,0	3,0	2,0	6,0	0,0	4,0	0,0	0,0	1,0	0,0	0,0	0,0	0,1	1,0	2,0	1,0	1,0	0,0	0,0	0,0
Tpa_3879	91,0	13,0	755,1	5,0	43,0	41,0	2,0	1,0	3,0	4,0	1,0	20,0	1,0	8,0	16,0	31,0	0,0	5,6	1,0	1,0	1,0	3,0	9,0	0,0	2,0	3,0	15,0	1,0	3,0	1,0	0,0	0,0
Tpa_3905	7,0	3,0	38,143	1,0	6,0	6,0	0,0	1,0	1,0	2,0	0,1	0,0	0,0	0,0	3,0	10,0	0,0	3,0	0,0	0,0	0,0	0,0	0,0	0,0	0,0	0,0	0,0	0,0	0,0	0,0	0,0	0,0
Tpa_3926	1,0	0,0	25,0	0,0	0,0	1,0	0,0	0,0	0,0	0,0	0,0	0,0	0,0	0,0	0,0	1,0	0,0	0,0	0,0	0,0	0,0	0,0	0,0	0,0	0,0	0,0	0,0	0,0	0,0	0,0	0,0	0,0
Tpa_3937	1,0	0,0	9,0	0,0	0,0	1,0	0,0	0,0	0,0	0,0	0,0	0,0	0,0	0,0	1,0	1,0	0,0	0,0	0,0	0,0	0,0	0,0	0,0	0,0	0,0	0,0	0,0	0,0	0,0	0,0	0,0	0,0
Tpa_3962	2,0	2,0	104,0	0,0	1,0	0,0	0,0	0,0	0,0	0,0	0,0	1,1	0,0	0,0	0,0	1,0	0,0	0,0	0,0	0,0	0,0	1,0	1,0	0,0	0,0	0,0	0,0	0,0	0,0	0,0	0,0	0,0
Tpa_3974	0,1	0,0	33,27	0,0	0,0	0,0	0,0	0,0	0,1	0,0	0,0	0,0	0,0	0,0	0,0	0,0	0,0	0,0	0,0	0,0	0,0	0,0	0,0	0,0	0,0	0,0	0,0	0,0	0,0	0,0	0,0	0,0
Tpa_4020	0,0	0,0	39,0	0,0	0,0	0,0	0,0	0,0	0,0	0,0	0,0	0,0	0,0	0,0	0,0	3,0	0,0	0,0	0,0	0,0	0,0	0,0	0,0	0,0	0,0	0,0	0,0	0,0	0,0	0,0	0,0	0,0
Tpa_4021	15,0	1,0	536,1	0,0	4,0	4,0	0,0	0,0	1,0	1,0	0,0	2,0	0,0	2,0	0,0	0,5	0,0	0,0	0,0	0,0	0,0	0,0	0,0	0,0	0,0	0,0	0,0	0,0	0,0	0,0	0,0	0,0
Tpa_4022	58,84	12,11	397,610	1,0	56,0	26,66	3,0	0,3	8,11	9,0	9,6	13,45	1,0	26,0	16,0	89,0	1,0	4,11	0,0	7,1	0,0	0,1	6,5	0,0	4,0	1,10	12,0	2,0	6,7	1,0	0,0	0,0
Tpa_4055	1,0	0,0	4,5	0,0	11,0	0,0	0,0	0,0	1,0	0,0	1,0	0,0	0,0	0,0	1,0	0,0	0,0	0,0	0,0	0,0	0,0	0,0	0,0	0,0	1,0	0,0	0,0	0,0	0,0	0,0	0,0	0,0
Tpa_4077	5,0	0,0	186,0	0,0	2,0	4,0	0,0	0,0	0,0	0,0	0,0	1,0	0,0	0,0	2,0	1,0	0,0	0,0	0,0	0,0	0,0	0,0	0,0	0,0	1,0	0,0	1,0	0,0	0,0	0,0	0,0	0,0
Tpa_4120	49,0	6,0	726,0	0,0	5,0	19,8	0,0	0,0	0,0	1,0	6,0	4,5	1,0	2,0	3,0	33,0	0,0	2,0	0,0	0,0	0,0	1,0	0,0	0,0	0,0	1,0	3,0	0,0	0,1	0,0	0,0	0,0
Tpa_4126	0,8	8,3	0,392	0,21	0,83	0,2	0,2	0,3	0,15	0,3	0,7	0,2	0,3	0,5	0,10	0,20	0,1	0,9	0,0	0,4	0,0	0,1	0,2	0,0	0,8	0,0	12,3	0,1	0,2	0,0	0,0	0,0
Tpa_4137	3,2	13,0	299,0	2,0	18,0	2,0	0,0	0,0	5,0	0,0	4,0	0,0	0,0	2,0	8,0	10,0	1,0	4,0	0,1	3,0	0,0	0,0	3,0	0,0	5,0	2,0	10,0	0,0	2,0	0,0	0,0	0,0
Tpa_4148	0,0	0,0	0,16	0,0	0,0	0,0	0,0	0,0	0,0	0,0	0,0	0,0	0,0	0,0	0,0	0,0	0,0	0,0	0,0	0,0	0,0	0,0	0,0	0,0	0,0	0,0	0,0	0,0	0,0	0,0	0,0	0,0
Tpa_4168	1,0	0,0	93,0	0,0	0,0	2,0	0,0	0,0	0,0	0,0	0,0	0,0	0,0	0,0	0,0	3,0	0,0	0,0	0,0	0,0	0,0	0,0	0,0	0,0	0,0	1,0	0,0	0,0	0,0	0,0	0,0	0,0
Tpa_4176	0,0	0,0	2,0	0,0	0,0	0,0	0,0	0,0	0,0	0,0	0,0	0,0	0,0	0,0	0,0	0,0	0,0	0,0	0,0	0,0	0,0	0,0	0,0	0,0	0,0	1,0	0,0	0,0	0,0	0,0	0,0	0,0
Tpa_4178	9,5	7,0	467,0	1,0	30,0	12,0	0,0	1,0	4,0	1,0	1,0	2,0	0,0	2,0	1,0	10,0	0,0	4,0	0,0	1,0	0,0	2,0	1,0	0,0	1,0	0,0	7,0	0,0	1,0	0,1	0,0	1,0
Tpa_4209	4,0	1,0	414,1	0,0	1,0	2,0	0,0	0,0	2,0	0,0	0,0	0,0	0,0	1,0	0,0	4,0	0,0	2,0	0,0	0,0	0,0	0,0	1,0	0,0	0,0	0,0	0,0	0,0	0,0	0,0	0,0	0,0
Tpa_4221	0,0	0,0	0,0	0,0	0,0	0,0	0,0	0,0	0,0	0,0	0,0	0,0	0,0	0,0	0,0	0,0	0,0	0,0	0,0	0,0	0,0	0,0	0,0	0,0	0,0	0,0	0,0	0,0	0,0	0,0	0,0	0,0
Tpa_4230	3,0	0,6	192,0	0,0	3,0	0,6	0,0	0,0	0,0	1,0	1,0	0,0	0,0	0,0	0,0	4,0	0,0	0,0	0,0	0,0	0,0	0,1	0,0	0,0	0,0	0,0	2,0	0,0	0,0	0,0	0,0	0,0
Tpa_4245	0,0	0,0	0,0	0,0	0,0	0,0	0,0	0,0	0,0	0,0	0,0	0,0	0,0	0,0	0,0	0,0	0,0	0,0	0,0	0,0	0,0	0,0	0,0	0,0	0,0	0,0	0,0	0,0	0,0	0,0	0,0	0,0
Tpa_4246	0,0	3,0	188,0	0,0	1,0	1,0	0,0	0,0	3,0	0,0	0,0	0,0	0,0	5,0	2,0	4,0	0,0	0,0	0,0	2,0	0,0	0,0	0,0	0,0	2,0	1,0	6,0	0,0	1,0	0,0	0,0	0,0
Tpa_4247	0,25	0,7	0,384	0,1	0,26	0,4	0,1	0,2	0,9	0,0	0,7	0,3	0,0	0,0	0,4	0,28	0,0	0,2	0,0	0,1	0,0	0,1	0,1	0,0	0,0	0,0	0,4	0,0	0,0	0,0	0,1	0,0
Tpa_4268	134,0	51,0	807,0	3,0	9,0	57,0	0,0	2,0	2,0	8,0	7,0	42,0	0,0	85,0	5,0	51,0	0,0	3,0	8,0	3,1	1,0	6,0	0,0	0,0	0,0	6,0	6,0	2,0	0,0	0,0	0,0	1,0
Tpa_4291	14,0	1,0	779,1	0,0	0,0	1,0	1,0	0,0	2,0	0,0	1,0	2,0	0,0	0,0	1,0	3,0	0,0	0,0	0,0	1,0	1,0	0,0	1,0	0,0	0,0	0,0	0,0	0,0	1,0	0,0	0,0	0,0
Tpa_4295	0,0	0,0	24,0	0,0	1,0	0,0	0,0	0,0	0,0	0,0	0,0	0,0	0,0	0,0	0,0	0,0	0,0	0,0	0,0	0,0	0,0	0,0	0,0	0,0	0,0	0,0	0,0	0,0	0,0	0,0	0,0	0,0
Tpa_4310	0,6	0,1	58,61	0,1	0,1	0,1	0,0	0,1	0,0	0,0	0,0	0,0	0,0	0,1	0,0	0,0	0,0	0,0	0,0	0,0	0,0	0,0	0,0	0,0	0,0	0,0	0,1	0,0	0,0	0,0	0,0	0,0
Tpa_4316	4,0	1,0	395,0	0,0	0,0	3,0	0,0	0,0	0,0	0,0	1,0	0,0	0,0	1,0	0,0	2,0	0,0	0,0	0,0	0,0	0,0	0,0	0,0	0,0	0,0	0,0	0,0	0,0	0,0	0,0	0,0	0,0
Tpa_4353	177,0	22,0	1168,0	0,0	58,1	65,0	0,0	0,0	25,0	9,0	4,0	0,0	1,0	9,0	27,0	89,0	0,0	0,0	2,0	3,0	0,0	3,1	8,0	0,0	0,0	2,0	16,1	3,0	5,0	0,0	0,0	1,0
Tpa_4356	196,0	53,0	1240,1	8,0	76,0	78,0	1,0	0,1	8,0	9,0	18,0	38,0	6,0	21,16	22,0	28,69	0,0	13,0	0,0	11,0	1,0	4,0	7,0	0,0	4,0	8,0	12,21	1,0	2,0	1,0	1,0	1,0
Tpa_4380	0,0	1,0	12,0	0,0	0,0	0,0	0,0	0,0	0,0	0,0	0,0	0,0	0,0	0,0	0,0	0,0	0,0	0,0	0,0	0,0	0,0	0,0	0,0	0,0	0,0	0,0	0,0	0,0	0,0	0,0	0,0	0,0
Tpa_4384	1,0	0,0	106,0	0,0	0,0	1,0	0,0	0,0	1,0	0,0	0,0	0,0	0,0	1,0	0,0	3,0	0,0	0,0	0,0	0,0	0,0	0,0	0,0	0,0	0,0	0,0	0,0	0,0	0,0	0,0	0,0	0,0
Tpa_4394	2,0	0,0	48,0	0,0	0,0	1,0	0,0	0,0	0,0	0,0	0,0	0,0	0,0	0,0	0,0	0,0	0,0	0,0	0,0	0,0	0,0	0,0	0,0	0,0	0,0	0,0	0,0	0,0	0,0	0,0	0,0	0,0
Tpa_4416	10,0	0,0	321,2	0,0	1,0	0,1	0,0	0,0	0,0	0,0	1,0	0,0	0,0	4,0	0,0	0,0	0,0	1,0	0,0	0,0	0,0	0,0	0,0	0,0	0,0	0,0	3,0	0,0	0,0	0,0	0,0	0,0
Tpa_4425	4,0	7,0	228,0	2,0	122,0	9,0	0,0	0,0	1,2	0,0	2,0	0,0	0,0	0,0	2,0	25,0	0,0	10,0	0,0	0,0	0,0	0,0	1,0	0,0	0,0	0,0	4,0	0,0	0,0	0,0	0,0	0,0
Tpa_4443	13,0	3,0	426,1	0,0	1,0	1,0	0,0	0,0	1,0	0,0	2,0	0,0	1,0	7,0	1,0	4,0	0,0	0,0	0,0	0,0	0,0	0,0	0,0	0,0	0,0	1,0	1,0	0,0	0,0	0,0	0,0	0,0
Tpa_4454	1,0	1,0	115,0	1,0	2,0	0,0	0,0	0,0	0,0	1,0	1,0	0,0	0,0	2,0	0,0	0,0	0,0	0,0	0,0	0,0	0,0	0,0	2,0	0,0	0,0	0,0	2,0	0,0	0,0	0,0	0,0	0,0
Tpa_4467	0,0	0,0	0,1	0,0	0,0	0,0	0,0	0,0	0,0	0,0	0,0	0,0	0,0	0,0	0,0	0,0	0,0	0,0	0,0	0,0	0,0	0,0	0,0	0,0	0,0	0,0	0,0	0,0	0,0	0,0	0,0	0,0
Tpa_4495	0,0	1,0	14,0	0,0	0,0	0,0	0,0	0,0	0,0	0,0	0,0	0,0	0,0	0,0	0,0	1,0	0,0	0,0	0,0	0,0	0,0	0,0	0,0	0,0	0,0	0,0	0,0	0,0	0,0	0,0	0,0	0,0
Tpa_4506	0,0	0,0	7,0	0,0	0,0	0,0	0,0	0,0	0,0	0,0	0,0	0,0	0,0	0,0	0,0	0,0	0,0	0,0	0,0	0,0	0,0	0,0	0,0	0,0	0,0	0,0	0,0	0,0	0,0	0,0	0,0	0,0
Tpa_4511	0,0	0,0	0,0	0,0	0,0	0,0	0,0	0,0	0,0	0,0	0,0	0,0	0,0	0,0	0,0	0,0	0,0	0,0	0,0	0,0	0,0	0,0	0,0	0,0	0,0	0,0	0,0	0,0	0,0	0,0	0,0	0,0
Tpa_4549	0,0	1,0	6,0	0,0	0,0	0,0	0,0	0,0	0,0	0,0	0,0	0,0	0,0	0,0	0,0	0,0	0,0	0,0	0,0	0,0	0,0	0,0	0,0	0,0	0,0	0,0	0,0	0,0	0,0	0,0	0,0	0,0
Tpa_4556	2,0	0,0	91,0	0,0	0,0	0,0	1,0	0,0	0,0	0,0	0,0	0,0	0,0	0,0	3,0	0,0	0,0	0,0	0,0	0,0	0,0	0,0	0,0	0,0	0,0	0,0	1,0	1,0	0,0	0,0	0,0	0,0
Tpa_4569	19,0	3,0	398,0	0,1	7,9	3,0	0,0	0,0	1,1	2,0	1,0	1,2	0,0	1,3	0,2	4,3	0,0	1,0	0,0	1,0	0,1	0,0	0,0	0,0	0,0	0,0	5,0	0,0	0,1	0,0	1,0	0,0
Tpa_4582	0,0	0,0	3,3	0,0	0,0	0,0	0,0	0,0	0,0	0,0	0,0	0,0	0,0	0,0	0,0	0,0	0,0	0,0	0,0	0,0	0,0	0,0	0,0	0,0	0,0	0,0	0,0	0,0	0,0	0,0	0,0	0,0
Tpa_4590	22,0	8,0	250,0	0,0	0,0	5,0	0,0	0,0	0,0	0,0	0,0	0,0	0,0	2,0	1,0	6,0	0,0	0,0	0,0	0,0	0,0	0,0	1,0	0,0	0,0	0,0	1,0	0,0	0,0	0,0	0,0	0,0
Tpa_4591	0,0	0,0	1,0	0,0	0,0	0,0	0,0	0,0	0,0	0,0	0,0	0,0	0,0	0,0	0,0	0,0	0,0	0,0	0,0	0,0	0,0	0,0	0,0	0,0	0,0	0,0	0,0	0,0	0,0	0,0	0,0	0,0
Tpa_4592	3,0	1,0	64,0	0,0	3,0	0,0	0,0	0,0	0,0	0,0	0,0	0,0	0,0	0,0	0,0	0,0	0,0	0,0	0,0	0,0	0,0	0,0	0,1	0,0	0,0	0,0	1,0	0,0	0,0	0,0	0,0	0,0
Tpa_4593	0,0	1,0	191,0	0,0	0,0	1,0	0,0	0,0	0,0	0,0	0,0	1,0	0,0	0,0	2,0	2,0	0,0	0,0	0,0	0,0	0,0	0,0	0,0	0,0	0,0	0,0	0,0	0,0	1,0	0,0	0,0	0,0
Tpa_4595	0,0	0,0	0,0	0,0	0,0	0,0	0,0	0,0	0,0	0,0	0,0	0,0	0,0	0,0	0,0	0,0	0,0	0,0	0,0	0,0	0,0	0,0	0,0	0,0	0,0	0,0	0,0	0,0	0,0	0,0	0,0	0,0
Tpa_4599	103,0	13,24	292,763	0,0	9,1	40,0	0,0	0,0	2,8	1,0	1,0	12,0	0,0	93,0	4,0	67,0	0,1	3,0	1,0	1,2	1,0	8,0	4,0	0,0	4,0	2,0	10,0	0,0	3,0	0,0	1,0	0,0
Tpa_4633	0,0	0,0	0,3	0,0	0,0	0,0	0,0	0,0	0,0	0,0	0,0	0,0	0,0	0,0	0,0	0,0	0,0	0,0	0,0	0,0	0,0	0,0	0,0	0,0	0,0	0,0	0,0	0,0	0,0	0,0	0,0	0,0
Tpa_4637	1,0	1,0	27,0	0,0	0,4	2,0	0,0	0,0	0,0	0,0	0,0	0,0	0,0	0,0	1,0	0,0	0,0	0,0	0,0	0,0	0,0	0,0	0,0	0,0	0,0	0,0	0,0	0,0	0,0	0,0	0,0	0,0
Tpa_4668	0,16	0,13	0,372	0,14	0,69	0,9	0,0	1,0	0,14	0,2	0,7	3,2	0,0	1,14	0,4	5,6	0,0	0,10	0,0	0,4	0,0	0,2	1,1	0,0	0,3	0,0	0,6	0,0	2,1	0,1	0,0	0,0
Tpa_4678	145,0	29,0	1219,0	3,2	39,0	70,0	1,0	1,2	18,0	2,0	9,0	23,0	1,0	21,0	32,0	71,0	0,0	22,0	2,0	8,0	1,0	3,0	7,0	0,0	3,0	6,0	30,0	1,0	3,0	0,0	0,0	1,0
Tpa_4697	0,0	0,0	22,0	0,0	1,0	0,0	0,0	0,0	1,0	0,0	0,0	0,0	0,0	0,0	0,0	0,0	0,0	0,0	0,0	0,0	0,0	0,0	0,0	0,0	0,0	0,0	0,0	0,0	0,0	0,0	0,0	0,0
Tpa_4713	1,0	0,0	75,0	0,0	0,0	0,0	0,0	0,0	0,0	0,0	0,0	0,0	0,0	0,0	0,0	0,0	0,0	1,0	0,0	0,0	0,0	0,0	0,0	0,0	0,0	0,0	0,0	0,0	0,0	0,0	0,0	0,0
Tpa_4731	0,0	0,0	0,0	0,0	0,0	0,0	0,0	0,0	0,0	0,0	0,0	0,0	0,0	0,0	0,0	0,0	0,0	0,0	0,0	0,0	0,0	0,0	0,0	0,0	0,0	0,0	0,0	0,0	0,0	0,0	0,0	0,0
Tpa_4747	89,0	8,0	516,0	4,0	85,0	44,0	1,0	0,0	0,3	4,0	4,0	3,0	0,0	11,0	3,0	17,0	0,0	6,0	0,0	0,0	0,0	0,0	9,0	0,0	5,0	0,0	3,0	1,0	1,0	0,0	0,0	0,0
Tpa_4749	3,0	1,0	47,33	0,0	1,0	0,0	0,0	0,0	0,0	0,0	0,0	0,0	0,0	0,0	0,0	0,0	0,0	0,0	0,0	0,0	0,0	0,0	0,0	0,0	0,0	0,0	1,1	0,0	0,0	0,0	0,0	0,0
Tpa_4804	0,5	1,0	60,85	0,0	0,13	0,0	0,0	0,0	1,0	1,0	2,0	1,0	0,0	0,0	0,0	0,6	0,0	0,1	0,0	0,0	0,0	0,0	2,0	0,0	0,0	0,0	1,0	0,0	0,0	0,0	0,0	0,0
Tpa_4849	0,0	0,0	26,20	0,0	0,0	0,0	0,0	0,0	0,0	0,0	0,0	0,0	0,0	0,0	0,0	0,0	0,0	0,0	0,0	0,0	0,0	0,0	0,0	0,0	0,0	0,0	0,0	0,0	0,0	0,0	0,0	0,0
Tpa_4885	0,1	0,0	18,13	0,0	0,1	0,0	0,0	0,0	2,0	0,0	0,0	0,0	0,0	0,0	0,0	0,1	0,0	0,0	0,0	0,0	0,0	0,0	0,0	0,0	0,0	0,0	0,0	0,0	0,0	0,0	0,0	0,0
Tpa_4886	0,0	0,0	17,0	0,0	0,0	0,0	0,0	0,0	0,0	0,0	0,0	0,0	0,0	1,0	0,0	0,0	0,0	0,0	0,0	0,0	0,0	0,0	0,0	0,0	0,0	0,0	0,0	0,0	0,0	0,0	0,0	0,0
Tpa_4900	1,0	0,0	5,4	0,0	0,0	0,0	0,0	0,0	0,0	0,0	0,0	0,0	0,0	0,0	0,0	0,0	0,0	0,0	0,0	0,0	0,0	0,0	0,0	0,0	0,0	0,0	0,0	0,0	0,0	0,0	0,0	0,0
Tpa_4920	0,0	0,0	0,0	0,0	1,0	0,0	0,0	0,0	0,0	0,0	0,0	0,0	0,0	0,0	0,0	0,0	0,0	0,0	0,0	0,0	0,0	0,0	0,0	0,0	0,0	0,0	0,0	0,0	0,0	0,0	0,0	0,0
Tpa_4928	0,1	0,0	10,57	0,0	0,0	0,0	0,0	0,0	0,0	0,0	0,0	0,0	0,0	0,0	0,0	1,0	0,0	0,0	0,0	0,0	0,0	0,0	0,0	0,0	0,0	0,0	0,0	0,0	0,0	0,0	0,0	0,0
Tpa_4936	0,0	0,0	12,0	0,0	0,0	0,0	0,0	0,0	0,0	0,0	1,0	0,0	0,0	0,0	0,0	0,0	0,0	0,0	0,0	0,0	0,0	0,0	0,0	0,0	0,0	0,0	0,0	0,0	0,0	0,0	0,0	0,0
Tpa_4985	1,39	0,2	0,195	0,1	0,108	0,8	0,0	0,0	0,4	0,1	1,1	0,2	0,0	0,1	0,5	0,16	0,0	0,10	0,0	0,1	0,0	0,0	0,1	0,0	0,0	0,0	0,9	0,0	0,0	0,0	0,0	0,0
Tpa_5002	0,0	0,0	26,21	0,1	0,0	0,0	0,0	0,0	0,0	0,0	0,0	0,0	0,0	1,0	0,0	0,0	0,0	1,0	0,0	0,0	0,0	0,0	0,0	0,0	0,0	0,0	0,0	0,0	0,0	0,0	0,0	0,0
Tpa_5015	0,0	0,0	1,0	0,0	0,0	0,0	0,0	0,0	0,0	0,0	0,0	0,0	0,0	0,0	0,0	0,0	0,0	0,0	0,0	0,0	0,0	0,0	0,0	0,0	0,0	0,0	0,0	0,0	0,0	0,0	0,0	0,0
Tpa_5022	111,0	59,0	933,0	140,0	416,0	58,0	16,0	23,0	101,0	13,0	51,0	33,0	7,0	32,34	76,0	39,34	3,0	30,0	18,0	39,0	10,0	9,0	32,0	0,0	49,0	15,0	93,0	21,0	52,0	6,0	0,0	0,0
Tpa_5057	0,9	0,0	0,150	0,1	0,0	0,5	0,0	0,1	0,1	2,0	0,0	0,0	0,0	0,0	0,0	0,1	0,0	0,0	0,0	0,0	0,0	0,0	0,0	0,0	0,0	0,0	0,0	0,0	0,0	0,0	0,0	0,0
Tpa_5075	1,0	1,0	151,0	0,0	0,0	0,0	0,0	0,0	0,0	0,0	0,0	0,0	0,0	1,1	0,0	0,0	0,0	0,0	0,0	0,0	0,0	0,0	0,0	0,0	1,0	0,0	0,0	0,0	0,0	0,0	0,0	0,0
Tpa_5104	213,0	42,1	1467,4	169,0	331,0	77,0	10,0	23,0	45,0	10,0	50,1	50,1	33,0	36,1	90,0	148,0	2,0	20,0	4,0	56,0	10,0	3,0	37,0	0,0	17,0	11,0	102,0	10,0	27,0	10,0	1,0	0,0
Tpa_5106	0,0	0,0	11,24	0,0	0,0	0,1	0,0	0,0	0,0	0,1	0,0	0,0	0,0	1,0	0,0	0,0	1,0	0,0	0,0	0,0	1,0	0,0	0,0	0,0	1,0	0,0	1,0	0,0	0,0	0,0	0,0	0,0
Tpa_5118	1,0	0,0	24,0	0,0	3,0	0,0	0,0	0,0	1,0	0,0	0,0	0,0	0,0	1,0	0,0	0,1	0,0	0,0	0,0	0,0	0,0	0,0	0,0	0,0	0,1	0,0	2,0	0,0	0,0	0,0	0,0	0,0
Tpa_5138	8,0	0,0	115,0	0,0	0,0	0,0	0,0	0,0	0,0	0,0	0,0	0,0	0,0	0,0	0,0	0,0	0,0	0,0	0,0	0,0	0,0	0,0	0,0	0,0	0,0	0,0	0,0	0,0	0,0	0,0	0,0	0,0
Tpa_5144	0,0	0,0	92,0	0,0	0,0	0,0	0,0	0,0	0,0	0,0	0,0	0,0	0,0	0,0	0,0	0,0	0,0	1,0	0,0	0,0	0,0	0,0	0,0	0,0	0,0	0,0	0,0	0,0	0,0	0,0	0,0	0,0
Tpa_5167	0,0	0,0	3,0	0,0	0,0	0,0	0,0	0,0	0,0	0,0	0,0	0,0	0,0	0,0	0,0	0,0	0,0	0,0	0,0	0,0	0,0	0,0	0,0	0,0	0,0	0,0	0,0	0,0	0,0	0,0	0,0	0,0
Tpa_5196	0,0	0,0	28,0	0,0	0,0	0,0	0,0	0,0	0,0	0,0	0,0	0,0	0,0	0,0	0,0	0,0	0,0	0,0	0,0	0,0	0,0	0,0	0,0	0,0	0,0	0,0	0,0	0,0	0,0	0,0	0,0	0,0
Tpa_5205	0,0	0,0	6,0	0,0	0,0	0,0	0,0	0,0	0,0	0,0	0,0	0,0	0,0	0,0	0,0	0,0	0,0	0,0	0,0	0,0	0,0	0,0	0,0	0,0	0,0	0,0	0,0	0,0	0,0	0,0	0,0	0,0
Tpa_5206	0,0	0,0	6,0	0,0	0,0	0,0	0,0	0,0	0,0	0,0	0,0	0,0	0,0	0,0	0,0	0,0	0,0	0,0	0,0	0,0	0,0	0,0	0,0	0,0	0,0	0,0	0,1	0,0	0,0	0,0	0,0	0,0
Tpa_5218	0,0	0,0	2,0	0,0	0,0	0,1	0,0	0,0	0,0	0,0	0,0	0,0	0,0	0,0	0,0	0,0	0,0	0,0	0,0	0,0	0,0	0,0	0,0	0,0	0,0	0,0	0,0	0,0	0,0	0,0	0,0	0,0
Tpa_5222	1,0	0,0	15,13	0,0	0,0	1,0	0,0	0,0	0,0	0,0	0,0	0,0	0,0	0,0	0,0	1,0	0,0	0,0	0,0	0,0	0,0	0,0	0,0	0,0	0,0	0,0	0,0	0,0	0,0	0,0	0,0	0,0
Tpa_5228	5,3	8,0	185,1	1,0	18,0	4,0	0,0	0,0	1,3	0,0	5,0	1,0	0,0	0,0	2,0	10,0	0,0	3,0	0,0	1,0	0,0	0,0	2,0	0,0	0,0	1,0	8,0	0,0	0,0	0,0	0,0	0,0
Tpa_5241	1,0	0,0	124,0	0,0	2,0	0,0	0,0	0,0	0,0	0,0	0,0	0,0	0,0	0,0	0,0	1,0	0,0	0,0	0,0	0,0	0,0	0,0	0,0	0,0	0,0	0,0	0,0	0,0	0,0	0,0	0,0	0,0
Tpa_5242	12,0	0,0	203,180	1,0	3,1	4,0	0,0	0,0	3,0	1,0	2,0	1,0	1,0	3,0	1,0	5,0	0,0	2,1	0,0	0,0	1,0	1,0	0,0	0,0	0,0	0,0	1,0	0,0	0,0	0,0	0,0	0,0
Tpa_5244	111,0	19,0	1004,0	5,4	24,17	58,0	2,0	1,1	8,8	9,0	15,0	11,0	6,0	33,0	25,0	50,27	1,0	6,0	2,0	9,0	0,1	1,0	14,0	0,0	2,0	1,0	15,0	0,0	8,0	1,0	1,0	0,0
Tpa_5249	0,2	0,0	0,8	0,0	0,0	0,0	0,0	0,0	0,0	0,0	0,0	0,0	0,0	0,0	0,0	0,2	0,0	0,0	0,0	0,0	0,0	0,0	0,0	0,0	0,0	0,0	0,0	0,0	0,0	0,0	0,0	0,0
Tpa_5270	0,0	0,0	0,0	0,0	2,0	0,0	0,0	0,0	0,0	0,0	0,0	0,0	0,0	0,0	0,0	0,0	0,0	0,0	0,0	0,0	0,0	0,0	0,0	0,0	0,0	0,0	0,0	0,0	0,0	0,0	0,0	0,0
Tpa_5278	0,5	1,0	340,0	0,0	2,0	0,0	0,0	0,0	1,0	0,0	0,0	0,0	0,0	0,0	0,0	2,0	0,0	2,0	0,0	0,0	0,0	0,0	0,0	0,0	0,0	0,0	1,0	0,0	1,0	0,0	0,0	0,0
Tpa_5279	1,0	0,0	74,1	0,0	1,0	0,1	0,0	0,0	0,0	0,0	0,0	1,0	0,0	0,0	0,0	2,0	0,0	0,0	0,0	0,0	0,0	0,0	0,0	0,0	0,0	0,0	0,0	0,0	0,0	0,0	0,0	0,0
Tpa_5292	0,91	1,23	447,452	7,6	44,56	7,26	0,0	1,3	0,21	0,8	0,14	0,27	0,5	0,9	13,9	0,49	0,0	0,8	0,3	0,11	0,3	0,0	0,2	0,0	1,1	1,2	0,31	0,0	1,7	0,0	0,0	0,0
Tpa_5298	16,0	5,0	401,0	0,0	2,0	10,3	0,0	0,0	0,0	0,0	0,0	1,0	0,0	3,0	0,0	1,0	0,0	0,0	0,0	0,0	1,0	0,0	0,0	0,0	1,0	0,0	2,0	0,0	0,0	0,0	0,0	0,0
Tpa_5327	64,0	16,0	706,66	3,0	29,0	39,0	1,0	1,0	4,0	1,0	9,0	6,0	0,0	5,0	9,0	34,0	0,0	1,0	0,0	1,0	0,0	0,0	3,0	0,0	2,0	1,0	11,0	0,0	1,0	1,0	0,0	0,0
Tpa_5360	1,0	0,0	32,0	0,0	0,0	1,0	1,0	0,0	1,0	0,0	0,0	0,0	0,0	0,0	0,0	0,0	0,0	0,0	0,0	0,0	0,0	0,0	0,0	0,0	0,0	0,0	0,0	0,0	0,0	0,0	0,0	0,0
Tpa_5361	3,6	0,1	303,0	1,0	2,0	1,0	0,0	0,0	0,0	0,0	0,0	0,2	0,0	0,0	0,0	1,0	0,0	1,0	0,0	1,0	0,0	0,0	0,0	0,0	2,0	0,0	3,0	0,0	0,0	0,1	0,0	0,0
Tpa_5373	0,0	0,0	42,0	0,0	0,0	0,0	0,0	0,0	0,0	0,0	0,0	0,0	0,0	0,0	0,0	0,0	0,0	0,0	0,0	0,0	0,0	0,0	0,0	0,0	0,0	0,0	0,0	0,0	0,0	0,0	0,0	0,0
Tpa_5379	148,0	24,0	958,0	0,0	9,0	40,0	0,0	1,0	2,0	1,0	2,0	22,0	1,0	47,0	0,0	48,0	0,0	2,0	2,0	0,4	0,0	1,0	1,0	0,0	1,3	5,0	0,0	0,0	2,0	1,0	0,0	0,0
Tpa_5382	60,0	13,1	377,0	1,0	7,0	29,0	1,0	2,0	5,0	7,0	3,0	12,0	0,0	12,0	8,0	54,0	0,0	4,0	1,0	2,0	3,0	1,0	2,0	0,0	0,0	5,0	12,0	1,0	1,0	0,0	0,0	0,0
Tpa_5418	31,24	20,0	956,1	10,0	58,25	39,0	1,0	1,0	8,8	2,0	12,0	12,0	0,0	9,0	7,13	22,14	0,0	12,0	0,0	8,0	0,0	6,0	9,0	0,0	3,0	2,0	29,1	1,0	1,0	0,0	0,0	0,0
Tpa_5441	111,0	6,0	814,1	6,0	9,0	42,0	1,0	1,0	2,0	0,0	2,0	9,0	0,0	12,0	1,0	14,0	0,0	9,0	1,0	1,0	0,0	0,0	1,0	0,0	2,0	2,0	2,0	1,0	1,0	0,0	0,0	0,0
Tpa_5445	30,40	12,0	1017,1	3,0	7,6	11,17	0,0	0,0	1,3	2,0	2,2	6,6	0,2	11,0	8,0	15,25	0,0	0,10	0,1	0,0	0,0	2,0	6,0	0,0	1,1	1,0	7,11	0,0	1,2	0,0	0,0	0,0
Tpa_5446	17,0	1,0	525,0	0,0	0,0	4,0	0,0	0,0	1,0	0,0	1,0	1,0	0,0	1,0	0,0	1,0	0,0	3,0	0,0	0,0	0,0	0,0	0,0	0,0	1,0	0,0	0,0	0,0	0,0	0,0	0,0	0,0
Tpa_5454	1,1	0,0	155,132	0,0	0,0	0,4	0,0	0,0	0,1	0,0	1,0	1,0	0,0	0,2	0,1	0,4	0,0	1,1	0,0	0,0	0,0	0,0	0,0	0,0	1,0	0,0	0,0	0,0	0,0	0,0	0,0	0,0
Tpa_5471	241,0	56,0	1584,2	155,0	1,0	0,0	64,0	0,0	156,0	149,111	128,0	0,0	140,0	103,0	202,0	345,0	118,0	42,0	43,0	0,0	1,0	18,0	158,0	0,0	139,0	281,0	144,0	0,0	0,0	38,30	11,0	16,0
Tpa_5485	4,0	5,0	21,0	4,4	106,0	0,0	0,0	3,0	6,0	0,0	6,0	0,0	0,0	2,0	5,0	0,0	0,0	8,0	1,0	1,0	0,0	1,0	1,0	0,0	1,0	0,0	10,0	0,0	1,0	0,0	0,0	0,0
Tpa_5501	9,0	0,0	204,0	0,0	1,1	3,0	0,0	0,0	0,0	0,0	0,0	0,0	0,0	1,0	1,0	1,0	0,0	0,0	0,0	1,0	0,0	0,0	0,0	0,0	0,0	0,0	0,0	0,0	0,0	0,0	0,0	0,0
Tpa_5525	68,0	6,0	438,409	2,0	16,0	15,15	1,0	0,0	4,0	3,0	2,1	7,0	1,0	7,0	10,0	57,0	1,0	6,0	0,0	2,0	1,0	0,1	4,0	0,0	1,0	1,0	5,6	0,0	5,0	0,0	0,0	0,0
Tpa_5538	0,0	0,2	7,5	0,1	0,2	0,0	0,0	0,0	0,0	0,0	0,0	1,0	0,0	0,1	0,0	0,0	0,0	0,0	0,0	0,0	0,0	0,0	0,0	0,0	0,0	0,0	0,0	0,0	0,0	0,0	0,0	0,0
Tpa_5540	0,0	0,0	24,0	0,0	0,0	0,0	0,0	0,0	0,0	0,0	0,0	0,0	0,0	0,0	0,0	1,0	0,0	0,0	0,0	0,0	0,0	0,0	0,0	0,0	0,0	0,0	0,0	0,0	0,0	0,0	0,0	0,0
Tpa_5542	0,0	0,0	5,0	0,0	0,0	0,0	0,0	0,0	0,0	0,0	0,0	0,0	0,0	1,0	0,0	0,0	0,0	0,0	0,0	0,0	0,0	0,0	0,0	0,0	0,0	0,0	0,0	0,0	0,0	0,0	0,0	0,0
Tpa_5563	0,0	0,0	51,0	1,0	1,0	1,0	0,0	0,0	0,0	0,0	1,0	0,0	0,0	0,0	0,0	0,0	0,0	0,0	0,0	0,0	0,0	1,0	0,0	0,0	0,0	0,0	1,0	0,0	0,0	0,0	0,0	0,0
Tpa_5565	135,0	29,24	0,1333	3,3	79,0	152,0	0,0	0,1	19,1	29,0	27,27	32,0	1,2	21,24	31,0	131,128	0,0	14,0	1,0	3,17	0,0	12,0	26,0	0,0	6,0	13,14	54,0	0,0	6,0	2,0	0,0	0,0
Tpa_5570	2,0	0,0	101,0	0,0	0,6	1,0	0,0	0,0	0,0	0,0	0,0	0,0	0,0	0,0	0,0	2,0	0,0	1,0	0,0	0,0	0,0	0,0	0,0	0,0	0,0	0,0	0,0	0,0	0,0	0,0	0,0	0,0
Tpa_5574	0,1	0,0	83,0	1,0	7,0	0,0	0,0	0,0	1,0	0,0	0,0	0,0	0,0	0,0	0,0	1,4	0,0	1,0	0,0	0,0	0,0	0,0	0,0	0,0	0,0	0,0	1,0	0,1	0,0	0,0	1,0	0,0
Tpa_5588	200,0	78,0	2206,2	160,0	641,1	94,1	8,0	25,0	146,0	17,0	77,0	45,0	12,5	59,0	68,43	176,0	3,0	61,1	13,0	68,0	4,4	16,0	35,0	0,0	41,0	28,0	141,0	18,0	64,1	11,0	1,0	0,0
Tpa_5594	0,2	0,1	0,132	0,0	0,3	0,2	0,0	0,0	0,1	0,0	0,0	0,0	0,0	0,1	0,0	0,1	0,0	0,1	0,0	0,0	0,0	0,0	0,0	0,0	0,0	0,0	0,1	0,0	0,0	0,0	0,0	0,0
Tpa_5601	31,0	2,0	531,0	0,0	3,0	5,8	0,0	0,0	0,0	0,0	0,0	0,1	0,0	1,2	2,0	3,3	1,0	0,0	0,0	0,0	0,0	0,0	0,0	0,0	0,0	0,0	2,0	0,0	0,0	0,0	0,0	0,0
Tpa_5609	0,0	0,0	9,0	0,0	7,0	1,0	0,1	0,0	0,0	0,0	1,0	0,0	0,0	0,0	1,0	0,0	0,0	2,0	0,0	0,0	0,0	0,0	0,0	0,0	0,0	0,0	0,0	0,0	0,0	0,0	0,0	0,0
Tpa_5623	81,0	17,0	1363,1	4,0	15,0	35,0	0,0	2,0	4,0	3,0	7,0	5,0	2,0	9,0	7,0	39,0	1,0	9,0	0,0	1,0	0,0	2,0	2,0	0,0	4,0	0,0	11,0	3,0	2,0	0,0	0,0	0,0
Tpa_5636	0,0	0,0	0,15	0,0	0,0	0,0	0,0	0,0	0,0	0,0	0,0	0,0	0,0	0,0	0,0	0,0	0,0	0,0	0,0	0,0	0,0	0,0	0,0	0,0	0,0	0,0	0,0	0,0	0,0	0,0	0,0	0,0
Tpa_5651	4,0	0,0	101,1	0,0	0,0	0,0	0,0	0,0	0,0	0,0	0,0	1,0	0,0	0,0	0,0	1,0	0,0	2,0	0,0	0,0	0,0	0,0	1,0	0,0	0,0	0,0	0,0	0,0	0,1	0,0	0,0	0,0
Tpa_5679	10,0	0,0	107,0	0,0	2,0	6,0	0,0	0,0	1,0	0,0	0,0	0,0	0,0	1,3	2,0	7,0	0,0	1,0	0,0	0,0	0,0	0,0	0,0	0,0	0,0	0,0	0,0	0,0	0,0	0,0	0,0	0,0
Tpa_5741	1,0	0,0	190,0	1,0	3,0	3,0	0,0	1,0	1,0	0,0	0,0	0,0	0,0	0,0	1,0	5,0	0,0	1,0	0,0	0,0	0,0	0,0	1,0	0,0	0,0	0,0	1,0	0,0	0,0	0,0	0,0	0,0
Tpa_5761	2,0	1,0	153,0	0,0	0,0	2,0	0,0	0,0	1,0	1,0	0,0	1,0	0,0	0,0	0,0	0,1	0,0	0,0	0,0	0,0	0,0	0,0	0,0	0,0	0,0	0,0	0,0	0,0	0,0	0,0	0,0	0,0
Tpa_5774	1,0	0,0	254,0	0,0	1,0	1,0	0,0	0,0	0,0	0,0	0,0	0,0	0,0	1,0	1,0	3,0	0,0	0,0	0,0	0,0	0,0	0,0	1,0	0,0	0,0	0,0	0,0	0,0	0,0	0,0	0,0	0,0
Tpa_5795	1,0	0,0	4,0	0,0	0,0	0,0	0,0	0,0	0,0	0,0	0,0	0,0	0,0	0,0	0,0	0,0	0,0	0,0	0,0	0,0	0,0	0,0	0,0	0,0	0,0	0,0	0,0	0,0	0,0	0,0	0,0	0,0
Tpa_5796	12,0	0,0	565,0	0,0	0,4	0,3	1,0	0,0	0,1	0,0	0,0	1,1	1,0	0,0	1,3	5,0	0,0	0,0	0,0	1,0	0,0	0,0	1,0	0,0	0,0	1,0	0,1	0,0	0,0	0,0	0,0	0,0
Tpa_5823	0,17	0,3	1,409	0,0	0,0	0,8	0,0	0,0	0,0	0,0	0,1	0,4	0,0	0,2	0,0	0,4	0,0	0,0	0,0	0,1	0,0	0,0	0,1	0,0	0,0	0,1	0,0	0,0	0,0	0,0	0,0	0,0
Tpa_5827	9,0	1,0	300,0	0,0	0,0	0,4	0,0	0,0	1,0	0,0	0,0	1,0	0,0	0,1	1,0	1,0	1,0	0,0	0,0	0,0	0,0	0,0	1,0	0,0	0,0	0,0	0,0	0,0	0,0	0,0	0,0	0,0
Tpa_5829	0,0	0,0	5,6	0,0	0,0	0,0	0,0	0,0	0,0	0,0	1,0	0,0	0,0	0,0	0,0	0,0	0,0	0,0	0,0	0,0	0,0	0,0	0,0	0,0	1,0	0,0	1,0	0,0	0,0	0,0	0,0	0,0
Tpa_5838	0,87	0,8	521,432	0,0	0,3	0,47	0,0	0,0	0,1	0,2	0,2	0,11	0,1	0,10	0,0	0,19	0,0	0,1	0,0	0,2	0,1	0,1	0,2	0,0	0,1	0,1	0,1	0,0	0,1	0,1	0,0	0,0
Tpa_5854	0,0	0,0	0,0	0,0	0,0	0,0	0,0	0,0	0,0	0,0	0,0	0,0	0,0	0,0	0,0	0,0	0,0	0,0	0,0	0,0	0,0	0,0	0,0	0,0	0,0	0,0	0,0	0,0	0,0	0,0	0,0	0,0
Tpa_5856	0,2	0,1	124,7	0,0	0,1	0,2	0,0	0,0	0,0	0,0	0,0	0,0	0,0	0,0	0,0	0,0	0,0	0,1	0,0	0,0	0,0	0,0	0,0	0,0	0,0	0,0	0,0	0,0	0,0	0,0	0,0	0,0
Tpa_5863	6,0	0,0	277,0	0,0	1,0	1,2	0,0	0,0	0,0	0,0	0,1	1,0	0,0	0,0	0,0	1,0	0,0	0,1	1,0	0,0	0,0	0,1	0,0	0,0	0,0	1,0	0,0	0,0	0,0	0,0	0,0	0,0
Tpa_5868	0,0	0,0	11,0	1,0	0,0	1,0	0,0	0,0	0,0	0,0	0,0	0,0	0,0	1,0	0,0	0,0	0,0	0,0	0,0	0,0	0,0	0,0	0,0	0,0	0,0	0,0	0,0	0,0	0,0	0,0	0,0	0,0
Tpa_5878	6,6	0,2	0,605	0,0	0,7	2,6	0,0	0,0	0,1	0,0	0,0	0,0	0,0	0,2	0,0	0,7	0,0	0,3	0,0	0,0	0,0	0,0	0,1	0,0	0,1	0,0	0,2	0,0	0,0	0,0	0,0	0,0
Tpa_5913	31,12	1,1	0,430	0,0	5,0	12,8	0,0	0,1	0,0	0,0	0,0	6,3	0,0	0,6	1,0	11,1	0,0	2,0	0,0	0,0	0,1	0,3	1,0	0,0	0,1	0,1	0,2	1,0	0,0	0,0	0,0	0,1
Tpa_5917	7,5	5,0	324,243	0,0	0,0	13,0	0,0	0,0	0,0	1,0	2,0	4,0	0,0	3,0	1,0	10,0	0,0	1,0	0,0	0,0	0,0	0,0	1,0	0,0	1,0	0,0	1,0	0,0	0,0	0,0	0,0	0,0
Tpa_5942	0,0	0,0	8,1	0,0	0,0	0,0	0,0	0,0	0,0	0,0	0,0	0,0	0,0	0,0	0,0	0,0	0,0	0,0	0,0	0,0	0,0	0,0	0,0	0,0	0,0	0,0	0,0	0,0	0,0	0,0	0,0	0,0
Tpa_5951	11,0	3,0	64,0	0,0	2,0	1,0	0,0	0,0	1,0	0,0	2,0	0,0	0,0	4,0	1,0	2,0	0,0	0,0	0,0	0,0	0,0	0,0	0,0	0,0	0,0	0,0	1,0	0,0	0,0	0,0	0,0	0,0
Tpa_5961	0,0	0,1	5,0	0,0	0,0	0,0	0,0	0,0	0,0	0,0	0,0	0,0	0,0	0,0	0,0	0,0	0,0	0,0	0,0	0,0	0,0	0,0	0,0	0,0	0,0	0,0	0,0	0,0	0,0	0,0	0,0	0,0
Tpa_5978	17,0	9,0	603,1	0,0	57,0	11,0	1,0	0,0	8,0	2,0	10,0	3,0	0,0	10,0	5,0	10,0	1,0	3,0	1,0	2,0	1,0	0,0	1,0	0,0	1,0	1,1	13,0	0,0	3,0	0,0	0,0	0,0
Tpa_5980	3,5	0,2	303,358	1,0	0,13	1,2	0,0	0,1	0,0	1,0	0,0	0,1	0,0	1,1	0,1	0,4	0,0	0,0	0,0	0,0	0,0	0,0	0,0	0,0	0,2	0,0	0,1	0,0	0,0	0,0	0,0	0,0
Tpa_6016	38,0	1,1	1,634	0,0	11,0	6,0	0,0	0,0	1,0	2,0	2,0	3,0	0,0	1,0	0,0	6,1	0,0	0,0	0,0	0,0	0,0	0,0	1,0	0,0	0,0	1,0	1,0	0,0	0,0	0,0	0,0	0,0
Tpa_6076	0,0	0,0	0,31	0,0	0,1	0,0	0,0	0,0	0,0	0,0	0,0	0,0	0,0	0,1	0,0	0,0	0,0	0,0	0,0	0,0	0,0	0,0	0,0	0,0	0,0	0,0	0,0	0,0	0,0	0,0	0,0	0,0
Tpa_6083	11,0	4,0	445,0	4,0	22,0	7,0	1,0	0,0	3,0	0,0	7,0	2,0	1,0	7,0	2,0	0,5	0,0	5,0	0,0	3,0	0,0	3,0	3,0	0,0	3,0	0,0	4,0	0,0	0,0	0,0	0,0	0,0
Tpa_6137	0,1	0,0	40,44	0,0	0,0	0,0	0,0	0,0	0,0	0,0	0,0	0,1	0,0	0,0	0,0	0,0	0,0	0,0	0,0	0,0	0,0	0,0	0,0	0,0	0,0	0,0	0,0	0,0	0,0	0,0	0,0	0,0
Tpa_6139	23,0	4,0	479,0	1,0	2,2	4,3	0,0	1,0	1,0	0,0	0,0	2,0	0,0	3,0	6,0	6,0	0,0	3,0	0,0	1,0	0,0	0,0	0,0	0,0	0,0	0,0	1,0	0,0	0,0	0,0	0,0	0,0
Tpa_6150	2,0	3,0	108,0	3,0	11,0	1,0	0,0	0,0	2,0	0,0	1,0	0,0	0,0	5,0	0,0	0,0	0,0	2,2	0,0	0,0	0,0	1,0	1,0	0,0	0,0	1,0	1,0	0,0	0,0	0,0	0,0	0,0
Tpa_6158	26,21	9,0	881,0	2,0	27,0	19,0	1,0	2,0	6,0	1,0	5,0	4,0	1,0	4,0	12,0	12,7	1,0	10,0	0,0	3,0	0,0	3,0	4,0	0,0	1,0	1,0	7,0	0,0	3,0	0,0	0,0	0,0
Tpa_6169	0,47	0,5	0,931	0,2	0,5	0,6	0,0	0,0	1,1	0,2	0,2	0,6	0,0	0,8	0,8	0,18	0,0	0,3	0,0	0,0	0,1	0,0	0,0	0,0	0,0	0,0	6,3	0,0	0,0	0,0	0,0	0,0
Tpa_6172	22,0	4,0	689,1	0,0	1,0	11,0	1,0	0,0	3,0	1,0	0,0	3,0	1,0	5,0	2,0	9,0	0,0	1,0	0,0	0,0	1,0	0,0	0,0	0,0	1,0	0,0	3,0	0,0	1,0	0,0	0,0	0,0
Tpa_6204	0,0	1,0	18,0	0,1	1,0	0,1	0,0	0,1	2,0	0,0	0,0	1,0	0,0	0,0	1,0	1,0	0,0	0,0	0,0	0,0	0,0	0,1	0,0	0,0	0,0	0,0	0,1	0,0	0,0	0,0	0,0	0,0
Tpa_6220	5,13	1,4	275,690	2,0	8,0	3,0	0,0	0,1	1,0	0,0	0,0	0,0	0,0	0,2	3,0	1,21	0,0	3,0	0,0	1,0	0,0	0,0	0,0	0,0	0,1	0,0	3,3	0,0	4,0	0,0	0,0	0,0
Tpa_6222	0,0	0,0	57,0	0,0	1,0	0,0	0,0	0,0	0,0	0,0	0,0	0,0	0,0	0,0	1,0	1,0	0,0	0,0	0,0	0,0	0,0	1,0	0,0	0,0	0,0	0,0	0,0	0,0	0,0	0,0	0,0	0,0
Tpa_6224	15,0	0,0	157,0	0,0	1,0	0,0	0,0	0,0	0,0	0,0	0,0	1,0	0,0	5,0	0,0	3,0	0,0	0,0	0,0	0,0	0,0	0,0	0,0	0,0	2,0	1,0	1,0	0,0	2,0	1,0	0,0	0,0
Tpa_6265	1,0	1,0	30,0	2,0	15,0	2,0	0,0	2,0	1,0	0,0	1,0	0,2	0,0	0,9	3,0	4,0	0,0	0,0	0,0	1,2	0,0	1,2	2,0	0,0	0,1	1,0	7,0	0,0	5,0	0,0	0,0	0,0
Tpa_6270	3,3	0,0	176,0	0,0	2,0	1,0	0,0	0,0	0,0	0,0	0,0	1,0	1,0	0,0	0,0	0,3	0,0	0,0	0,0	0,0	0,0	0,0	0,0	0,0	0,0	0,0	0,0	0,0	0,0	0,0	0,0	0,0
Tpa_6321	0,0	0,0	0,1	0,0	0,0	0,0	0,0	0,0	0,0	0,0	0,0	0,0	0,0	0,0	0,0	0,0	0,0	0,0	0,0	0,0	0,0	0,0	0,0	0,0	0,0	0,0	0,0	0,0	0,0	0,0	0,0	0,0
Tpa_6352	0,0	0,0	3,0	1,0	4,0	0,0	0,0	0,0	0,0	0,0	0,0	0,0	0,0	0,0	0,0	0,0	0,0	0,0	0,0	1,0	0,0	1,0	0,0	0,0	1,0	0,0	0,0	0,0	0,0	0,0	0,0	0,0
Tpa_6355	0,0	1,0	19,0	0,0	0,0	0,0	0,0	0,0	0,0	0,0	0,0	0,0	0,0	0,0	0,0	1,0	0,0	0,0	0,0	0,0	0,0	0,0	0,0	0,0	0,0	0,0	0,0	0,0	0,0	0,0	0,0	0,0
Tpa_6384	0,0	0,0	8,0	1,0	2,0	0,1	0,0	0,0	0,0	0,0	0,0	0,0	0,0	0,0	0,0	0,0	0,0	0,0	0,0	0,0	0,0	0,0	0,0	0,0	0,0	0,0	0,0	0,0	0,0	0,0	0,0	0,0
Tpa_6385	0,0	0,0	37,0	0,0	2,0	0,0	0,0	0,0	1,0	0,0	0,0	0,0	0,0	0,0	0,0	0,0	0,0	0,0	0,0	0,0	0,0	0,0	0,0	0,0	0,0	0,0	0,0	0,0	0,0	0,0	0,0	0,0
Tpa_6388	2,0	1,0	56,0	0,0	1,0	0,0	0,0	0,0	0,0	0,0	0,0	0,0	0,0	0,0	1,0	0,0	1,0	0,0	0,0	0,0	0,0	0,0	0,0	0,0	0,0	0,0	0,0	0,0	0,0	0,0	0,0	0,0
Tpa_6391	6,0	0,0	306,1	0,0	0,2	0,0	0,0	0,0	0,0	0,0	1,0	0,0	0,0	0,0	0,0	1,0	0,0	0,0	0,0	0,0	0,0	0,0	0,0	0,0	1,0	0,0	0,1	0,0	0,0	0,0	0,0	0,0
Tpa_6411	0,0	0,0	2,0	0,0	0,0	0,0	0,0	0,0	0,0	0,0	0,0	0,0	0,0	0,0	0,0	0,0	0,0	0,0	0,0	0,0	0,0	0,0	0,0	0,0	0,0	0,0	1,0	0,0	0,0	0,0	0,0	0,0
Tpa_6422	48,0	9,0	572,4	7,0	126,0	78,0	0,0	1,0	12,0	1,0	17,0	38,0	0,0	2,0	12,0	19,0	0,0	7,0	0,0	1,0	2,0	4,0	6,0	0,0	0,0	1,0	14,0	1,0	2,0	0,0	0,0	1,0
Tpa_6442	7,11	1,0	257,0	0,0	3,0	3,0	0,0	0,0	0,0	0,0	0,0	1,0	0,0	2,0	1,0	2,3	0,0	0,0	0,0	0,0	0,0	0,0	0,0	0,0	0,0	0,0	0,0	0,0	0,0	0,0	0,0	0,0
Tpa_6449	0,0	0,0	0,0	0,0	0,0	0,0	0,0	0,0	0,0	0,0	0,0	0,0	0,0	0,0	0,0	0,0	0,0	0,0	0,0	0,0	0,0	0,0	0,0	0,0	0,0	0,0	0,0	0,0	0,0	0,0	0,0	0,0
Tpa_6451	4,0	2,0	52,0	11,0	20,0	1,0	0,0	1,2	4,0	1,0	1,0	0,0	1,0	1,0	3,0	3,0	1,0	2,0	0,0	2,0	0,0	0,0	1,0	0,0	0,0	0,0	1,4	1,0	6,0	1,0	0,0	0,0
Tpa_6453	1,0	1,0	117,0	0,0	0,0	2,0	0,0	0,0	0,0	0,0	0,0	0,0	0,0	1,0	0,0	0,0	0,0	0,0	0,0	0,0	0,0	0,0	0,0	0,0	0,0	0,0	0,0	0,0	0,0	0,0	0,0	0,0
Tpa_6487	10,0	5,0	377,0	3,0	10,0	6,0	0,0	0,0	3,0	0,0	0,0	3,0	0,0	10,0	3,0	11,0	0,0	3,0	0,0	0,0	1,0	0,0	2,0	0,0	0,0	0,0	5,0	0,0	1,0	0,0	0,0	0,0
Tpa_6493	0,10	0,7	0,133	0,2	0,18	0,2	0,0	0,0	0,2	0,1	0,0	0,0	0,0	0,2	0,2	0,0	0,0	0,0	0,0	0,1	0,0	0,0	0,1	0,0	0,1	0,0	0,3	0,0	0,1	0,0	0,0	0,0
Tpa_6511	804,2	152,0	1959,2288	213,0	1585,4	406,0	43,0	62,0	252,0	152,0	227,1	265,0	133,0	141,0	228,0	681,1	27,0	98,0	31,0	72,53	62,0	15,0	132,1	0,1	74,0	119,0	291,0	21,14	133,0	31,0	11,9	3,0
Tpa_6543	3,0	1,0	304,0	0,0	8,0	0,0	0,0	0,0	0,0	0,0	0,0	0,0	0,0	1,0	0,1	0,0	0,0	0,0	0,1	0,0	0,0	0,0	0,0	0,0	0,0	0,0	0,0	0,0	0,0	0,0	0,0	0,0
Tpa_6562	0,0	0,0	7,0	0,0	0,0	1,0	0,0	0,0	0,0	0,0	0,0	0,0	0,0	0,0	0,0	1,0	0,0	0,0	0,0	0,0	0,0	0,0	0,0	0,0	0,0	0,0	0,0	0,0	0,0	0,0	0,0	0,0
Tpa_6565	197,0	57,0	1600,1	30,0	424,0	114,0	8,0	33,0	132,0	153,0	94,0	52,81	80,0	62,0	100,0	207,0	9,0	30,0	24,0	50,0	53,0	12,0	71,0	0,0	48,0	36,0	105,0	23,0	80,0	17,0	1,0	3,0
Tpa_6586	0,0	0,0	45,0	0,0	0,0	0,0	0,0	0,0	0,0	1,0	0,0	0,0	0,0	0,0	0,0	0,0	0,0	0,0	0,0	0,0	0,0	0,0	1,0	0,0	0,0	0,0	0,0	0,0	0,0	0,0	0,0	0,0
Tpa_6591	1,0	0,0	24,0	0,0	0,0	1,0	0,0	0,0	0,0	0,0	0,0	0,0	0,0	0,0	0,0	0,0	0,0	0,0	0,0	0,0	0,0	0,0	0,0	0,0	0,0	0,0	0,0	0,0	0,0	0,0	0,0	0,0
Tpa_6604	0,0	0,0	0,0	0,0	0,0	0,0	0,0	0,0	0,0	0,0	0,0	0,0	0,0	0,0	0,0	0,0	0,0	0,0	0,0	0,0	0,0	0,0	0,0	0,0	0,0	0,0	0,0	0,0	0,0	0,0	0,0	0,0
Tpa_6611	0,0	0,0	3,0	0,0	9,0	0,0	0,0	0,0	1,0	0,0	0,0	0,0	0,0	0,0	0,0	0,0	0,0	0,0	0,0	0,0	0,0	0,0	0,0	0,0	1,0	0,0	0,0	0,0	0,0	0,0	0,0	0,0
Tpa_6630	8,15	6,0	184,0	0,0	12,0	4,7	0,0	1,0	1,1	1,0	1,0	0,4	1,0	2,2	2,0	1,0	0,0	0,1	0,0	0,0	1,0	0,0	2,0	0,0	0,0	0,0	4,1	0,0	0,0	0,0	0,0	0,0
Tpa_6654	3,0	9,0	87,0	22,0	141,0	2,0	0,0	3,0	10,0	1,0	7,0	0,0	0,0	1,0	1,3	6,0	1,0	15,0	0,0	1,0	0,0	1,0	3,0	0,0	1,0	0,0	10,0	2,0	4,0	0,0	0,0	0,0
Tpa_6683	0,0	0,0	0,0	0,0	0,0	0,0	0,0	0,0	0,0	0,0	0,0	0,0	0,0	0,0	0,0	0,0	0,0	0,0	0,0	0,0	0,0	0,0	0,0	0,0	0,0	0,0	0,0	0,0	0,0	0,0	0,0	0,0
Tpa_6687	0,0	0,0	35,0	0,0	0,0	0,0	0,0	0,0	0,0	0,0	0,0	0,0	0,0	0,0	0,0	0,0	0,0	0,0	0,0	0,0	0,0	0,0	0,0	0,0	0,0	0,0	0,0	0,0	0,0	0,0	0,0	0,0
Tpa_6713	0,0	0,0	2,0	0,0	0,0	0,0	0,0	0,0	0,0	0,0	0,0	0,0	0,0	0,0	0,0	0,0	0,0	0,0	0,0	0,0	0,0	0,0	0,0	0,0	0,0	0,0	0,0	0,0	0,0	0,0	0,0	0,0
Tpa_6733	6,0	4,0	163,0	0,0	0,0	1,0	0,0	0,0	2,0	1,0	2,0	0,0	0,0	5,0	2,1	4,0	0,0	3,0	1,0	0,0	0,0	1,0	0,0	0,0	0,0	1,0	1,0	0,0	1,0	0,0	1,0	0,0
Tpa_6768	81,0	11,0	637,0	0,0	1,0	33,0	0,0	0,0	3,0	1,0	1,0	0,1	1,0	14,0	3,0	19,0	0,0	2,0	0,0	0,0	1,0	0,0	1,0	0,0	2,0	1,0	0,0	0,0	0,0	1,0	0,0	0,0
Tpa_6773	4,1	0,0	172,0	0,0	1,0	0,0	0,0	0,0	0,0	0,0	0,0	0,0	0,0	2,0	0,0	3,0	0,0	0,0	0,0	1,0	0,0	0,0	0,0	0,0	0,0	0,0	1,0	0,0	0,0	0,0	0,0	0,0
Tpa_6774	0,5	0,0	0,187	0,0	0,0	0,0	0,0	0,0	0,0	0,0	0,0	0,0	0,0	0,0	0,0	0,2	0,0	0,0	0,0	0,0	0,0	0,0	0,0	0,0	0,0	0,0	0,0	0,0	0,0	0,0	0,0	0,0
Tpa_6786	2,0	0,0	14,0	0,0	0,0	0,1	0,0	0,0	0,0	0,0	0,0	0,0	0,0	0,0	0,0	0,0	0,0	0,0	0,0	0,0	0,0	0,0	0,0	0,0	0,0	0,0	0,0	0,0	0,0	0,0	0,0	0,0
Tpa_6814	96,0	15,0	1170,2	14,0	123,0	42,0	0,0	1,0	4,2	1,0	10,0	1,2	0,0	21,0	7,0	43,0	0,0	4,0	1,0	7,0	0,0	0,0	4,0	0,0	1,0	1,0	16,0	2,0	1,0	0,0	0,0	0,0
Tpa_6816	4,4	1,0	426,0	0,0	1,1	0,4	0,0	0,0	1,0	0,1	0,2	2,0	1,0	1,0	1,0	4,0	0,0	0,0	0,0	1,0	0,0	0,0	0,0	0,0	0,0	0,0	0,0	0,0	0,0	0,0	0,0	0,0
Tpa_6853	28,0	9,0	620,1	1,0	46,0	12,0	0,0	0,0	7,0	1,0	5,0	1,0	3,0	4,0	4,0	25,0	0,0	2,0	0,0	0,0	0,0	1,0	1,0	1,0	2,0	2,0	4,0	0,0	0,0	0,0	0,0	0,0
Tpa_6887	5,0	5,0	416,0	3,0	13,0	8,0	1,0	0,0	0,1	0,0	1,0	0,0	0,0	5,0	1,0	3,0	0,0	1,0	0,0	2,0	0,0	0,0	0,0	0,0	0,0	0,0	1,0	0,0	0,0	0,0	0,0	0,0
Tpa_6922	0,4	0,0	0,245	0,0	0,4	0,1	0,0	0,0	0,0	0,0	0,0	0,0	0,0	0,1	0,0	4,0	0,0	0,0	0,0	0,0	0,0	0,0	0,1	0,0	0,0	0,0	0,0	0,0	0,0	0,0	0,0	0,0
Tpa_6937	114,0	24,0	1102,1	1,0	9,0	45,0	0,0	0,0	6,0	2,0	5,0	11,0	0,0	13,0	5,0	44,0	1,0	6,0	0,0	3,0	0,0	0,0	0,0	0,0	6,0	4,0	7,0	0,0	2,0	0,0	0,0	0,0
Tpa_6963	12,0	4,0	400,0	0,0	3,0	3,0	0,0	0,0	0,0	0,0	0,0	1,0	0,0	4,0	0,0	0,0	1,0	0,0	0,0	0,0	0,0	0,0	0,0	0,0	0,0	0,0	0,0	0,0	0,0	0,0	0,0	0,0
Tpa_6973	48,0	1,0	436,0	1,0	2,0	7,0	0,0	1,0	0,0	1,0	0,0	1,0	0,0	5,0	0,0	1,1	0,0	0,0	0,0	0,0	0,0	0,0	0,2	0,0	2,0	0,0	0,0	0,0	0,0	0,0	0,0	0,0
Tpa_7007	0,0	0,0	0,111	0,0	1,9	0,0	0,0	0,0	0,1	0,0	0,0	0,0	0,0	0,0	0,0	0,0	0,0	0,0	0,0	0,0	0,0	0,0	0,0	0,0	0,0	0,0	0,0	0,0	0,0	0,0	0,0	0,0
Tpa_7010	7,0	0,0	322,0	0,0	0,0	4,0	0,0	0,0	0,0	0,0	0,0	0,0	0,0	2,0	0,0	1,0	0,0	0,0	0,0	0,0	0,0	0,0	0,0	0,0	0,0	0,0	0,0	0,0	0,0	0,0	0,0	0,0
Tpa_7018	0,0	0,0	6,2	0,0	0,0	0,0	0,0	0,0	0,0	0,0	0,0	0,0	0,0	0,0	0,0	0,0	0,0	0,0	0,0	0,0	0,0	0,0	0,0	0,0	0,0	0,0	0,0	0,0	0,0	0,0	0,0	0,0
Tpa_7052	48,0	7,0	791,0	2,0	3,0	29,0	1,0	1,0	3,0	3,0	3,2	11,0	0,0	84,0	8,0	19,0	0,0	0,0	0,0	2,2	1,0	2,0	5,0	0,0	4,0	1,0	5,0	0,0	2,0	0,0	0,0	1,0
Tpa_7058	1,5	3,0	468,0	1,0	7,0	4,0	0,0	0,0	2,0	1,0	0,0	1,0	0,0	2,0	0,0	6,0	0,0	2,0	0,0	0,0	0,0	0,0	0,0	0,0	0,0	0,0	0,0	0,0	0,0	0,0	0,0	0,0
Tpa_7062	16,0	1,0	191,207	0,0	0,0	3,0	0,0	0,0	1,0	1,0	0,0	2,0	0,0	4,0	1,0	2,0	0,0	0,0	0,0	0,0	0,0	0,0	0,0	0,0	3,0	0,0	3,0	0,0	2,0	0,0	0,0	0,0
Tpa_7080	6,0	0,0	228,0	1,0	5,0	1,0	1,0	0,0	0,0	0,0	0,0	0,0	0,0	0,0	2,0	5,0	0,0	2,0	0,0	0,0	0,0	0,0	1,0	0,0	0,0	0,0	2,0	0,0	0,0	0,0	0,0	0,0
Tpa_7082	0,0	1,0	10,6	0,0	0,0	0,0	0,0	0,0	0,0	0,0	0,0	0,0	0,0	0,0	0,0	0,0	0,0	0,0	0,0	0,0	0,0	0,0	0,0	0,0	0,0	0,0	0,0	0,0	0,0	0,0	0,0	0,0
Tpa_7090	38,0	9,0	514,492	2,0	5,0	16,0	0,0	0,0	2,0	1,1	3,0	3,0	1,0	4,0	5,0	16,0	0,0	1,0	0,0	1,0	0,0	1,0	2,0	0,0	2,0	1,0	4,0	0,0	0,0	0,0	0,0	0,0
Tpa_7153	0,0	0,0	0,20	0,0	0,2	0,0	0,0	0,0	0,1	0,0	0,0	0,0	0,0	0,0	0,0	0,0	0,0	0,0	0,0	0,0	0,0	0,0	0,0	0,0	0,0	0,0	0,0	0,0	0,0	0,0	0,0	0,0
Tpa_7157	0,1	0,0	0,68	0,0	0,0	0,1	0,0	0,0	0,0	0,0	0,0	0,0	0,0	0,0	0,0	0,0	0,0	0,0	0,0	0,0	0,0	0,0	0,0	0,0	0,0	0,0	0,0	0,0	0,0	0,0	0,0	0,0
Tpa_7201	137,0	14,0	623,543	1,0	5,0	10,9	1,0	1,0	5,0	0,0	0,1	9,0	0,0	11,0	10,0	34,0	0,0	1,5	0,0	0,0	0,0	0,0	1,0	0,0	2,0	1,0	5,0	1,0	0,0	0,0	0,0	0,0
Tpa_7204	6,0	0,0	248,0	0,0	1,0	0,0	0,0	0,0	0,0	1,0	0,0	0,0	0,0	1,0	0,0	2,0	0,0	0,0	0,0	0,0	0,0	0,0	0,0	0,0	0,0	0,0	2,0	0,0	0,0	0,0	0,0	0,0
Tpa_7210	1,0	1,0	53,0	0,0	1,0	0,0	0,0	0,0	0,0	0,0	0,0	0,0	0,0	0,0	1,0	0,0	0,0	0,0	0,0	0,0	0,0	0,0	0,0	0,0	0,0	0,0	0,0	0,0	0,0	0,0	0,0	0,0
Tpa_7213	110,0	34,0	904,0	6,0	40,0	61,0	0,0	4,0	27,0	8,0	16,0	18,0	2,0	32,0	36,0	42,0	0,0	0,0	5,0	13,0	1,0	7,0	13,0	0,0	11,0	19,0	39,0	2,0	12,0	2,0	0,0	1,0
Tpa_7221	0,3	0,0	153,0	0,0	0,1	0,0	1,0	0,0	1,0	0,0	0,0	0,0	0,0	1,0	1,0	3,0	0,0	1,0	0,0	0,0	0,0	1,0	0,0	0,0	0,0	1,0	1,0	0,0	0,0	0,0	0,0	0,0
Tpa_7240	5,0	6,0	178,458	13,0	32,0	6,1	4,0	3,0	7,0	2,0	5,0	0,0	1,0	16,0	18,0	18,0	1,0	5,0	1,0	8,0	0,0	3,0	3,0	0,0	6,0	1,0	8,0	2,0	6,0	0,0	0,0	0,0
Tpa_7289	2,0	0,0	60,0	0,0	0,0	0,0	0,0	0,0	0,0	0,0	0,0	0,0	0,0	0,0	0,0	0,0	0,0	0,0	0,0	0,0	0,0	0,0	0,0	0,0	0,0	0,0	0,0	0,0	0,0	0,0	0,0	0,0
Tpa_7291	0,0	0,0	9,0	0,0	0,0	0,0	0,0	0,0	0,0	0,0	0,0	0,0	0,0	0,0	0,0	0,0	0,0	0,0	0,0	0,0	0,0	0,0	0,0	0,0	0,0	0,0	0,0	0,0	0,0	0,0	0,0	0,0
Tpa_7293	0,0	0,0	0,0	0,0	0,0	0,0	0,0	0,0	0,0	0,0	0,0	0,0	0,0	0,0	0,0	0,0	0,0	0,0	0,0	0,0	0,0	0,0	0,0	0,0	0,0	0,0	0,0	0,0	0,0	0,0	0,0	0,0
Tpa_7331	0,0	0,0	0,0	0,0	0,0	0,0	0,0	0,0	0,0	0,0	0,0	0,0	0,0	0,0	0,0	0,1	0,0	0,0	0,0	0,0	0,0	0,0	0,0	0,0	0,0	0,0	0,0	0,0	0,0	0,0	0,0	0,0
Tpa_7348	18,0	6,0	676,0	3,0	154,0	9,0	1,0	1,0	9,0	1,0	11,0	2,0	0,0	3,0	4,0	4,5	0,0	7,0	0,0	3,0	1,0	0,0	3,4	0,0	2,0	0,0	11,0	0,0	2,0	0,0	0,0	1,0
Tpa_7352	0,0	0,0	0,0	0,0	0,0	0,0	0,0	0,0	0,0	0,0	0,0	0,0	0,0	0,0	0,0	0,0	0,0	0,0	0,0	0,0	0,0	0,0	0,0	0,0	0,0	0,0	0,0	0,0	0,0	0,0	0,0	0,0
Tpa_7367	129,0	1,2	1059,2	1,0	26,0	58,0	0,0	1,0	8,0	3,0	6,0	2,6	2,0	21,0	7,0	74,0	0,0	2,0	1,0	1,0	0,0	3,0	2,0	0,0	0,0	2,0	22,0	0,0	1,0	0,0	0,0	0,0
Tpa_7375	37,0	2,4	445,1	3,0	3,0	22,0	1,0	0,0	2,0	2,0	1,1	2,4	0,0	4,3	1,0	0,17	0,0	1,0	0,0	0,0	0,0	0,0	0,0	0,0	0,0	1,0	0,0	0,0	0,0	0,0	0,1	0,0
Tpa_7406	0,0	0,0	0,0	0,0	0,0	0,0	0,0	0,0	0,0	0,0	0,0	0,0	0,0	0,0	0,0	0,0	0,0	0,0	0,0	0,0	0,0	0,0	0,0	0,0	0,0	0,0	0,0	0,0	0,0	0,0	0,0	0,0
Tpa_7413	0,0	0,0	1394,3	0,0	0,0	0,0	0,0	0,0	0,0	0,0	0,0	0,0	0,0	0,0	0,0	0,0	0,0	0,0	0,0	0,0	0,0	0,0	0,0	0,0	0,0	0,0	0,0	0,0	0,0	0,0	0,0	0,0
Tpa_7417	0,0	0,0	37,0	0,0	0,0	0,0	0,0	0,0	0,0	0,0	0,0	0,0	0,0	0,0	0,0	0,0	0,0	0,0	0,0	0,0	0,0	0,0	0,0	0,0	0,0	0,0	0,0	0,0	0,0	0,0	0,0	0,0
Tpa_7425	33,0	12,0	832,0	4,0	25,0	19,0	1,0	0,0	3,0	1,1	1,0	5,0	1,0	9,0	4,0	9,7	0,0	8,0	0,0	2,1	0,0	1,0	9,0	0,0	2,0	1,0	13,0	1,0	1,0	0,0	0,0	0,0
Tpa_7447	0,0	0,0	20,0	0,0	45,0	0,0	0,0	0,0	0,0	0,0	0,0	0,0	0,0	0,0	0,0	1,0	0,0	0,0	0,0	0,0	0,0	0,0	0,0	0,0	0,0	0,0	0,0	0,0	0,0	0,0	0,0	0,0
Tpa_7450	0,0	0,0	0,0	0,0	0,0	0,0	0,0	0,0	0,0	0,0	0,0	0,0	0,0	0,0	0,0	0,0	0,0	0,0	0,0	0,0	0,0	0,0	0,0	0,0	0,0	0,0	0,0	0,0	0,0	0,0	0,0	0,0
Tpa_7452	44,53	38,0	1717,0	62,0	337,0	15,23	0,0	3,0	41,0	4,0	16,0	4,0	1,0	28,0	15,0	32,0	0,0	26,0	4,0	20,0	2,0	3,0	18,0	0,0	7,1	5,0	69,0	4,0	23,0	1,0	0,0	0,0
Tpa_7454	0,0	0,0	1,4	0,0	0,0	0,0	0,0	0,0	0,0	0,0	0,0	0,0	0,0	0,0	0,0	1,0	0,0	0,0	0,0	0,0	0,0	0,0	0,0	0,0	0,0	0,0	0,0	0,0	0,0	0,0	0,0	0,0
Tpa_7461	0,0	0,0	31,0	0,0	1,0	0,0	0,0	0,0	0,0	0,0	0,0	0,0	0,0	0,0	0,0	1,0	0,0	0,0	0,0	0,0	0,0	0,0	0,0	0,0	0,0	0,0	0,0	0,0	0,0	0,0	0,0	0,0
Tpa_7477	7,5	10,0	108,66	0,0	0,0	8,5	0,0	0,0	0,0	0,0	0,0	6,0	0,0	0,0	0,0	18,0	0,0	2,0	0,0	0,0	0,0	0,0	0,0	0,0	0,0	0,0	1,0	0,0	0,0	0,0	0,0	0,0
Tpa_7479	105,0	10,0	551,0	0,0	2,0	28,0	0,0	0,0	0,0	0,0	0,0	2,0	1,0	13,0	3,0	10,0	1,0	0,0	0,0	0,0	0,0	1,0	0,0	0,0	2,0	0,0	0,0	1,0	0,0	0,0	0,0	0,0
Tpa_7483	29,0	1,0	342,0	0,0	1,0	5,0	0,0	0,0	0,0	0,0	0,0	5,0	0,0	5,0	0,0	2,0	0,0	0,0	0,0	0,0	0,0	0,0	0,1	0,0	0,0	0,0	1,0	0,0	0,0	0,0	0,0	0,0
Tpa_7495	88,0	26,0	1116,0	38,0	223,0	24,0	6,0	2,0	37,0	1,0	15,0	10,0	3,0	22,0	22,0	37,0	1,0	27,0	0,0	12,0	3,0	4,0	16,0	0,0	6,5	1,0	38,0	1,0	13,0	4,0	1,0	1,0
Tpa_7533	104,0	25,0	540,523	12,11	169,0	44,1	4,0	7,0	36,0	3,0	0,14	3,0	4,0	39,0	17,15	35,0	0,0	26,0	2,0	14,0	0,0	3,0	12,0	0,0	2,1	0,1	46,0	1,0	8,0	4,0	0,0	0,0
Tpa_7540	0,0	0,0	15,0	0,0	0,0	0,0	0,0	0,0	0,0	0,0	0,0	0,0	0,0	0,0	0,0	1,0	0,0	0,0	0,0	0,0	0,0	0,0	0,0	0,0	0,0	0,0	0,0	0,0	0,0	0,0	0,0	0,0
Tpa_7553	22,27	0,9	2,904	0,2	0,16	0,16	0,0	0,1	0,2	0,3	0,1	0,6	0,1	3,9	0,6	0,23	0,0	0,2	0,1	0,3	0,0	0,2	0,4	0,0	0,0	0,2	0,7	0,1	0,0	0,0	0,0	0,0
Tpa_7560	7,0	4,0	582,1	0,0	2,0	12,0	0,0	1,0	0,0	0,0	0,0	4,0	0,0	7,0	1,0	8,0	0,0	1,0	0,0	0,0	0,0	0,0	0,0	0,0	0,0	1,0	2,0	0,0	0,0	0,0	0,0	0,0
Tpa_7566	81,0	31,0	739,0	0,0	1,0	63,0	0,0	0,0	1,1	3,0	1,0	11,13	0,0	51,0	3,0	23,0	0,0	0,0	1,0	0,0	0,0	4,0	1,0	0,0	1,0	1,1	0,0	0,0	1,0	0,0	0,0	0,0
Tpa_7567	149,148	48,16	2425,1	64,65	723,1	73,33	9,0	3,8	51,63	1,30	21,0	39,20	9,4	48,0	52,48	0,186	0,3	30,19	9,0	32,0	6,5	0,14	32,16	1,0	16,8	14,16	36,28	20,0	39,37	10,0	5,0	0,0
Tpa_7571	161,0	19,0	1249,3	0,1	14,0	43,34	1,0	1,0	6,0	2,3	9,0	24,0	2,0	10,0	11,0	50,34	1,0	0,0	1,0	2,0	0,0	2,0	0,5	0,0	0,1	2,0	5,0	0,0	3,0	0,0	0,0	0,0
Tpa_7586	150,0	0,22	0,995	0,2	5,0	0,86	0,1	0,0	3,1	0,2	0,1	0,18	1,0	0,31	2,0	0,35	0,0	0,1	1,0	0,2	1,0	0,2	0,3	0,0	1,0	0,6	1,1	1,0	0,2	0,0	0,0	0,1
Tpa_7594	0,650	1,174	1,3506	84,92	0,1242	0,315	0,22	0,58	1,299	111,152	0,244	119,187	0,133	0,156	93,147	0,659	0,25	0,98	0,27	1,140	25,27	0,20	54,76	0,1	0,117	0,165	1,375	0,31	0,156	2,10	0,5	0,3
Tpa_7597	280,0	71,0	1814,0	189,0	586,0	162,0	86,0	84,0	205,0	116,0	146,0	152,0	41,0	214,0	75,97	226,0	29,0	52,0	77,0	91,0	58,0	51,0	115,0	0,0	143,0	125,0	170,0	100,0	225,0	46,0	3,0	19,0
Tpa_7601	0,0	0,0	0,0	0,0	0,0	0,0	0,0	0,0	0,0	0,0	0,0	0,0	0,0	0,0	0,0	0,0	0,0	0,0	0,0	0,0	0,0	0,0	0,0	0,0	0,0	0,0	0,0	0,0	0,0	0,0	0,0	0,0
Tpa_7604	683,2	7,0	1194,1	136,0	1188,3	178,0	24,0	60,0	378,1	127,0	179,0	0,0	80,0	54,1	10,0	0,0	0,0	34,0	44,0	84,0	75,0	0,0	0,0	0,0	6,0	0,0	0,0	20,0	163,0	15,0	1,0	1,0
Tpa_7605	0,0	1,0	12,16	0,0	1,0	0,0	0,0	0,0	0,0	0,0	1,0	1,0	0,0	0,0	0,0	0,0	0,0	0,0	0,0	0,0	0,0	0,0	0,0	0,0	0,0	0,0	0,0	0,0	0,0	0,0	0,0	0,0
Tpa_7615	3,0	2,0	85,0	0,0	0,0	1,0	0,0	0,0	0,0	0,0	0,0	0,0	0,0	0,0	0,0	3,0	0,0	0,0	0,0	0,0	0,0	0,0	0,0	0,0	0,0	1,0	0,0	0,0	0,0	0,0	0,0	0,0
Tpa_7652	681,0	136,0	2919,2	172,0	1283,1	146,205	10,22	27,0	253,0	74,0	119,0	227,0	64,0	62,73	174,1	642,1	7,0	67,0	21,0	85,0	19,0	15,0	85,0	1,0	48,0	65,0	226,0	12,0	106,0	13,1	7,0	1,0
Tpa_7653	252,211	109,0	2,2872	99,114	1,970	231,0	0,31	0,64	0,229	50,34	66,67	0,111	35,26	0,89	1,146	181,157	0,19	0,41	0,21	36,46	0,48	4,8	51,41	0,0	0,80	0,65	101,95	20,9	73,62	0,18	34,0	2,1
Tpa_7657	12,0	0,0	143,0	0,0	3,0	1,0	0,0	0,0	0,0	0,0	0,0	0,0	0,0	1,0	0,0	1,0	0,0	0,0	0,0	0,0	0,0	0,0	0,0	0,0	0,0	0,0	0,0	0,0	0,0	0,0	0,0	0,0
Tpa_7665	0,0	0,0	0,0	0,0	0,0	0,0	0,0	0,0	0,0	0,0	0,0	0,0	0,0	0,0	0,0	0,0	0,0	0,0	0,0	0,0	0,0	0,0	0,0	0,0	0,0	0,0	0,0	0,0	0,0	0,0	0,0	0,0
Tpa_7686	101,185	1,97	0,1639	11,14	50,97	72,106	3,7	0,17	0,98	0,85	0,95	49,105	2,7	216,0	74,0	0,258	0,16	11,34	1,10	19,34	5,7	34,0	0,76	0,0	9,20	0,63	31,87	9,7	11,24	5,3	0,0	0,3
Tpa_7690	0,210	0,52	0,1379	0,1	0,17	1,71	0,3	0,1	1,5	5,3	5,4	0,50	0,1	0,81	0,13	0,125	0,0	0,7	0,4	2,1	0,3	0,12	0,6	0,0	0,7	4,3	0,22	0,2	0,10	0,0	0,0	0,0
Tpa_7691	5,0	1,0	52,597	1,0	14,0	0,0	0,0	0,0	4,0	1,0	0,0	0,0	1,0	0,0	0,0	1,0	0,0	0,0	0,0	0,0	0,0	0,0	0,0	0,0	0,0	0,0	1,0	0,0	0,0	0,0	0,0	0,0
Tpa_7703	176,0	22,0	1638,0	2,0	73,0	61,0	0,0	4,0	7,0	5,0	13,0	23,0	0,0	8,0	5,0	83,0	0,0	3,3	0,0	3,0	0,0	2,0	2,0	0,0	1,0	1,0	7,0	0,0	1,0	0,0	0,0	1,0
Tpa_7757	0,0	0,0	0,1	0,0	0,2	0,0	0,0	0,0	0,0	0,0	0,0	0,0	0,0	0,0	0,0	0,0	0,0	0,0	0,0	0,0	0,0	0,0	0,0	0,0	0,0	0,0	0,0	0,0	0,0	0,0	0,0	0,0
Tpa_7764	37,0	5,0	276,179	0,0	7,0	13,0	0,0	0,0	1,0	0,0	0,1	1,0	0,0	4,0	2,0	9,5	0,0	1,0	0,0	0,0	0,0	1,0	0,0	0,0	0,0	0,0	2,1	0,0	0,0	1,0	0,0	0,0
Tpa_7765	0,7	0,0	0,138	0,1	0,4	0,5	0,0	0,0	0,0	0,0	0,0	0,2	0,0	0,0	0,0	0,2	0,0	0,0	0,0	0,0	0,0	0,0	0,1	0,0	0,0	0,0	0,0	0,0	0,0	0,0	0,0	0,0
Tpa_7769	0,0	0,0	0,4	0,0	0,0	0,0	0,0	0,0	0,0	0,0	0,0	0,0	0,0	0,0	0,0	0,0	0,0	0,0	0,0	0,0	0,0	0,0	0,0	0,0	0,0	0,0	0,0	0,0	0,0	0,0	0,0	0,0
Tpa_7772	0,0	0,0	0,0	0,0	0,0	0,0	0,0	0,0	0,0	0,0	0,0	0,0	0,0	0,0	0,0	0,0	0,0	0,0	0,0	0,0	0,0	0,0	0,0	0,0	0,0	0,0	0,0	0,0	0,0	0,0	0,0	0,0
Tpa_7798	2,5	1,0	373,0	0,0	3,0	0,0	0,0	0,0	1,0	0,0	1,0	0,0	0,0	0,0	0,0	2,0	0,0	0,0	0,0	0,0	0,0	0,0	0,2	0,0	0,0	0,0	1,0	0,0	0,0	0,0	0,0	0,0
Tpa_7799	0,0	0,0	88,0	0,0	0,0	0,0	0,0	0,0	0,0	0,0	0,0	0,0	0,0	0,0	1,0	4,0	0,0	0,0	0,0	0,0	0,0	0,0	0,0	0,0	0,0	0,0	0,1	0,0	0,0	0,0	0,0	0,0
Tpa_7805	0,0	0,1	67,0	0,1	0,0	0,0	0,0	0,0	0,0	0,0	0,0	1,0	0,0	0,0	0,0	0,1	0,0	0,0	1,0	1,1	0,0	0,0	0,0	0,0	0,0	0,0	0,0	0,0	1,0	0,0	0,0	0,0
Tpa_7807	3,0	0,0	40,0	0,0	0,0	1,0	0,0	0,0	1,0	0,0	0,0	0,0	0,0	0,0	0,0	0,0	0,0	0,0	0,0	1,0	0,0	0,0	0,0	0,0	1,0	0,0	0,0	0,0	0,0	0,0	0,0	0,0
Tpa_7814	12,0	1,0	186,1	0,0	2,0	0,0	0,0	0,0	0,0	0,0	0,0	1,0	0,0	1,0	0,0	3,6	0,0	1,0	0,0	0,0	0,0	0,0	0,0	0,0	0,0	0,0	0,0	0,0	0,0	0,0	0,0	0,0
Tpa_7825	52,0	10,0	538,0	15,0	11,0	33,0	1,0	0,0	13,0	4,0	20,0	24,0	4,0	27,0	5,0	51,0	0,0	8,0	1,0	9,0	0,0	2,0	4,0	0,0	5,0	1,0	31,0	2,0	8,0	0,0	0,0	0,0
Tpa_7848	0,14	0,7	0,87	0,5	0,13	1,1	0,0	0,0	0,7	0,1	0,4	0,1	0,1	0,3	0,5	0,10	0,0	0,5	0,0	0,2	0,0	0,3	0,1	0,0	0,0	0,0	0,12	0,0	0,0	0,0	0,0	0,0
Tpa_7910	10,0	2,0	402,0	1,0	1,2	0,0	0,0	0,0	1,0	0,0	0,0	2,0	0,0	0,0	1,0	1,2	0,0	2,0	0,0	0,0	0,0	1,0	0,0	0,0	0,0	1,0	1,0	0,0	0,0	0,0	0,0	0,0
