Locus_ID	AvgReadDepth	GenotypeRate	minAF	majAF	alleles	allFreqs	conScore
1	Tpa_0010_1	10.1578947368421	0.4375	0.142857142857143	0.857142857142857	A,G	0.86,0.14	0
2	Tpa_0012_1	42.2857142857143	0.09375	0	1	C,A	0,1	NA
3	Tpa_0024_1	NA	0	NA	NA	A,C	NaN,NaN	NA
4	Tpa_0035_1	30.9166666666667	0.21875	0.0714285714285714	0.928571428571429	T,C	0.07,0.93	1
5	Tpa_0037_1	4.33333333333333	0.0625	0.5	0.5	A,C	0.5,0.5	0.5
6	Tpa_0095_1	12.625	0.03125	0	1	G,A	0,1	NA
7	Tpa_0151_1	48.7333333333333	0.28125	0	1	G,A	0,1	NA
8	Tpa_0183_1	29.5555555555556	0.0625	0.25	0.75	C,A	0.75,0.25	0
9	Tpa_0186_1	17.9166666666667	0.0625	0	1	C,A	0,1	NA
10	Tpa_0215_1	NA	0	NA	NA	A,C	NaN,NaN	NA
11	Tpa_0226_1	8.77272727272727	0.34375	0.0909090909090909	0.909090909090909	C,A	0.09,0.91	NA
12	Tpa_0228_1	5.11764705882353	0.1875	0	1	T,A	0,1	NA
13	Tpa_0263_1	36.0476190476191	0.34375	0.409090909090909	0.590909090909091	C,G	0.41,0.59	0.333333333333333
14	Tpa_0269_1	15.1428571428571	0.0625	0.25	0.75	G,A	0.25,0.75	0
15	Tpa_0272_1	2	0.03125	0.5	0.5	A,C	0.5,0.5	0
16	Tpa_0301_1	47.3	0.1875	0	1	G,T	1,0	NA
17	Tpa_0342_1	34.9	0.15625	0.2	0.8	C,T	0.8,0.2	0
18	Tpa_0346_1	36.9375	0.375	0	1	A,C	1,0	NA
19	Tpa_0358_1	43.9166666666667	0.25	0	1	A,C	1,0	NA
20	Tpa_0366_1	40	0.03125	0	1	T,C	1,0	NA
21	Tpa_0367_1	39.0666666666667	0.15625	0	1	C,T	1,0	NA
22	Tpa_0371_1	9	0.03125	0	1	C,T	1,0	NA
23	Tpa_0395_1	11	0.03125	0	1	G,A	0,1	NA
24	Tpa_0409_1	6.5	0.03125	0	1	T,C	1,0	NA
25	Tpa_0427_1	38.7727272727273	0.40625	0.346153846153846	0.653846153846154	C,T	0.65,0.35	0.333333333333333
26	Tpa_0429_1	7.16666666666667	0.03125	0	1	G,C	0,1	NA
27	Tpa_0438_1	7.41666666666667	0.0625	0	1	A,C	0,1	NA
28	Tpa_0439_1	5.75	0.03125	0	1	G,C	1,0	NA
29	Tpa_0474_1	2.5	0.03125	0	1	A,T	1,0	NA
30	Tpa_0492_1	9	0.03125	0	1	C,G	1,0	NA
31	Tpa_0500_1	20.6666666666667	0.03125	0	1	A,C	1,0	NA
32	Tpa_0540_1	37.3333333333333	0.46875	0.266666666666667	0.733333333333333	G,C	0.27,0.73	0
33	Tpa_0547_1	5	0.03125	0	1	G,A	0,1	NA
34	Tpa_0556_1	62.1904761904762	0.5	0	1	C,T	1,0	NA
35	Tpa_0569_1	20	0.03125	0	1	A,G	0,1	NA
36	Tpa_0592_1	21.375	0.09375	0.166666666666667	0.833333333333333	A,G	0.83,0.17	0
37	Tpa_0650_1	3.84615384615385	0.1875	0	1	G,A	0,1	NA
38	Tpa_0671_1	24	0.03125	0	1	C,G	1,0	NA
39	Tpa_0678_1	2.85714285714286	0.0625	0	1	G,A	0,1	NA
40	Tpa_0730_1	32.7083333333333	0.3125	0.1	0.9	G,C	0.1,0.9	0.5
41	Tpa_0743_1	46.0555555555556	0.375	0	1	C,A	0,1	NA
42	Tpa_0763_1	1	0	NA	NA	C,A	NaN,NaN	NA
43	Tpa_0768_1	35.9583333333333	0.65625	0	1	G,A	0,1	NA
44	Tpa_0826_1	27.5	0.125	0.125	0.875	G,C	0.12,0.88	0
45	Tpa_0866_1	40.25	0.21875	0.142857142857143	0.857142857142857	C,T	0.86,0.14	0
46	Tpa_0868_1	4	0.03125	0	1	A,T	1,0	NA
47	Tpa_0882_1	1.88888888888889	0.0625	0.5	0.5	A,T	0.5,0.5	0
48	Tpa_0888_1	14	0.03125	0	1	G,A	0,1	NA
49	Tpa_0895_1	19.1111111111111	0.09375	0	1	G,A	0,1	NA
50	Tpa_0905_1	14	0.03125	0	1	T,C	1,0	NA
51	Tpa_0912_1	4.3	0.0625	0	1	C,A	0,1	NA
52	Tpa_0929_1	8.5	0.03125	0	1	G,A	0,1	NA
53	Tpa_0936_1	36.3333333333333	0.1875	0	1	C,T	1,0	NA
54	Tpa_0953_1	29.88	0.46875	0.1	0.9	C,T	0.9,0.1	0
55	Tpa_0970_1	NA	0	NA	NA	A,C	NaN,NaN	NA
56	Tpa_0973_1	NA	0	NA	NA	T,G	NaN,NaN	NA
57	Tpa_0979_1	1	0	NA	NA	C,G	NaN,NaN	NA
58	Tpa_1007_1	21.8	0.0625	0	1	T,C	1,0	NA
59	Tpa_1022_1	1	0	NA	NA	G,A	NaN,NaN	NA
60	Tpa_1042_1	2	0	NA	NA	G,A	NaN,NaN	NA
61	Tpa_1071_1	48.8333333333333	0.0625	0.25	0.75	A,C	0.75,0.25	0
62	Tpa_1077_1	14.5	0.03125	0	1	C,T	1,0	NA
63	Tpa_1082_1	11.4666666666667	0.1875	0.0833333333333333	0.916666666666667	C,T	0.92,0.08	0
64	Tpa_1098_1	4	0.03125	0	1	A,C	1,0	NA
65	Tpa_1112_1	1	0	NA	NA	G,A	NaN,NaN	NA
66	Tpa_1136_1	1	0	NA	NA	T,G	NaN,NaN	NA
67	Tpa_1144_1	3	0.03125	0	1	G,T	1,0	NA
68	Tpa_1154_1	2	0	NA	NA	C,T	NaN,NaN	NA
69	Tpa_1156_1	1	0	NA	NA	G,A	NaN,NaN	NA
70	Tpa_1187_1	10.75	0.0625	0.25	0.75	C,T	0.75,0.25	0
71	Tpa_1268_1	4.66666666666667	0.03125	0	1	T,A	0,1	NA
72	Tpa_1290_1	23.8333333333333	0.0625	0	1	C,T	1,0	NA
73	Tpa_1304_1	3	0.03125	0	1	A,G	0,1	NA
74	Tpa_1305_1	NA	0	NA	NA	A,T	NaN,NaN	NA
75	Tpa_1310_1	41.6666666666667	0.03125	0	1	C,T	1,0	NA
76	Tpa_1312_1	60.5185185185185	0.59375	0.0263157894736842	0.973684210526316	C,T	0.97,0.03	0
77	Tpa_1320_1	37	0.15625	0	1	T,C	0,1	NA
78	Tpa_1341_1	7	0.03125	0	1	C,T	1,0	NA
79	Tpa_1357_1	12.3333333333333	0.03125	0	1	G,C	0,1	NA
80	Tpa_1359_1	48.2333333333333	0.84375	0.12962962962963	0.87037037037037	A,G	0.87,0.13	0
81	Tpa_1394_1	33.1739130434783	0.34375	0.136363636363636	0.863636363636364	G,A	0.14,0.86	0
82	Tpa_1443_1	22.4285714285714	0.15625	0.4	0.6	A,G	0.4,0.6	0.5
83	Tpa_1486_1	19	0.03125	0	1	T,C	0,1	NA
84	Tpa_1515_1	4.5	0.0625	0.5	0.5	A,C	0.5,0.5	NA
85	Tpa_1528_1	5	0.0625	0	1	G,T	1,0	NA
86	Tpa_1542_1	3.5	0.03125	0	1	C,G	1,0	NA
87	Tpa_1548_1	41.0869565217391	0.375	0.25	0.75	T,G	0.25,0.75	0.25
88	Tpa_1550_1	26.5714285714286	0.0625	0	1	C,G	1,0	NA
89	Tpa_1585_1	31.2222222222222	0.1875	0.166666666666667	0.833333333333333	T,C	0.83,0.17	0
90	Tpa_1593_1	29.2727272727273	0.1875	0.25	0.75	G,A	0.25,0.75	0
91	Tpa_1606_1	92.2666666666667	0.84375	0.0740740740740741	0.925925925925926	T,G	0.07,0.93	0
92	Tpa_1638_1	16.4545454545455	0.125	0.125	0.875	C,G	0.88,0.12	0
93	Tpa_1646_1	53.2173913043478	0.4375	0	1	C,T	1,0	NA
94	Tpa_1662_1	22.5	0.0625	0.25	0.75	G,A	0.25,0.75	0
95	Tpa_1678_1	10.6666666666667	0.03125	0	1	C,T	1,0	NA
96	Tpa_1689_1	9	0.03125	0	1	C,T	1,0	NA
97	Tpa_1703_1	NA	0	NA	NA	A,G	NaN,NaN	NA
98	Tpa_1731_1	55.25	0.5	0.03125	0.96875	C,A	0.03,0.97	0
99	Tpa_1774_1	5	0.03125	0	1	C,T	1,0	NA
100	Tpa_1775_1	55.8	0.4375	0.142857142857143	0.857142857142857	C,T	0.86,0.14	NA
101	Tpa_1818_1	9	0.09375	0.333333333333333	0.666666666666667	G,A	0.67,0.33	0
102	Tpa_1831_1	58.2	0.125	0	1	G,T	1,0	NA
103	Tpa_1832_1	10.5	0.21875	0	1	A,G	1,0	NA
104	Tpa_1843_1	31.7692307692308	0.21875	0.0714285714285714	0.928571428571429	C,T	0.93,0.07	1
105	Tpa_1891_1	39.5555555555556	0.28125	0	1	C,A	0,1	NA
106	Tpa_1896_1	24.125	0.21875	0.0714285714285714	0.928571428571429	A,G	0.07,0.93	0
107	Tpa_1917_1	16.5	0.03125	0	1	C,T	1,0	NA
108	Tpa_1930_1	28.6666666666667	0.1875	0.416666666666667	0.583333333333333	A,G	0.42,0.58	0
109	Tpa_1966_1	8	0.03125	0	1	C,T	0,1	NA
110	Tpa_2006_1	6.33333333333333	0.03125	0.5	0.5	C,T	0.5,0.5	0
111	Tpa_2010_1	23	0.03125	0	1	C,G	1,0	NA
112	Tpa_2021_1	2	0	NA	NA	C,T	NaN,NaN	NA
113	Tpa_2034_1	10.5	0.03125	0	1	A,T	1,0	NA
114	Tpa_2040_1	32.25	0.0625	0.25	0.75	T,A	0.25,0.75	0
115	Tpa_2041_1	51	0.03125	0	1	C,A	0,1	NA
116	Tpa_2073_1	17.4444444444444	0.15625	0	1	G,A	0,1	NA
117	Tpa_2076_1	21.8947368421053	0.28125	0.166666666666667	0.833333333333333	C,A	0.17,0.83	0
118	Tpa_2096_1	32.6666666666667	0.125	0.25	0.75	G,A	0.25,0.75	NA
119	Tpa_2128_1	6	0.03125	0	1	G,T	1,0	NA
120	Tpa_2157_1	55.2631578947368	0.375	0.0416666666666667	0.958333333333333	A,C	0.96,0.04	0
121	Tpa_2180_1	24.5	0.03125	0	1	C,T	0,1	NA
122	Tpa_2194_1	26.3333333333333	0.0625	0.25	0.75	A,G	0.75,0.25	0
123	Tpa_2207_1	39.95	0.34375	0	1	G,T	1,0	NA
124	Tpa_2254_1	14	0.03125	0	1	C,G	0,1	NA
125	Tpa_2278_1	35.1428571428571	0.125	0.25	0.75	G,A	0.25,0.75	NA
126	Tpa_2334_1	NA	0	NA	NA	C,T	NaN,NaN	NA
127	Tpa_2344_1	66.55	0.4375	0.142857142857143	0.857142857142857	G,A	0.14,0.86	0
128	Tpa_2353_1	39.6842105263158	0.375	0.166666666666667	0.833333333333333	C,G	0.83,0.17	0
129	Tpa_2368_1	19	0.03125	0	1	A,G	0,1	NA
130	Tpa_2412_1	75.6206896551724	0.75	0.0416666666666667	0.958333333333333	G,A	0.04,0.96	0
131	Tpa_2417_1	32.1818181818182	0.15625	0	1	A,G	0,1	NA
132	Tpa_2453_1	NA	0	NA	NA	T,C	NaN,NaN	NA
133	Tpa_2458_1	6.66666666666667	0.03125	0	1	C,T	1,0	NA
134	Tpa_2460_1	23.625	0.0625	0	1	G,A	0,1	NA
135	Tpa_2470_1	12	0.21875	0	1	C,T	1,0	NA
136	Tpa_2483_1	43.1333333333333	0.28125	0.111111111111111	0.888888888888889	C,T	0.89,0.11	0
137	Tpa_2498_1	47	0.03125	0	1	C,G	1,0	NA
138	Tpa_2509_1	35.5	0.03125	0.5	0.5	C,T	0.5,0.5	0
139	Tpa_2518_1	15.4285714285714	0.25	0.375	0.625	T,C	0.38,0.62	0.25
140	Tpa_2519_1	11.5	0.0625	0	1	A,T	1,0	NA
141	Tpa_2523_1	7.33333333333333	0.03125	0	1	A,G	1,0	NA
142	Tpa_2581_1	43.7058823529412	0.1875	0.0833333333333333	0.916666666666667	T,C	0.08,0.92	1
143	Tpa_2601_1	84.8333333333333	0.8125	0.423076923076923	0.576923076923077	T,C	0.58,0.42	0.214285714285714
144	Tpa_2608_1	58.15	0.34375	0.181818181818182	0.818181818181818	A,C	0.82,0.18	0
145	Tpa_2636_1	13.7826086956522	0.4375	0	1	A,T	1,0	NA
146	Tpa_2639_1	5.5	0.03125	0	1	G,A	0,1	NA
147	Tpa_2664_1	10.8571428571429	0.03125	0	1	C,T	1,0	NA
148	Tpa_2702_1	11	0.03125	0	1	C,T	1,0	NA
149	Tpa_2712_1	6.33333333333333	0.03125	0	1	G,A	0,1	NA
150	Tpa_2734_1	7.88888888888889	0.0625	0.5	0.5	T,G	0.5,0.5	NA
151	Tpa_2741_1	NA	0	NA	NA	A,C	NaN,NaN	NA
152	Tpa_2745_1	28.4	0.09375	0.166666666666667	0.833333333333333	G,A	0.83,0.17	0
153	Tpa_2763_1	31.125	0.09375	0	1	A,T	1,0	NA
154	Tpa_2845_1	2.88888888888889	0.0625	0	1	T,G	0,1	NA
155	Tpa_2854_1	14.6666666666667	0.21875	0.428571428571429	0.571428571428571	C,T	0.57,0.43	0
156	Tpa_2856_1	9.28571428571429	0.375	0.25	0.75	C,T	0.75,0.25	0
157	Tpa_2861_1	62.1666666666667	0.21875	0.142857142857143	0.857142857142857	G,A	0.14,0.86	0
158	Tpa_2868_1	17.5454545454545	0.15625	0.2	0.8	C,T	0.8,0.2	0
159	Tpa_2900_1	20	0.03125	0	1	G,A	0,1	NA
160	Tpa_2907_1	42.4285714285714	0.0625	0.25	0.75	T,C	0.75,0.25	0
161	Tpa_2961_1	42.4	0.125	0	1	A,G	1,0	NA
162	Tpa_2970_1	9.5	0.03125	0.5	0.5	C,T	0.5,0.5	0
163	Tpa_3004_1	27.3333333333333	0.0625	0	1	A,G	0,1	NA
164	Tpa_3011_1	32.6666666666667	0.0625	0	1	G,A	0,1	NA
165	Tpa_3018_1	NA	0	NA	NA	G,T	NaN,NaN	NA
166	Tpa_3047_1	12.1578947368421	0.21875	0.0714285714285714	0.928571428571429	C,G	0.93,0.07	0
167	Tpa_3055_1	24	0.03125	0	1	T,C	1,0	NA
168	Tpa_3063_1	3	0.0625	0	1	A,T	1,0	NA
169	Tpa_3129_1	8	0.03125	0	1	G,A	0,1	NA
170	Tpa_3149_1	23.1111111111111	0.0625	0	1	A,G	1,0	NA
171	Tpa_3193_1	NA	0	NA	NA	G,C	NaN,NaN	NA
172	Tpa_3197_1	19.1428571428571	0.09375	0	1	T,C	0,1	NA
173	Tpa_3200_1	18.6666666666667	0.03125	0	1	C,T	1,0	NA
174	Tpa_3248_1	9.5	0.25	0.0625	0.9375	C,T	0.06,0.94	1
175	Tpa_3254_1	26.5	0.0625	0	1	G,T	1,0	NA
176	Tpa_3262_1	58.5	0.34375	0.227272727272727	0.772727272727273	G,T	0.77,0.23	0.333333333333333
177	Tpa_3263_1	12.6875	0.25	0.0625	0.9375	A,G	0.94,0.06	0
178	Tpa_3310_1	18.6	0.03125	0	1	C,T	1,0	NA
179	Tpa_3347_1	2.66666666666667	0.15625	0.3	0.7	C,T	0.7,0.3	0
180	Tpa_3354_1	22.8636363636364	0.40625	0	1	T,C	0,1	NA
181	Tpa_3364_1	31.6	0.15625	0.2	0.8	A,G	0.2,0.8	0
182	Tpa_3385_1	3	0.03125	0	1	C,T	1,0	NA
183	Tpa_3439_1	11	0.03125	0	1	G,T	1,0	NA
184	Tpa_3502_1	2	0	NA	NA	A,G	NaN,NaN	NA
185	Tpa_3561_1	3	0.03125	0	1	G,A	0,1	NA
186	Tpa_3569_1	6.25	0.03125	0	1	G,A	0,1	NA
187	Tpa_3583_1	28.5	0.03125	0	1	A,G	0,1	NA
188	Tpa_3616_1	68.7777777777778	0.5625	0	1	T,A	0,1	NA
189	Tpa_3674_1	24.25	0.09375	0.166666666666667	0.833333333333333	G,A	0.17,0.83	0
190	Tpa_3676_1	10	0.03125	0	1	C,T	1,0	NA
191	Tpa_3679_1	7	0.03125	0.5	0.5	C,T	0.5,0.5	0
192	Tpa_3684_1	1.66666666666667	0	NA	NA	T,C	NaN,NaN	NA
193	Tpa_3705_1	43.1724137931034	0.59375	0.0263157894736842	0.973684210526316	G,T	0.97,0.03	0
194	Tpa_3723_1	4	0.03125	0	1	A,G	0,1	NA
195	Tpa_3737_1	9.375	0.03125	0	1	G,A	0,1	NA
196	Tpa_3745_1	32.0909090909091	0.15625	0	1	G,A	0,1	NA
197	Tpa_3795_1	106.444444444444	0.75	0.104166666666667	0.895833333333333	G,A	0.1,0.9	0
198	Tpa_3846_1	16.2	0.0625	0.5	0.5	C,T	0.5,0.5	0
199	Tpa_3862_1	NA	0	NA	NA	T,C	NaN,NaN	NA
200	Tpa_3871_1	33.6315789473684	0.25	0	1	C,T	1,0	NA
201	Tpa_3879_1	38.8214285714286	0.5625	0.0277777777777778	0.972222222222222	T,A	0.03,0.97	0
202	Tpa_3905_1	17.3076923076923	0.25	0.0625	0.9375	A,C	0.94,0.06	1
203	Tpa_3926_1	7	0.03125	0	1	C,T	1,0	NA
204	Tpa_3937_1	2.6	0.03125	0	1	G,A	0,1	NA
205	Tpa_3962_1	14.25	0.0625	0.25	0.75	C,G	0.75,0.25	0
206	Tpa_3974_1	20.6666666666667	0.03125	0.5	0.5	G,T	0.5,0.5	0
207	Tpa_4020_1	21	0.0625	0	1	G,A	0,1	NA
208	Tpa_4021_1	57.2	0.15625	0.2	0.8	C,T	0.8,0.2	NA
209	Tpa_4022_1	60.7037037037037	0.59375	0.315789473684211	0.684210526315789	G,A	0.32,0.68	0.4
210	Tpa_4055_1	3.57142857142857	0.0625	0.25	0.75	A,C	0.75,0.25	0
211	Tpa_4077_1	22.5555555555556	0.09375	0	1	A,T	1,0	NA
212	Tpa_4120_1	51.5294117647059	0.3125	0.1	0.9	C,T	0.9,0.1	0
213	Tpa_4126_1	25.2	0.53125	0.0588235294117647	0.941176470588235	G,C	0.94,0.06	0.5
214	Tpa_4137_1	19.95	0.40625	0.0384615384615385	0.961538461538462	C,A	0.04,0.96	0
215	Tpa_4148_1	16	0.03125	0	1	A,G	0,1	NA
216	Tpa_4168_1	20	0.0625	0	1	C,T	1,0	NA
217	Tpa_4176_1	1.5	0	NA	NA	C,G	NaN,NaN	NA
218	Tpa_4178_1	24.8695652173913	0.28125	0.0555555555555556	0.944444444444444	C,T	0.94,0.06	0
219	Tpa_4209_1	43.3	0.09375	0	1	G,A	0,1	NA
220	Tpa_4221_1	NA	0	NA	NA	T,A	NaN,NaN	NA
221	Tpa_4230_1	21.9	0.1875	0.333333333333333	0.666666666666667	C,G	0.67,0.33	NA
222	Tpa_4245_1	NA	0	NA	NA	G,C	NaN,NaN	NA
223	Tpa_4246_1	16.8461538461538	0.1875	0	1	T,C	0,1	NA
224	Tpa_4247_1	26.8947368421053	0.34375	0	1	T,A	1,0	NA
225	Tpa_4268_1	56.5217391304348	0.5625	0.0277777777777778	0.972222222222222	C,G	0.97,0.03	0
226	Tpa_4291_1	57.8571428571429	0.09375	0	1	C,T	1,0	NA
227	Tpa_4295_1	12.5	0.03125	0	1	C,A	0,1	NA
228	Tpa_4310_1	14.6666666666667	0.0625	0.25	0.75	G,C	0.75,0.25	0
229	Tpa_4316_1	58.1428571428571	0.09375	0	1	C,T	1,0	NA
230	Tpa_4353_1	80.9523809523809	0.53125	0.0294117647058824	0.970588235294118	G,A	0.03,0.97	0
231	Tpa_4356_1	68.1379310344828	0.65625	0.0714285714285714	0.928571428571429	C,T	0.93,0.07	0.333333333333333
232	Tpa_4380_1	6.5	0.03125	0	1	G,T	1,0	NA
233	Tpa_4384_1	18.8333333333333	0.0625	0	1	G,A	0,1	NA
234	Tpa_4394_1	17	0.03125	0	1	C,T	1,0	NA
235	Tpa_4416_1	43	0.125	0	1	G,A	0,1	NA
236	Tpa_4425_1	32.2307692307692	0.28125	0.0555555555555556	0.944444444444444	G,A	0.06,0.94	0
237	Tpa_4443_1	35.6153846153846	0.15625	0	1	C,T	1,0	NA
238	Tpa_4454_1	12.8	0.03125	0	1	G,A	0,1	NA
239	Tpa_4467_1	1	0	NA	NA	G,C	NaN,NaN	NA
240	Tpa_4495_1	5.33333333333333	0.03125	0	1	T,C	0,1	NA
241	Tpa_4506_1	7	0.03125	0	1	C,G	1,0	NA
242	Tpa_4511_1	NA	0	NA	NA	G,A	NaN,NaN	NA
243	Tpa_4549_1	3.5	0.03125	0	1	A,G	1,0	NA
244	Tpa_4556_1	16.5	0.0625	0	1	A,C	1,0	NA
245	Tpa_4569_1	24.7894736842105	0.3125	0.25	0.75	A,C	0.75,0.25	0
246	Tpa_4582_1	6	0.03125	0.5	0.5	A,T	0.5,0.5	0
247	Tpa_4590_1	32.8888888888889	0.15625	0	1	G,T	1,0	NA
248	Tpa_4591_1	1	0	NA	NA	C,T	NaN,NaN	NA
249	Tpa_4592_1	12.1666666666667	0.09375	0	1	G,C	0,1	NA
250	Tpa_4593_1	28.4285714285714	0.03125	0	1	C,T	1,0	NA
251	Tpa_4595_1	NA	0	NA	NA	G,A	NaN,NaN	NA
252	Tpa_4599_1	61.4166666666667	0.5	0.125	0.875	C,T	0.88,0.12	0.25
253	Tpa_4633_1	3	0.03125	0	1	A,C	0,1	NA
254	Tpa_4637_1	6	0.0625	0.5	0.5	C,A	0.5,0.5	NA
255	Tpa_4668_1	26.5	0.5625	0.111111111111111	0.888888888888889	C,A	0.89,0.11	0
256	Tpa_4678_1	63.3928571428571	0.65625	0.0476190476190476	0.952380952380952	T,A	0.05,0.95	0
257	Tpa_4697_1	8	0.03125	0	1	T,C	0,1	NA
258	Tpa_4713_1	25.6666666666667	0.03125	0	1	G,A	0,1	NA
259	Tpa_4731_1	NA	0	NA	NA	C,A	NaN,NaN	NA
260	Tpa_4747_1	40.85	0.53125	0.0588235294117647	0.941176470588235	C,T	0.94,0.06	NA
261	Tpa_4749_1	17.4	0.09375	0.333333333333333	0.666666666666667	G,T	0.67,0.33	0
262	Tpa_4804_1	14.9166666666667	0.125	0.125	0.875	G,C	0.88,0.12	1
263	Tpa_4849_1	46	0.03125	0.5	0.5	T,C	0.5,0.5	0
264	Tpa_4885_1	7.2	0.03125	0.5	0.5	T,G	0.5,0.5	0
265	Tpa_4886_1	9	0.03125	0	1	A,T	1,0	NA
266	Tpa_4900_1	5	0.03125	0.5	0.5	C,T	0.5,0.5	0
267	Tpa_4920_1	1	0	NA	NA	G,C	NaN,NaN	NA
268	Tpa_4928_1	23	0.03125	0.5	0.5	C,T	0.5,0.5	1
269	Tpa_4936_1	6.5	0.03125	0	1	C,T	1,0	NA
270	Tpa_4985_1	23.8823529411765	0.3125	0.05	0.95	A,G	0.05,0.95	0
271	Tpa_5002_1	12.5	0.03125	0.5	0.5	C,T	0.5,0.5	0
272	Tpa_5015_1	1	0	NA	NA	A,G	NaN,NaN	NA
273	Tpa_5022_1	88.0344827586207	0.90625	0.0344827586206897	0.96551724137931	C,T	0.97,0.03	0
274	Tpa_5057_1	21.25	0.09375	0	1	T,G	1,0	NA
275	Tpa_5075_1	31.2	0.0625	0.25	0.75	A,G	0.75,0.25	0
276	Tpa_5104_1	103.733333333333	0.875	0	1	G,A	0,1	NA
277	Tpa_5106_1	5.25	0.03125	0.5	0.5	C,G	0.5,0.5	1
278	Tpa_5118_1	4.25	0.0625	0	1	C,T	1,0	NA
279	Tpa_5138_1	61.5	0.0625	0	1	C,T	1,0	NA
280	Tpa_5144_1	46.5	0.03125	0	1	T,G	0,1	NA
281	Tpa_5167_1	3	0.03125	0	1	C,T	1,0	NA
282	Tpa_5196_1	28	0.03125	0	1	G,A	0,1	NA
283	Tpa_5205_1	6	0.03125	0	1	G,T	1,0	NA
284	Tpa_5206_1	3.5	0.03125	0	1	G,A	0,1	NA
285	Tpa_5218_1	1.5	0	NA	NA	C,G	NaN,NaN	NA
286	Tpa_5222_1	7.75	0.03125	0.5	0.5	G,A	0.5,0.5	0
287	Tpa_5228_1	16.375	0.3125	0.1	0.9	C,T	0.9,0.1	0
288	Tpa_5241_1	32	0.03125	0	1	C,T	1,0	NA
289	Tpa_5242_1	25.1176470588235	0.25	0.1875	0.8125	C,T	0.81,0.19	0
290	Tpa_5244_1	51.7241379310345	0.625	0.125	0.875	A,C	0.88,0.12	0.2
291	Tpa_5249_1	4	0.03125	0	1	T,C	1,0	NA
292	Tpa_5270_1	2	0	NA	NA	C,A	NaN,NaN	NA
293	Tpa_5278_1	39.4444444444444	0.0625	0.5	0.5	G,A	0.5,0.5	NA
294	Tpa_5279_1	13.5	0.03125	0	1	C,T	1,0	NA
295	Tpa_5292_1	57.9166666666667	0.6875	0.181818181818182	0.818181818181818	C,T	0.18,0.82	0.125
296	Tpa_5298_1	40.5454545454545	0.15625	0.1	0.9	G,A	0.1,0.9	0
297	Tpa_5327_1	44.0869565217391	0.4375	0	1	C,G	1,0	NA
298	Tpa_5360_1	7.2	0.03125	0	1	G,A	0,1	NA
299	Tpa_5361_1	25.2307692307692	0.09375	0.166666666666667	0.833333333333333	A,C	0.83,0.17	0
300	Tpa_5373_1	42	0.03125	0	1	C,T	1,0	NA
301	Tpa_5379_1	60.2272727272727	0.34375	0.136363636363636	0.863636363636364	C,G	0.86,0.14	0
302	Tpa_5382_1	24.96	0.5	0	1	A,G	1,0	NA
303	Tpa_5418_1	56.0416666666667	0.5625	0.138888888888889	0.861111111111111	C,T	0.86,0.14	0.2
304	Tpa_5441_1	45.695652173913	0.3125	0	1	G,A	0,1	NA
305	Tpa_5445_1	57.7272727272727	0.53125	0.352941176470588	0.647058823529412	T,C	0.35,0.65	0
306	Tpa_5446_1	50.5454545454545	0.125	0	1	G,T	1,0	NA
307	Tpa_5454_1	27.8181818181818	0.15625	0.3	0.7	A,G	0.3,0.7	0
308	Tpa_5471_1	179.04	0.71875	0.0434782608695652	0.956521739130435	G,T	0.96,0.04	0.5
309	Tpa_5485_1	10.5555555555556	0.34375	0.0454545454545455	0.954545454545455	A,C	0.95,0.05	0
310	Tpa_5501_1	27.75	0.125	0.125	0.875	G,A	0.12,0.88	0
311	Tpa_5525_1	43.8	0.5	0.125	0.875	T,A	0.12,0.88	0
312	Tpa_5538_1	3.16666666666667	0.03125	0.5	0.5	C,T	0.5,0.5	0
313	Tpa_5540_1	12.5	0.03125	0	1	A,G	1,0	NA
314	Tpa_5542_1	3	0.03125	0	1	C,T	1,0	NA
315	Tpa_5563_1	8.14285714285714	0.03125	0	1	G,A	0,1	NA
316	Tpa_5565_1	96	0.6875	0.227272727272727	0.772727272727273	G,T	0.77,0.23	0.125
317	Tpa_5570_1	18.8333333333333	0.0625	0.5	0.5	G,A	0.5,0.5	NA
318	Tpa_5574_1	10.2	0.09375	0.166666666666667	0.833333333333333	C,T	0.83,0.17	0
319	Tpa_5588_1	152.466666666667	0.90625	0.0517241379310345	0.948275862068966	C,T	0.95,0.05	0.333333333333333
320	Tpa_5594_1	14.5	0.0625	0	1	G,A	1,0	NA
321	Tpa_5601_1	54.0909090909091	0.1875	0.25	0.75	C,A	0.25,0.75	0
322	Tpa_5609_1	3.14285714285714	0.0625	0	1	A,G	1,0	NA
323	Tpa_5623_1	67.875	0.53125	0	1	C,T	1,0	NA
324	Tpa_5636_1	15	0.03125	0	1	A,G	0,1	NA
325	Tpa_5651_1	16	0.0625	0	1	T,C	0,1	NA
326	Tpa_5679_1	15.5555555555556	0.15625	0.1	0.9	G,A	0.1,0.9	0
327	Tpa_5741_1	17.4166666666667	0.125	0	1	C,T	1,0	NA
328	Tpa_5761_1	20.25	0.03125	0	1	G,A	0,1	NA
329	Tpa_5774_1	32.875	0.0625	0	1	T,C	0,1	NA
330	Tpa_5795_1	2.5	0.03125	0	1	G,T	1,0	NA
331	Tpa_5796_1	43	0.21875	0.428571428571429	0.571428571428571	A,G	0.57,0.43	0
332	Tpa_5823_1	41.0909090909091	0.1875	0	1	A,G	0,1	NA
333	Tpa_5827_1	29.1818181818182	0.09375	0.333333333333333	0.666666666666667	T,G	0.33,0.67	NA
334	Tpa_5829_1	3.5	0.03125	0.5	0.5	C,T	0.5,0.5	0
335	Tpa_5838_1	52.5454545454545	0.25	0.0625	0.9375	T,C	0.94,0.06	1
336	Tpa_5854_1	NA	0	NA	NA	T,G	NaN,NaN	NA
337	Tpa_5856_1	23	0.03125	0	1	C,T	1,0	NA
338	Tpa_5863_1	26.7272727272727	0.09375	0.166666666666667	0.833333333333333	G,A	0.17,0.83	0
339	Tpa_5868_1	3.5	0.03125	0	1	C,G	1,0	NA
340	Tpa_5878_1	54.25	0.1875	0.166666666666667	0.833333333333333	G,C	0.83,0.17	0
341	Tpa_5913_1	28.5263157894737	0.28125	0.444444444444444	0.555555555555556	G,A	0.56,0.44	0.25
342	Tpa_5917_1	44.4285714285714	0.21875	0.142857142857143	0.857142857142857	T,G	0.14,0.86	0.5
343	Tpa_5942_1	9	0	NA	NA	G,T	NaN,NaN	NA
344	Tpa_5951_1	8.36363636363636	0.125	0	1	T,A	0,1	NA
345	Tpa_5961_1	3	0.03125	0	1	T,G	0,1	NA
346	Tpa_5978_1	33.695652173913	0.46875	0.0333333333333333	0.966666666666667	G,A	0.03,0.97	0
347	Tpa_5980_1	50.0714285714286	0.1875	0.333333333333333	0.666666666666667	T,C	0.67,0.33	0.25
348	Tpa_6016_1	50.7857142857143	0.1875	0.25	0.75	C,T	0.75,0.25	0
349	Tpa_6076_1	11	0.03125	0	1	A,G	0,1	NA
350	Tpa_6083_1	27.1	0.5	0.0625	0.9375	A,G	0.94,0.06	NA
351	Tpa_6137_1	28.6666666666667	0.03125	0.5	0.5	A,G	0.5,0.5	0
352	Tpa_6139_1	36.1333333333333	0.28125	0.111111111111111	0.888888888888889	C,G	0.89,0.11	0
353	Tpa_6150_1	10.2857142857143	0.1875	0.0833333333333333	0.916666666666667	A,G	0.92,0.08	0
354	Tpa_6158_1	42.92	0.53125	0.0588235294117647	0.941176470588235	C,T	0.94,0.06	0
355	Tpa_6169_1	65.9375	0.375	0.0833333333333333	0.916666666666667	A,G	0.08,0.92	0
356	Tpa_6172_1	42.2222222222222	0.28125	0	1	G,A	0,1	NA
357	Tpa_6204_1	2.5	0.03125	0	1	T,C	0,1	NA
358	Tpa_6220_1	65.3125	0.3125	0.3	0.7	A,G	0.7,0.3	0.25
359	Tpa_6222_1	12.2	0.03125	0	1	G,A	0,1	NA
360	Tpa_6224_1	17.1818181818182	0.125	0	1	G,A	0,1	NA
361	Tpa_6265_1	4.75	0.28125	0.222222222222222	0.777777777777778	A,C	0.78,0.22	0
362	Tpa_6270_1	27.1428571428571	0.09375	0.5	0.5	C,T	0.5,0.5	0
363	Tpa_6321_1	1	0	NA	NA	G,A	NaN,NaN	NA
364	Tpa_6352_1	1.83333333333333	0.0625	0	1	G,C	0,1	NA
365	Tpa_6355_1	7	0.03125	0	1	T,G	0,1	NA
366	Tpa_6384_1	3	0.03125	0	1	G,A	0,1	NA
367	Tpa_6385_1	13.3333333333333	0.03125	0	1	C,T	1,0	NA
368	Tpa_6388_1	10.3333333333333	0.03125	0	1	C,A	0,1	NA
369	Tpa_6391_1	45.5714285714286	0.0625	0	1	C,T	1,0	NA
370	Tpa_6411_1	1.5	0	NA	NA	T,C	NaN,NaN	NA
371	Tpa_6422_1	41.0416666666667	0.46875	0	1	C,T	1,0	NA
372	Tpa_6442_1	32.3333333333333	0.15625	0.2	0.8	T,C	0.2,0.8	0
373	Tpa_6449_1	NA	0	NA	NA	T,C	NaN,NaN	NA
374	Tpa_6451_1	5.72727272727273	0.3125	0.1	0.9	C,A	0.1,0.9	0
375	Tpa_6453_1	24.4	0.03125	0	1	C,T	1,0	NA
376	Tpa_6487_1	28.3125	0.40625	0	1	A,C	1,0	NA
377	Tpa_6493_1	12.4	0.15625	0	1	T,C	1,0	NA
378	Tpa_6511_1	337.40625	0.96875	0.0645161290322581	0.935483870967742	G,A	0.06,0.94	0.25
379	Tpa_6543_1	45.5714285714286	0.09375	0	1	C,T	1,0	NA
380	Tpa_6562_1	3	0.03125	0	1	C,T	1,0	NA
381	Tpa_6565_1	128.612903225806	0.9375	0.0166666666666667	0.983333333333333	G,A	0.02,0.98	1
382	Tpa_6586_1	15.6666666666667	0.03125	0	1	G,A	0,1	NA
383	Tpa_6591_1	8.66666666666667	0.03125	0	1	G,C	0,1	NA
384	Tpa_6604_1	NA	0	NA	NA	C,A	NaN,NaN	NA
385	Tpa_6611_1	3.5	0.0625	0	1	C,T	1,0	NA
386	Tpa_6630_1	14.5555555555556	0.28125	0.388888888888889	0.611111111111111	C,T	0.61,0.39	0
387	Tpa_6654_1	15.1818181818182	0.4375	0.0357142857142857	0.964285714285714	G,T	0.96,0.04	0
388	Tpa_6683_1	NA	0	NA	NA	C,A	NaN,NaN	NA
389	Tpa_6687_1	35	0.03125	0	1	C,T	1,0	NA
390	Tpa_6713_1	2	0	NA	NA	C,T	NaN,NaN	NA
391	Tpa_6733_1	11.7647058823529	0.21875	0.0714285714285714	0.928571428571429	G,T	0.93,0.07	0
392	Tpa_6768_1	42.8421052631579	0.25	0	1	T,C	0,1	NA
393	Tpa_6773_1	26.4285714285714	0.09375	0.166666666666667	0.833333333333333	G,A	0.17,0.83	0
394	Tpa_6774_1	64.6666666666667	0.0625	0	1	T,C	1,0	NA
395	Tpa_6786_1	5.66666666666667	0.03125	0	1	C,T	1,0	NA
396	Tpa_6814_1	69.1739130434783	0.5	0.0625	0.9375	G,A	0.06,0.94	0
397	Tpa_6816_1	32.5	0.15625	0.4	0.6	T,G	0.4,0.6	0
398	Tpa_6853_1	37.1428571428571	0.375	0	1	A,G	1,0	NA
399	Tpa_6887_1	31.0666666666667	0.25	0	1	C,T	1,0	NA
400	Tpa_6922_1	37.1428571428571	0.125	0.25	0.75	T,G	0.75,0.25	NA
401	Tpa_6937_1	70.55	0.5	0	1	A,G	1,0	NA
402	Tpa_6963_1	53.5	0.1875	0	1	C,T	1,0	NA
403	Tpa_6973_1	39.1538461538462	0.15625	0.1	0.9	C,T	0.9,0.1	0
404	Tpa_7007_1	40.6666666666667	0.03125	0	1	A,G	0,1	NA
405	Tpa_7010_1	67.2	0.09375	0	1	T,C	0,1	NA
406	Tpa_7018_1	8	0.03125	0.5	0.5	G,C	0.5,0.5	0
407	Tpa_7052_1	43.3333333333333	0.5	0.0625	0.9375	A,T	0.94,0.06	0
408	Tpa_7058_1	41.9166666666667	0.15625	0	1	C,T	1,0	NA
409	Tpa_7062_1	33.6153846153846	0.1875	0.0833333333333333	0.916666666666667	C,T	0.92,0.08	0
410	Tpa_7080_1	23.0909090909091	0.125	0	1	G,C	0,1	NA
411	Tpa_7082_1	8.5	0.03125	0.5	0.5	G,A	0.5,0.5	0
412	Tpa_7090_1	53.5238095238095	0.375	0.0833333333333333	0.916666666666667	T,C	0.08,0.92	0
413	Tpa_7153_1	7.66666666666667	0.03125	0	1	G,A	1,0	NA
414	Tpa_7157_1	23.3333333333333	0.03125	0	1	T,G	1,0	NA
415	Tpa_7201_1	71.5	0.34375	0.0909090909090909	0.909090909090909	G,A	0.09,0.91	0.5
416	Tpa_7204_1	37.2857142857143	0.0625	0	1	G,A	0,1	NA
417	Tpa_7210_1	11.4	0.03125	0	1	T,A	0,1	NA
418	Tpa_7213_1	54.2592592592593	0.6875	0	1	T,G	0,1	NA
419	Tpa_7221_1	14	0.09375	0.333333333333333	0.666666666666667	G,A	0.33,0.67	NA
420	Tpa_7240_1	31.4230769230769	0.59375	0.0263157894736842	0.973684210526316	T,C	0.03,0.97	1
421	Tpa_7289_1	31	0.03125	0	1	C,T	1,0	NA
422	Tpa_7291_1	9	0.03125	0	1	A,G	1,0	NA
423	Tpa_7293_1	NA	0	NA	NA	A,C	NaN,NaN	NA
424	Tpa_7331_1	1	0	NA	NA	G,T	NaN,NaN	NA
425	Tpa_7348_1	40.9130434782609	0.46875	0.0666666666666667	0.933333333333333	A,T	0.93,0.07	0
426	Tpa_7352_1	NA	0	NA	NA	G,A	NaN,NaN	NA
427	Tpa_7367_1	62.695652173913	0.4375	0.0714285714285714	0.928571428571429	G,A	0.07,0.93	0
428	Tpa_7375_1	32.8235294117647	0.3125	0.3	0.7	C,T	0.7,0.3	0
429	Tpa_7406_1	NA	0	NA	NA	G,A	NaN,NaN	NA
430	Tpa_7413_1	1397	0.03125	0	1	T,C	0,1	NA
431	Tpa_7417_1	37	0.03125	0	1	G,A	0,1	NA
432	Tpa_7425_1	41.9166666666667	0.5	0.09375	0.90625	G,A	0.09,0.91	0
433	Tpa_7447_1	22	0.0625	0	1	G,A	0,1	NA
434	Tpa_7450_1	NA	0	NA	NA	A,C	NaN,NaN	NA
435	Tpa_7452_1	96.8888888888889	0.71875	0.0434782608695652	0.956521739130435	C,G	0.96,0.04	0
436	Tpa_7454_1	3	0.03125	0.5	0.5	T,G	0.5,0.5	0
437	Tpa_7461_1	11	0.03125	0	1	T,C	0,1	NA
438	Tpa_7477_1	29.5	0.1875	0.25	0.75	C,T	0.75,0.25	0.333333333333333
439	Tpa_7479_1	52.1428571428571	0.21875	0	1	G,A	0,1	NA
440	Tpa_7483_1	39.2	0.15625	0	1	G,A	0,1	NA
441	Tpa_7495_1	60.1	0.71875	0.0217391304347826	0.978260869565217	C,A	0.02,0.98	0
442	Tpa_7533_1	63.9259259259259	0.75	0.125	0.875	A,G	0.88,0.12	0
443	Tpa_7540_1	8	0.03125	0	1	G,T	1,0	NA
444	Tpa_7553_1	46.7391304347826	0.40625	0.0769230769230769	0.923076923076923	T,C	0.92,0.08	0
445	Tpa_7560_1	48.6923076923077	0.21875	0	1	T,C	0,1	NA
446	Tpa_7566_1	57.3333333333333	0.375	0.125	0.875	C,T	0.88,0.12	0
447	Tpa_7567_1	152.709677419355	0.9375	0.4	0.6	A,G	0.6,0.4	0.25
448	Tpa_7571_1	67.96	0.46875	0.166666666666667	0.833333333333333	G,A	0.17,0.83	0
449	Tpa_7586_1	51.037037037037	0.375	0.25	0.75	A,C	0.25,0.75	0
450	Tpa_7594_1	306.40625	0.96875	0.112903225806452	0.887096774193548	T,G	0.89,0.11	0.571428571428571
451	Tpa_7597_1	188.645161290323	0.96875	0.0161290322580645	0.983870967741935	T,G	0.02,0.98	0
452	Tpa_7601_1	NA	0	NA	NA	C,A	NaN,NaN	NA
453	Tpa_7604_1	197.875	0.6875	0	1	C,T	1,0	NA
454	Tpa_7605_1	6.4	0.03125	0.5	0.5	A,G	0.5,0.5	0
455	Tpa_7615_1	15.8333333333333	0.09375	0	1	C,G	1,0	NA
456	Tpa_7652_1	252.28125	0.9375	0.05	0.95	G,A	0.05,0.95	0.333333333333333
457	Tpa_7653_1	226.548387096774	0.96875	0.306451612903226	0.693548387096774	C,T	0.31,0.69	0
458	Tpa_7657_1	26.8333333333333	0.09375	0	1	G,A	0,1	NA
459	Tpa_7665_1	NA	0	NA	NA	A,T	NaN,NaN	NA
460	Tpa_7686_1	130.266666666667	0.90625	0.362068965517241	0.637931034482759	A,C	0.36,0.64	0.466666666666667
461	Tpa_7690_1	78.1851851851852	0.6875	0.0909090909090909	0.909090909090909	T,G	0.91,0.09	0
462	Tpa_7691_1	67.8	0.125	0.25	0.75	T,G	0.25,0.75	NA
463	Tpa_7703_1	93.2173913043478	0.5	0.03125	0.96875	G,T	0.97,0.03	0
464	Tpa_7757_1	1.5	0	NA	NA	A,T	NaN,NaN	NA
465	Tpa_7764_1	36.4	0.25	0.1875	0.8125	C,A	0.19,0.81	0.333333333333333
466	Tpa_7765_1	20	0.125	0	1	A,T	0,1	NA
467	Tpa_7769_1	4	0.03125	0	1	C,T	0,1	NA
468	Tpa_7772_1	NA	0	NA	NA	A,G	NaN,NaN	NA
469	Tpa_7798_1	43.4444444444444	0.09375	0.166666666666667	0.833333333333333	C,T	0.83,0.17	0
470	Tpa_7799_1	23.5	0.0625	0	1	A,G	1,0	NA
471	Tpa_7805_1	9.375	0.0625	0.25	0.75	G,A	0.25,0.75	0
472	Tpa_7807_1	7.83333333333333	0.0625	0	1	C,T	1,0	NA
473	Tpa_7814_1	26.75	0.09375	0.166666666666667	0.833333333333333	C,T	0.83,0.17	0
474	Tpa_7825_1	35.16	0.625	0	1	G,A	0,1	NA
475	Tpa_7848_1	9.63157894736842	0.4375	0.0357142857142857	0.964285714285714	T,C	0.96,0.04	0
476	Tpa_7910_1	33.0769230769231	0.125	0.25	0.75	C,T	0.75,0.25	0
